Table S5. Cellular Features within Each Developmental Fraction Extracted from Patient Mass Cytometry Data.,,,,,,,,,,,,,,,,,,,,,,,,,,,,,,,,,,,,,,,,,,,,,,,,,,,,,,,,,,,,,,,,,,,,,,,,,,,,,,,,,,,,,,,,,,,,,,,,,,,,,,,,,,,,,,,,,,,,,,,,,,,,,,,,,,,,,,,,,,,,,,,,,,,,,,,,,,,,,,,,,,,,,,,,,,,,,,,,,,,,,,,,,,,,,,,,,,,,,,,,,,,,,,,,,,,,,,,,,,,,,,,,,,,,,,,,,,,,,,,,,,,,,,,,,,,,,,,,,,,,,,,,,,,,,,,,,,,,,,,,,,,,,,,,,,,,,,,,,,,,,,,,,,,,,,,,,,,,,,,,,,,,,,,,,,,,,,,,,,,,,,,,,,,,,,,,,,,,,,,,,,,,,,,,,,,,,,,,,,,,,,,,,,,,,,,,,,,,,,,,,,,,,,,,,,,,,,,,,,,,,,,,,,,,,,,,,,,,,,,,,,,,,,,,,,,,,,,,,,,,,,,,,,,,,,,,,,,,,,,,,,,,,,,,,,,,,,,,,,,,,,,,,,,,,,,,,,,,,,,,,,,,,,,,,,,,,,,,,,,,,,,,,,,,,,,,,,,,,,,,,,,,,,,,,,,,,,,,,,,,,,,,,,,,,,,,,,,,,,,,,,,,,,,,,,,,,,,,,,,,,,,,,,,,,,,,,,,,,,,,,,,,,,,,,,,,,,,,,,,,,,,,,,,,,,,,,,,,,,,,,,,,,,,,,,,,,,,,,,,,,,,,,,,,,,,,,,,,,,,,,,,,,,,,,,,,,,,,,,,,,,,,,,,,,,,,,,,,,,,,,,,,,,,,,,,,,,,,,,,,,,,,,,,,,,,,,,,,,,,,,,,,,,,,,,,,,,,,,,,,,,,,,,,,,,,,,,,,,,,,,,,,,,,,,,,,,,,,,,,,,,,,,,,,,,,,,,,,,,,,,,,,,,,,,,,,,,,,,,,,,,,,,,,,,,,,,,,,,,,,,,,,,,,,,,,,,,,,,,,,,,,,,,,,,,,,,,,,,,,,,,,,,,,,,,,,,,,,,,,,,,,,,,,,,,,,,,,,,,,,,,,,,,,,,,,,,,,,,,,,,,,,,,,,,,,,,,,,,,,,,,,,,,,,,,,,,,,,,,,,,,,,,,,,,,,,,,,,,,,,,,,,,,,,,,,,,,,,,,,,,,,,,,,,,,,,,,,,,,,,,,,,,,,,,,,,,,,,,,,,,,,,,,,,,,,,,,,,,,,,,,,,,,,,,,,,,,,,,,,,,,,,,,,,,,,,,,,,,,,,,,,,,,,,,,,,,,,,,,,,,,,,,,,,,,,,,,,,,,,,,,,,,,,,,,,,,,,,,,,,,,,,,,,,,,,,,,,,,,,,,,,,,,,,,,,,,,,,,,,,,,,,,,,,,,,,,,,,,,,,,,,,,,,,,,,,,,,,,,,,,,,,,,,,,,,,,,,,,,,,,,,,,,,,,,,,,,,,,,,,,,,,,,,,,,,,,,,,,,,,,,,,,,,,,,,,,,,,,,,,,,,,,,,,,,,,,,,,,,,,,,,,,,,,,,,,,,,,,,,,,,,,,,,,,,,,,,,,,,,,,,,,,,,,,,,,,,,,,,,,,,,,,,,,,,,,,,,,,,,,,,,,,,,,,,,,,,,,,,,,,,,,,,,,,,,,,,,,,,,,,,,,,,,,,,,,,,,,,,,,,,,,,,,,,,,,,,,,,,,,,,,,,,,,,,,,,,,,,,,,,,,,,,,,,,,,,,,,,,,,,,,,,,,,,,,,,,,,,,,,,,,,,,,,,,,,,,,,,,,,,,,,,,,,,,,,,,,,,,,,,,,,,,,,,,,,,,,,,,,,,,,,,,,,,,,,,,,,,,,,,,,,,,,,,,,,,,,,,,,,,,,,,,,,,,,,,,,,,,,,,,,,,,,,,,,,,,,,,,,,,,,,,,,,,,,,,,,,,,,,,,,,,,,,,,,,,,,,,,,,,,,,,,,,,,,,,,,,,,,,,,,,,,,,,,,,,,,,,,,,,,,,,,,,,,,,,,,,,,,,,,,,,,,,,,,,,,,,,,,,,,,,,,,,,,,,,,,,,,,,,,,,,,,,,,,,,,,,,,,,,,,,,,,,,,,,,,,,,,,,,,,,,,,,,,,,,,,,,,,,,,,,,,,,,,,,,,,,,,,,,,,,,,,,,,,,,,,,,,,,,,,,,,,,,,,,,,,,,,,,,,,,,,,,,,,,,,,,,,,,,,,,,,,,,,,,,,,,,,,,,,,,,,,,,,,,,,,,,,,,,,,,,,,,,,,,,,,,,,,,,,,,,,,,,,,,,,,,,,,,,,,,,,,,,,,,,,,,,,,,,,,,,,,,,,,,,,,,,,,,,,,,,,,,,,,,,,,,,,,,,,,,,,,,,,,,,,,,,,,,,,,,,,,,,,,,,,,,,,,,,,,,,,,,,,,,,,,,,,,,,,,,,,,,,,,,,,,,,,,,,,,,,,,,,,,,,,,,,,,,,,,,,,,,,,,,,,,,,,,,,,,,,,,,,,,,,,,,,,,,,,,,,,,,,,,,,,,,,,,,,,,,,,,,,,,,,,,,,,,,,,,,,,,,,,,,,,,,,,,,,,,,,,,,,,,,,,,,,,,,,,,,,,,,,,,,,,,,,,,,,,,,,,,,,,,,,,,,,,,,,,,,,,,,,,,,,,,,,,,,,,,,,,,,,,,,,,,,,,,,,,,,,,,,,,,,,,,,,,,,,,,,,,,,,,,,,,,,,,,,,,,,,,,,,,,,,,,,,,,,,,,,,,,,,,,,,,,,,,,,,,,,,,,,,,,,,,,,,,,,,,,,,,,,,,,,,,,,,,,,,,,,,,,,,,,,,,,,,,,,,,,,,,,,,,,,,,,,,,,,,,,,,,,,,,,,,,,,,,,,,,,,,,,,,,,,,,,,,,,,,,,,,,,,,,,,,,,,,,,,,,,,,,,,,,,,,,,,,,,,,,,,,,,,,,,,,,,,,,,,,,,,,,,,,,,,,,,,,,,,,,,,,,,,,,,,,,,,,,,,,,,,,,,,,,,,,,,,,,,,,,,,,,,,,,,,,,,,,,,,,,,,,,,,,,,,,,,,,,,,,,,,,,,,,,,,,,,,,,,,,,,,,,,,,,,,,,,,,,,,,,,,,,,,,,,,,,,,,,,,,,,,,,,,,,,,,,,,,,,,,,,,,,,,,,,,,,,,,,,,,,,,,,,,,,,,,,,,,,,,,,,,,,,,,,,,,,,,,,,,,,,,,,,,,,,,,,,,,,,,,,,,,,,,,,,,,,,,,,,,,,,,,,,,,,,,,,,,,,,,,,,,,,,,,,,,,,,,,,,,,,,,,,,,,,,,,,,,,,,,,,,,,,,,,,,,,,,,,,,,,,,,,,,,,,,,,,,,,,,,,,,,,,,,,,,,,,,,,,,,,,,,,,,,,,,,,,,,,,,,,,,,,,,,,,,,,,,,,,,,,,,,,,,,,,,,,,,,,,,,,,,,,,,,,,,,,,,,,,,,,,,,,,,,,,,,,,,,,,,,,,,,,,,,,,,,,,,,,,,,,,,,,,,,,,,,,,,,,,,,,,,,,,,,,,,,,,,,,,,,,,,,,,,,,,,,,,,,,,,,,,,,,,,,,,,,,,,,,,,,,,,,,,,,,,,,,,,,,,,,,,,,,,,,,,,,,,,,,,,,,,,,,,,,,,,,,,,,,,,,,,,,,,,,,,,,,,,,,,,,,,,,,,,,,,,,,,,,,,,,,,,,,,,,,,,,,,,,,,,,,,,,,,,,,,,,,,,,,,,,,,,,,,,,,,,,,,,,,,,,,,,,,,,,,,,,,,,,,,,,,,,,,,,,,,,,,,,,,,,,,,,,,,,,,,,,,,,,,,,,,,,,,,,,,,,,,,,,,,,,,,,,,,,,,,,,,,,,,,,,,,,,,,,,,,,,,,,,,,,,,,,,,,,,,,,,,,,,,,,,Patient_ID,Pop_P_Pop1,CD19_Pop1,CD20_Pop1,CD24_Pop1,CD34_Pop1,CD38_Pop1,CD127_Pop1,CD179a_Pop1,CD179b_Pop1,IgMi_Pop1,IgMs_Pop1,TdT_Pop1,CD22_Pop1,tIkaros_Pop1,CD79b_Pop1,Ki67_Pop1,TSLPr_Pop1,RAG1_Pop1,CD123_Pop1,CD45_Pop1,CD10_Pop1,Pax5_Pop1,CD43_Pop1,CD58_Pop1,HLADR_Pop1,p4EBP1_FC_Basal_Pop1,pSTAT5_FC_Basal_Pop1,pPLCg1_2_FC_Basal_Pop1,pAkt_FC_Basal_Pop1,pSyk_FC_Basal_Pop1,pS6_FC_Basal_Pop1,pErk_FC_Basal_Pop1,pCreb_FC_Basal_Pop1,pIkaros_FC_Basal_Pop1,p4EBP1_dP_Basal_Pop1,pSTAT5_dP_Basal_Pop1,pPLCg1_2_dP_Basal_Pop1,pAkt_dP_Basal_Pop1,pSyk_dP_Basal_Pop1,pS6_dP_Basal_Pop1,pErk_dP_Basal_Pop1,pCreb_dP_Basal_Pop1,pIkaros_dP_Basal_Pop1,p4EBP1_FC_IL7_Pop1,pSTAT5_FC_IL7_Pop1,pPLCg1_2_FC_IL7_Pop1,pAkt_FC_IL7_Pop1,pSyk_FC_IL7_Pop1,pS6_FC_IL7_Pop1,pErk_FC_IL7_Pop1,pCreb_FC_IL7_Pop1,pIkaros_FC_IL7_Pop1,p4EBP1_dP_IL7_Pop1,pSTAT5_dP_IL7_Pop1,pPLCg1_2_dP_IL7_Pop1,pAkt_dP_IL7_Pop1,pSyk_dP_IL7_Pop1,pS6_dP_IL7_Pop1,pErk_dP_IL7_Pop1,pCreb_dP_IL7_Pop1,pIkaros_dP_IL7_Pop1,p4EBP1_FC_TSLP_Pop1,pSTAT5_FC_TSLP_Pop1,pPLCg1_2_FC_TSLP_Pop1,pAkt_FC_TSLP_Pop1,pSyk_FC_TSLP_Pop1,pS6_FC_TSLP_Pop1,pErk_FC_TSLP_Pop1,pCreb_FC_TSLP_Pop1,pIkaros_FC_TSLP_Pop1,p4EBP1_dP_TSLP_Pop1,pSTAT5_dP_TSLP_Pop1,pPLCg1_2_dP_TSLP_Pop1,pAkt_dP_TSLP_Pop1,pSyk_dP_TSLP_Pop1,pS6_dP_TSLP_Pop1,pErk_dP_TSLP_Pop1,pCreb_dP_TSLP_Pop1,pIkaros_dP_TSLP_Pop1,p4EBP1_FC_BCR_Pop1,pSTAT5_FC_BCR_Pop1,pPLCg1_2_FC_BCR_Pop1,pAkt_FC_BCR_Pop1,pSyk_FC_BCR_Pop1,pS6_FC_BCR_Pop1,pErk_FC_BCR_Pop1,pCreb_FC_BCR_Pop1,pIkaros_FC_BCR_Pop1,p4EBP1_dP_BCR_Pop1,pSTAT5_dP_BCR_Pop1,pPLCg1_2_dP_BCR_Pop1,pAkt_dP_BCR_Pop1,pSyk_dP_BCR_Pop1,pS6_dP_BCR_Pop1,pErk_dP_BCR_Pop1,pCreb_dP_BCR_Pop1,pIkaros_dP_BCR_Pop1,p4EBP1_FC_PVO4_Pop1,pSTAT5_FC_PVO4_Pop1,pPLCg1_2_FC_PVO4_Pop1,pAkt_FC_PVO4_Pop1,pSyk_FC_PVO4_Pop1,pS6_FC_PVO4_Pop1,pErk_FC_PVO4_Pop1,pCreb_FC_PVO4_Pop1,pIkaros_FC_PVO4_Pop1,p4EBP1_dP_PVO4_Pop1,pSTAT5_dP_PVO4_Pop1,pPLCg1_2_dP_PVO4_Pop1,pAkt_dP_PVO4_Pop1,pSyk_dP_PVO4_Pop1,pS6_dP_PVO4_Pop1,pErk_dP_PVO4_Pop1,pCreb_dP_PVO4_Pop1,pIkaros_dP_PVO4_Pop1,Pop_P_Pop2,CD19_Pop2,CD20_Pop2,CD24_Pop2,CD34_Pop2,CD38_Pop2,CD127_Pop2,CD179a_Pop2,CD179b_Pop2,IgMi_Pop2,IgMs_Pop2,TdT_Pop2,CD22_Pop2,tIkaros_Pop2,CD79b_Pop2,Ki67_Pop2,TSLPr_Pop2,RAG1_Pop2,CD123_Pop2,CD45_Pop2,CD10_Pop2,Pax5_Pop2,CD43_Pop2,CD58_Pop2,HLADR_Pop2,p4EBP1_FC_Basal_Pop2,pSTAT5_FC_Basal_Pop2,pPLCg1_2_FC_Basal_Pop2,pAkt_FC_Basal_Pop2,pSyk_FC_Basal_Pop2,pS6_FC_Basal_Pop2,pErk_FC_Basal_Pop2,pCreb_FC_Basal_Pop2,pIkaros_FC_Basal_Pop2,p4EBP1_dP_Basal_Pop2,pSTAT5_dP_Basal_Pop2,pPLCg1_2_dP_Basal_Pop2,pAkt_dP_Basal_Pop2,pSyk_dP_Basal_Pop2,pS6_dP_Basal_Pop2,pErk_dP_Basal_Pop2,pCreb_dP_Basal_Pop2,pIkaros_dP_Basal_Pop2,p4EBP1_FC_IL7_Pop2,pSTAT5_FC_IL7_Pop2,pPLCg1_2_FC_IL7_Pop2,pAkt_FC_IL7_Pop2,pSyk_FC_IL7_Pop2,pS6_FC_IL7_Pop2,pErk_FC_IL7_Pop2,pCreb_FC_IL7_Pop2,pIkaros_FC_IL7_Pop2,p4EBP1_dP_IL7_Pop2,pSTAT5_dP_IL7_Pop2,pPLCg1_2_dP_IL7_Pop2,pAkt_dP_IL7_Pop2,pSyk_dP_IL7_Pop2,pS6_dP_IL7_Pop2,pErk_dP_IL7_Pop2,pCreb_dP_IL7_Pop2,pIkaros_dP_IL7_Pop2,p4EBP1_FC_TSLP_Pop2,pSTAT5_FC_TSLP_Pop2,pPLCg1_2_FC_TSLP_Pop2,pAkt_FC_TSLP_Pop2,pSyk_FC_TSLP_Pop2,pS6_FC_TSLP_Pop2,pErk_FC_TSLP_Pop2,pCreb_FC_TSLP_Pop2,pIkaros_FC_TSLP_Pop2,p4EBP1_dP_TSLP_Pop2,pSTAT5_dP_TSLP_Pop2,pPLCg1_2_dP_TSLP_Pop2,pAkt_dP_TSLP_Pop2,pSyk_dP_TSLP_Pop2,pS6_dP_TSLP_Pop2,pErk_dP_TSLP_Pop2,pCreb_dP_TSLP_Pop2,pIkaros_dP_TSLP_Pop2,p4EBP1_FC_BCR_Pop2,pSTAT5_FC_BCR_Pop2,pPLCg1_2_FC_BCR_Pop2,pAkt_FC_BCR_Pop2,pSyk_FC_BCR_Pop2,pS6_FC_BCR_Pop2,pErk_FC_BCR_Pop2,pCreb_FC_BCR_Pop2,pIkaros_FC_BCR_Pop2,p4EBP1_dP_BCR_Pop2,pSTAT5_dP_BCR_Pop2,pPLCg1_2_dP_BCR_Pop2,pAkt_dP_BCR_Pop2,pSyk_dP_BCR_Pop2,pS6_dP_BCR_Pop2,pErk_dP_BCR_Pop2,pCreb_dP_BCR_Pop2,pIkaros_dP_BCR_Pop2,p4EBP1_FC_PVO4_Pop2,pSTAT5_FC_PVO4_Pop2,pPLCg1_2_FC_PVO4_Pop2,pAkt_FC_PVO4_Pop2,pSyk_FC_PVO4_Pop2,pS6_FC_PVO4_Pop2,pErk_FC_PVO4_Pop2,pCreb_FC_PVO4_Pop2,pIkaros_FC_PVO4_Pop2,p4EBP1_dP_PVO4_Pop2,pSTAT5_dP_PVO4_Pop2,pPLCg1_2_dP_PVO4_Pop2,pAkt_dP_PVO4_Pop2,pSyk_dP_PVO4_Pop2,pS6_dP_PVO4_Pop2,pErk_dP_PVO4_Pop2,pCreb_dP_PVO4_Pop2,pIkaros_dP_PVO4_Pop2,Pop_P_Pop3,CD19_Pop3,CD20_Pop3,CD24_Pop3,CD34_Pop3,CD38_Pop3,CD127_Pop3,CD179a_Pop3,CD179b_Pop3,IgMi_Pop3,IgMs_Pop3,TdT_Pop3,CD22_Pop3,tIkaros_Pop3,CD79b_Pop3,Ki67_Pop3,TSLPr_Pop3,RAG1_Pop3,CD123_Pop3,CD45_Pop3,CD10_Pop3,Pax5_Pop3,CD43_Pop3,CD58_Pop3,HLADR_Pop3,p4EBP1_FC_Basal_Pop3,pSTAT5_FC_Basal_Pop3,pPLCg1_2_FC_Basal_Pop3,pAkt_FC_Basal_Pop3,pSyk_FC_Basal_Pop3,pS6_FC_Basal_Pop3,pErk_FC_Basal_Pop3,pCreb_FC_Basal_Pop3,pIkaros_FC_Basal_Pop3,p4EBP1_dP_Basal_Pop3,pSTAT5_dP_Basal_Pop3,pPLCg1_2_dP_Basal_Pop3,pAkt_dP_Basal_Pop3,pSyk_dP_Basal_Pop3,pS6_dP_Basal_Pop3,pErk_dP_Basal_Pop3,pCreb_dP_Basal_Pop3,pIkaros_dP_Basal_Pop3,p4EBP1_FC_IL7_Pop3,pSTAT5_FC_IL7_Pop3,pPLCg1_2_FC_IL7_Pop3,pAkt_FC_IL7_Pop3,pSyk_FC_IL7_Pop3,pS6_FC_IL7_Pop3,pErk_FC_IL7_Pop3,pCreb_FC_IL7_Pop3,pIkaros_FC_IL7_Pop3,p4EBP1_dP_IL7_Pop3,pSTAT5_dP_IL7_Pop3,pPLCg1_2_dP_IL7_Pop3,pAkt_dP_IL7_Pop3,pSyk_dP_IL7_Pop3,pS6_dP_IL7_Pop3,pErk_dP_IL7_Pop3,pCreb_dP_IL7_Pop3,pIkaros_dP_IL7_Pop3,p4EBP1_FC_TSLP_Pop3,pSTAT5_FC_TSLP_Pop3,pPLCg1_2_FC_TSLP_Pop3,pAkt_FC_TSLP_Pop3,pSyk_FC_TSLP_Pop3,pS6_FC_TSLP_Pop3,pErk_FC_TSLP_Pop3,pCreb_FC_TSLP_Pop3,pIkaros_FC_TSLP_Pop3,p4EBP1_dP_TSLP_Pop3,pSTAT5_dP_TSLP_Pop3,pPLCg1_2_dP_TSLP_Pop3,pAkt_dP_TSLP_Pop3,pSyk_dP_TSLP_Pop3,pS6_dP_TSLP_Pop3,pErk_dP_TSLP_Pop3,pCreb_dP_TSLP_Pop3,pIkaros_dP_TSLP_Pop3,p4EBP1_FC_BCR_Pop3,pSTAT5_FC_BCR_Pop3,pPLCg1_2_FC_BCR_Pop3,pAkt_FC_BCR_Pop3,pSyk_FC_BCR_Pop3,pS6_FC_BCR_Pop3,pErk_FC_BCR_Pop3,pCreb_FC_BCR_Pop3,pIkaros_FC_BCR_Pop3,p4EBP1_dP_BCR_Pop3,pSTAT5_dP_BCR_Pop3,pPLCg1_2_dP_BCR_Pop3,pAkt_dP_BCR_Pop3,pSyk_dP_BCR_Pop3,pS6_dP_BCR_Pop3,pErk_dP_BCR_Pop3,pCreb_dP_BCR_Pop3,pIkaros_dP_BCR_Pop3,p4EBP1_FC_PVO4_Pop3,pSTAT5_FC_PVO4_Pop3,pPLCg1_2_FC_PVO4_Pop3,pAkt_FC_PVO4_Pop3,pSyk_FC_PVO4_Pop3,pS6_FC_PVO4_Pop3,pErk_FC_PVO4_Pop3,pCreb_FC_PVO4_Pop3,pIkaros_FC_PVO4_Pop3,p4EBP1_dP_PVO4_Pop3,pSTAT5_dP_PVO4_Pop3,pPLCg1_2_dP_PVO4_Pop3,pAkt_dP_PVO4_Pop3,pSyk_dP_PVO4_Pop3,pS6_dP_PVO4_Pop3,pErk_dP_PVO4_Pop3,pCreb_dP_PVO4_Pop3,pIkaros_dP_PVO4_Pop3,Pop_P_Pop4,CD19_Pop4,CD20_Pop4,CD24_Pop4,CD34_Pop4,CD38_Pop4,CD127_Pop4,CD179a_Pop4,CD179b_Pop4,IgMi_Pop4,IgMs_Pop4,TdT_Pop4,CD22_Pop4,tIkaros_Pop4,CD79b_Pop4,Ki67_Pop4,TSLPr_Pop4,RAG1_Pop4,CD123_Pop4,CD45_Pop4,CD10_Pop4,Pax5_Pop4,CD43_Pop4,CD58_Pop4,HLADR_Pop4,p4EBP1_FC_Basal_Pop4,pSTAT5_FC_Basal_Pop4,pPLCg1_2_FC_Basal_Pop4,pAkt_FC_Basal_Pop4,pSyk_FC_Basal_Pop4,pS6_FC_Basal_Pop4,pErk_FC_Basal_Pop4,pCreb_FC_Basal_Pop4,pIkaros_FC_Basal_Pop4,p4EBP1_dP_Basal_Pop4,pSTAT5_dP_Basal_Pop4,pPLCg1_2_dP_Basal_Pop4,pAkt_dP_Basal_Pop4,pSyk_dP_Basal_Pop4,pS6_dP_Basal_Pop4,pErk_dP_Basal_Pop4,pCreb_dP_Basal_Pop4,pIkaros_dP_Basal_Pop4,p4EBP1_FC_IL7_Pop4,pSTAT5_FC_IL7_Pop4,pPLCg1_2_FC_IL7_Pop4,pAkt_FC_IL7_Pop4,pSyk_FC_IL7_Pop4,pS6_FC_IL7_Pop4,pErk_FC_IL7_Pop4,pCreb_FC_IL7_Pop4,pIkaros_FC_IL7_Pop4,p4EBP1_dP_IL7_Pop4,pSTAT5_dP_IL7_Pop4,pPLCg1_2_dP_IL7_Pop4,pAkt_dP_IL7_Pop4,pSyk_dP_IL7_Pop4,pS6_dP_IL7_Pop4,pErk_dP_IL7_Pop4,pCreb_dP_IL7_Pop4,pIkaros_dP_IL7_Pop4,p4EBP1_FC_TSLP_Pop4,pSTAT5_FC_TSLP_Pop4,pPLCg1_2_FC_TSLP_Pop4,pAkt_FC_TSLP_Pop4,pSyk_FC_TSLP_Pop4,pS6_FC_TSLP_Pop4,pErk_FC_TSLP_Pop4,pCreb_FC_TSLP_Pop4,pIkaros_FC_TSLP_Pop4,p4EBP1_dP_TSLP_Pop4,pSTAT5_dP_TSLP_Pop4,pPLCg1_2_dP_TSLP_Pop4,pAkt_dP_TSLP_Pop4,pSyk_dP_TSLP_Pop4,pS6_dP_TSLP_Pop4,pErk_dP_TSLP_Pop4,pCreb_dP_TSLP_Pop4,pIkaros_dP_TSLP_Pop4,p4EBP1_FC_BCR_Pop4,pSTAT5_FC_BCR_Pop4,pPLCg1_2_FC_BCR_Pop4,pAkt_FC_BCR_Pop4,pSyk_FC_BCR_Pop4,pS6_FC_BCR_Pop4,pErk_FC_BCR_Pop4,pCreb_FC_BCR_Pop4,pIkaros_FC_BCR_Pop4,p4EBP1_dP_BCR_Pop4,pSTAT5_dP_BCR_Pop4,pPLCg1_2_dP_BCR_Pop4,pAkt_dP_BCR_Pop4,pSyk_dP_BCR_Pop4,pS6_dP_BCR_Pop4,pErk_dP_BCR_Pop4,pCreb_dP_BCR_Pop4,pIkaros_dP_BCR_Pop4,p4EBP1_FC_PVO4_Pop4,pSTAT5_FC_PVO4_Pop4,pPLCg1_2_FC_PVO4_Pop4,pAkt_FC_PVO4_Pop4,pSyk_FC_PVO4_Pop4,pS6_FC_PVO4_Pop4,pErk_FC_PVO4_Pop4,pCreb_FC_PVO4_Pop4,pIkaros_FC_PVO4_Pop4,p4EBP1_dP_PVO4_Pop4,pSTAT5_dP_PVO4_Pop4,pPLCg1_2_dP_PVO4_Pop4,pAkt_dP_PVO4_Pop4,pSyk_dP_PVO4_Pop4,pS6_dP_PVO4_Pop4,pErk_dP_PVO4_Pop4,pCreb_dP_PVO4_Pop4,pIkaros_dP_PVO4_Pop4,Pop_P_Pop5,CD19_Pop5,CD20_Pop5,CD24_Pop5,CD34_Pop5,CD38_Pop5,CD127_Pop5,CD179a_Pop5,CD179b_Pop5,IgMi_Pop5,IgMs_Pop5,TdT_Pop5,CD22_Pop5,tIkaros_Pop5,CD79b_Pop5,Ki67_Pop5,TSLPr_Pop5,RAG1_Pop5,CD123_Pop5,CD45_Pop5,CD10_Pop5,Pax5_Pop5,CD43_Pop5,CD58_Pop5,HLADR_Pop5,p4EBP1_FC_Basal_Pop5,pSTAT5_FC_Basal_Pop5,pPLCg1_2_FC_Basal_Pop5,pAkt_FC_Basal_Pop5,pSyk_FC_Basal_Pop5,pS6_FC_Basal_Pop5,pErk_FC_Basal_Pop5,pCreb_FC_Basal_Pop5,pIkaros_FC_Basal_Pop5,p4EBP1_dP_Basal_Pop5,pSTAT5_dP_Basal_Pop5,pPLCg1_2_dP_Basal_Pop5,pAkt_dP_Basal_Pop5,pSyk_dP_Basal_Pop5,pS6_dP_Basal_Pop5,pErk_dP_Basal_Pop5,pCreb_dP_Basal_Pop5,pIkaros_dP_Basal_Pop5,p4EBP1_FC_IL7_Pop5,pSTAT5_FC_IL7_Pop5,pPLCg1_2_FC_IL7_Pop5,pAkt_FC_IL7_Pop5,pSyk_FC_IL7_Pop5,pS6_FC_IL7_Pop5,pErk_FC_IL7_Pop5,pCreb_FC_IL7_Pop5,pIkaros_FC_IL7_Pop5,p4EBP1_dP_IL7_Pop5,pSTAT5_dP_IL7_Pop5,pPLCg1_2_dP_IL7_Pop5,pAkt_dP_IL7_Pop5,pSyk_dP_IL7_Pop5,pS6_dP_IL7_Pop5,pErk_dP_IL7_Pop5,pCreb_dP_IL7_Pop5,pIkaros_dP_IL7_Pop5,p4EBP1_FC_TSLP_Pop5,pSTAT5_FC_TSLP_Pop5,pPLCg1_2_FC_TSLP_Pop5,pAkt_FC_TSLP_Pop5,pSyk_FC_TSLP_Pop5,pS6_FC_TSLP_Pop5,pErk_FC_TSLP_Pop5,pCreb_FC_TSLP_Pop5,pIkaros_FC_TSLP_Pop5,p4EBP1_dP_TSLP_Pop5,pSTAT5_dP_TSLP_Pop5,pPLCg1_2_dP_TSLP_Pop5,pAkt_dP_TSLP_Pop5,pSyk_dP_TSLP_Pop5,pS6_dP_TSLP_Pop5,pErk_dP_TSLP_Pop5,pCreb_dP_TSLP_Pop5,pIkaros_dP_TSLP_Pop5,p4EBP1_FC_BCR_Pop5,pSTAT5_FC_BCR_Pop5,pPLCg1_2_FC_BCR_Pop5,pAkt_FC_BCR_Pop5,pSyk_FC_BCR_Pop5,pS6_FC_BCR_Pop5,pErk_FC_BCR_Pop5,pCreb_FC_BCR_Pop5,pIkaros_FC_BCR_Pop5,p4EBP1_dP_BCR_Pop5,pSTAT5_dP_BCR_Pop5,pPLCg1_2_dP_BCR_Pop5,pAkt_dP_BCR_Pop5,pSyk_dP_BCR_Pop5,pS6_dP_BCR_Pop5,pErk_dP_BCR_Pop5,pCreb_dP_BCR_Pop5,pIkaros_dP_BCR_Pop5,p4EBP1_FC_PVO4_Pop5,pSTAT5_FC_PVO4_Pop5,pPLCg1_2_FC_PVO4_Pop5,pAkt_FC_PVO4_Pop5,pSyk_FC_PVO4_Pop5,pS6_FC_PVO4_Pop5,pErk_FC_PVO4_Pop5,pCreb_FC_PVO4_Pop5,pIkaros_FC_PVO4_Pop5,p4EBP1_dP_PVO4_Pop5,pSTAT5_dP_PVO4_Pop5,pPLCg1_2_dP_PVO4_Pop5,pAkt_dP_PVO4_Pop5,pSyk_dP_PVO4_Pop5,pS6_dP_PVO4_Pop5,pErk_dP_PVO4_Pop5,pCreb_dP_PVO4_Pop5,pIkaros_dP_PVO4_Pop5,Pop_P_Pop6,CD19_Pop6,CD20_Pop6,CD24_Pop6,CD34_Pop6,CD38_Pop6,CD127_Pop6,CD179a_Pop6,CD179b_Pop6,IgMi_Pop6,IgMs_Pop6,TdT_Pop6,CD22_Pop6,tIkaros_Pop6,CD79b_Pop6,Ki67_Pop6,TSLPr_Pop6,RAG1_Pop6,CD123_Pop6,CD45_Pop6,CD10_Pop6,Pax5_Pop6,CD43_Pop6,CD58_Pop6,HLADR_Pop6,p4EBP1_FC_Basal_Pop6,pSTAT5_FC_Basal_Pop6,pPLCg1_2_FC_Basal_Pop6,pAkt_FC_Basal_Pop6,pSyk_FC_Basal_Pop6,pS6_FC_Basal_Pop6,pErk_FC_Basal_Pop6,pCreb_FC_Basal_Pop6,pIkaros_FC_Basal_Pop6,p4EBP1_dP_Basal_Pop6,pSTAT5_dP_Basal_Pop6,pPLCg1_2_dP_Basal_Pop6,pAkt_dP_Basal_Pop6,pSyk_dP_Basal_Pop6,pS6_dP_Basal_Pop6,pErk_dP_Basal_Pop6,pCreb_dP_Basal_Pop6,pIkaros_dP_Basal_Pop6,p4EBP1_FC_IL7_Pop6,pSTAT5_FC_IL7_Pop6,pPLCg1_2_FC_IL7_Pop6,pAkt_FC_IL7_Pop6,pSyk_FC_IL7_Pop6,pS6_FC_IL7_Pop6,pErk_FC_IL7_Pop6,pCreb_FC_IL7_Pop6,pIkaros_FC_IL7_Pop6,p4EBP1_dP_IL7_Pop6,pSTAT5_dP_IL7_Pop6,pPLCg1_2_dP_IL7_Pop6,pAkt_dP_IL7_Pop6,pSyk_dP_IL7_Pop6,pS6_dP_IL7_Pop6,pErk_dP_IL7_Pop6,pCreb_dP_IL7_Pop6,pIkaros_dP_IL7_Pop6,p4EBP1_FC_TSLP_Pop6,pSTAT5_FC_TSLP_Pop6,pPLCg1_2_FC_TSLP_Pop6,pAkt_FC_TSLP_Pop6,pSyk_FC_TSLP_Pop6,pS6_FC_TSLP_Pop6,pErk_FC_TSLP_Pop6,pCreb_FC_TSLP_Pop6,pIkaros_FC_TSLP_Pop6,p4EBP1_dP_TSLP_Pop6,pSTAT5_dP_TSLP_Pop6,pPLCg1_2_dP_TSLP_Pop6,pAkt_dP_TSLP_Pop6,pSyk_dP_TSLP_Pop6,pS6_dP_TSLP_Pop6,pErk_dP_TSLP_Pop6,pCreb_dP_TSLP_Pop6,pIkaros_dP_TSLP_Pop6,p4EBP1_FC_BCR_Pop6,pSTAT5_FC_BCR_Pop6,pPLCg1_2_FC_BCR_Pop6,pAkt_FC_BCR_Pop6,pSyk_FC_BCR_Pop6,pS6_FC_BCR_Pop6,pErk_FC_BCR_Pop6,pCreb_FC_BCR_Pop6,pIkaros_FC_BCR_Pop6,p4EBP1_dP_BCR_Pop6,pSTAT5_dP_BCR_Pop6,pPLCg1_2_dP_BCR_Pop6,pAkt_dP_BCR_Pop6,pSyk_dP_BCR_Pop6,pS6_dP_BCR_Pop6,pErk_dP_BCR_Pop6,pCreb_dP_BCR_Pop6,pIkaros_dP_BCR_Pop6,p4EBP1_FC_PVO4_Pop6,pSTAT5_FC_PVO4_Pop6,pPLCg1_2_FC_PVO4_Pop6,pAkt_FC_PVO4_Pop6,pSyk_FC_PVO4_Pop6,pS6_FC_PVO4_Pop6,pErk_FC_PVO4_Pop6,pCreb_FC_PVO4_Pop6,pIkaros_FC_PVO4_Pop6,p4EBP1_dP_PVO4_Pop6,pSTAT5_dP_PVO4_Pop6,pPLCg1_2_dP_PVO4_Pop6,pAkt_dP_PVO4_Pop6,pSyk_dP_PVO4_Pop6,pS6_dP_PVO4_Pop6,pErk_dP_PVO4_Pop6,pCreb_dP_PVO4_Pop6,pIkaros_dP_PVO4_Pop6,Pop_P_Pop7,CD19_Pop7,CD20_Pop7,CD24_Pop7,CD34_Pop7,CD38_Pop7,CD127_Pop7,CD179a_Pop7,CD179b_Pop7,IgMi_Pop7,IgMs_Pop7,TdT_Pop7,CD22_Pop7,tIkaros_Pop7,CD79b_Pop7,Ki67_Pop7,TSLPr_Pop7,RAG1_Pop7,CD123_Pop7,CD45_Pop7,CD10_Pop7,Pax5_Pop7,CD43_Pop7,CD58_Pop7,HLADR_Pop7,p4EBP1_FC_Basal_Pop7,pSTAT5_FC_Basal_Pop7,pPLCg1_2_FC_Basal_Pop7,pAkt_FC_Basal_Pop7,pSyk_FC_Basal_Pop7,pS6_FC_Basal_Pop7,pErk_FC_Basal_Pop7,pCreb_FC_Basal_Pop7,pIkaros_FC_Basal_Pop7,p4EBP1_dP_Basal_Pop7,pSTAT5_dP_Basal_Pop7,pPLCg1_2_dP_Basal_Pop7,pAkt_dP_Basal_Pop7,pSyk_dP_Basal_Pop7,pS6_dP_Basal_Pop7,pErk_dP_Basal_Pop7,pCreb_dP_Basal_Pop7,pIkaros_dP_Basal_Pop7,p4EBP1_FC_IL7_Pop7,pSTAT5_FC_IL7_Pop7,pPLCg1_2_FC_IL7_Pop7,pAkt_FC_IL7_Pop7,pSyk_FC_IL7_Pop7,pS6_FC_IL7_Pop7,pErk_FC_IL7_Pop7,pCreb_FC_IL7_Pop7,pIkaros_FC_IL7_Pop7,p4EBP1_dP_IL7_Pop7,pSTAT5_dP_IL7_Pop7,pPLCg1_2_dP_IL7_Pop7,pAkt_dP_IL7_Pop7,pSyk_dP_IL7_Pop7,pS6_dP_IL7_Pop7,pErk_dP_IL7_Pop7,pCreb_dP_IL7_Pop7,pIkaros_dP_IL7_Pop7,p4EBP1_FC_TSLP_Pop7,pSTAT5_FC_TSLP_Pop7,pPLCg1_2_FC_TSLP_Pop7,pAkt_FC_TSLP_Pop7,pSyk_FC_TSLP_Pop7,pS6_FC_TSLP_Pop7,pErk_FC_TSLP_Pop7,pCreb_FC_TSLP_Pop7,pIkaros_FC_TSLP_Pop7,p4EBP1_dP_TSLP_Pop7,pSTAT5_dP_TSLP_Pop7,pPLCg1_2_dP_TSLP_Pop7,pAkt_dP_TSLP_Pop7,pSyk_dP_TSLP_Pop7,pS6_dP_TSLP_Pop7,pErk_dP_TSLP_Pop7,pCreb_dP_TSLP_Pop7,pIkaros_dP_TSLP_Pop7,p4EBP1_FC_BCR_Pop7,pSTAT5_FC_BCR_Pop7,pPLCg1_2_FC_BCR_Pop7,pAkt_FC_BCR_Pop7,pSyk_FC_BCR_Pop7,pS6_FC_BCR_Pop7,pErk_FC_BCR_Pop7,pCreb_FC_BCR_Pop7,pIkaros_FC_BCR_Pop7,p4EBP1_dP_BCR_Pop7,pSTAT5_dP_BCR_Pop7,pPLCg1_2_dP_BCR_Pop7,pAkt_dP_BCR_Pop7,pSyk_dP_BCR_Pop7,pS6_dP_BCR_Pop7,pErk_dP_BCR_Pop7,pCreb_dP_BCR_Pop7,pIkaros_dP_BCR_Pop7,p4EBP1_FC_PVO4_Pop7,pSTAT5_FC_PVO4_Pop7,pPLCg1_2_FC_PVO4_Pop7,pAkt_FC_PVO4_Pop7,pSyk_FC_PVO4_Pop7,pS6_FC_PVO4_Pop7,pErk_FC_PVO4_Pop7,pCreb_FC_PVO4_Pop7,pIkaros_FC_PVO4_Pop7,p4EBP1_dP_PVO4_Pop7,pSTAT5_dP_PVO4_Pop7,pPLCg1_2_dP_PVO4_Pop7,pAkt_dP_PVO4_Pop7,pSyk_dP_PVO4_Pop7,pS6_dP_PVO4_Pop7,pErk_dP_PVO4_Pop7,pCreb_dP_PVO4_Pop7,pIkaros_dP_PVO4_Pop7,Pop_P_Pop8,CD19_Pop8,CD20_Pop8,CD24_Pop8,CD34_Pop8,CD38_Pop8,CD127_Pop8,CD179a_Pop8,CD179b_Pop8,IgMi_Pop8,IgMs_Pop8,TdT_Pop8,CD22_Pop8,tIkaros_Pop8,CD79b_Pop8,Ki67_Pop8,TSLPr_Pop8,RAG1_Pop8,CD123_Pop8,CD45_Pop8,CD10_Pop8,Pax5_Pop8,CD43_Pop8,CD58_Pop8,HLADR_Pop8,p4EBP1_FC_Basal_Pop8,pSTAT5_FC_Basal_Pop8,pPLCg1_2_FC_Basal_Pop8,pAkt_FC_Basal_Pop8,pSyk_FC_Basal_Pop8,pS6_FC_Basal_Pop8,pErk_FC_Basal_Pop8,pCreb_FC_Basal_Pop8,pIkaros_FC_Basal_Pop8,p4EBP1_dP_Basal_Pop8,pSTAT5_dP_Basal_Pop8,pPLCg1_2_dP_Basal_Pop8,pAkt_dP_Basal_Pop8,pSyk_dP_Basal_Pop8,pS6_dP_Basal_Pop8,pErk_dP_Basal_Pop8,pCreb_dP_Basal_Pop8,pIkaros_dP_Basal_Pop8,p4EBP1_FC_IL7_Pop8,pSTAT5_FC_IL7_Pop8,pPLCg1_2_FC_IL7_Pop8,pAkt_FC_IL7_Pop8,pSyk_FC_IL7_Pop8,pS6_FC_IL7_Pop8,pErk_FC_IL7_Pop8,pCreb_FC_IL7_Pop8,pIkaros_FC_IL7_Pop8,p4EBP1_dP_IL7_Pop8,pSTAT5_dP_IL7_Pop8,pPLCg1_2_dP_IL7_Pop8,pAkt_dP_IL7_Pop8,pSyk_dP_IL7_Pop8,pS6_dP_IL7_Pop8,pErk_dP_IL7_Pop8,pCreb_dP_IL7_Pop8,pIkaros_dP_IL7_Pop8,p4EBP1_FC_TSLP_Pop8,pSTAT5_FC_TSLP_Pop8,pPLCg1_2_FC_TSLP_Pop8,pAkt_FC_TSLP_Pop8,pSyk_FC_TSLP_Pop8,pS6_FC_TSLP_Pop8,pErk_FC_TSLP_Pop8,pCreb_FC_TSLP_Pop8,pIkaros_FC_TSLP_Pop8,p4EBP1_dP_TSLP_Pop8,pSTAT5_dP_TSLP_Pop8,pPLCg1_2_dP_TSLP_Pop8,pAkt_dP_TSLP_Pop8,pSyk_dP_TSLP_Pop8,pS6_dP_TSLP_Pop8,pErk_dP_TSLP_Pop8,pCreb_dP_TSLP_Pop8,pIkaros_dP_TSLP_Pop8,p4EBP1_FC_BCR_Pop8,pSTAT5_FC_BCR_Pop8,pPLCg1_2_FC_BCR_Pop8,pAkt_FC_BCR_Pop8,pSyk_FC_BCR_Pop8,pS6_FC_BCR_Pop8,pErk_FC_BCR_Pop8,pCreb_FC_BCR_Pop8,pIkaros_FC_BCR_Pop8,p4EBP1_dP_BCR_Pop8,pSTAT5_dP_BCR_Pop8,pPLCg1_2_dP_BCR_Pop8,pAkt_dP_BCR_Pop8,pSyk_dP_BCR_Pop8,pS6_dP_BCR_Pop8,pErk_dP_BCR_Pop8,pCreb_dP_BCR_Pop8,pIkaros_dP_BCR_Pop8,p4EBP1_FC_PVO4_Pop8,pSTAT5_FC_PVO4_Pop8,pPLCg1_2_FC_PVO4_Pop8,pAkt_FC_PVO4_Pop8,pSyk_FC_PVO4_Pop8,pS6_FC_PVO4_Pop8,pErk_FC_PVO4_Pop8,pCreb_FC_PVO4_Pop8,pIkaros_FC_PVO4_Pop8,p4EBP1_dP_PVO4_Pop8,pSTAT5_dP_PVO4_Pop8,pPLCg1_2_dP_PVO4_Pop8,pAkt_dP_PVO4_Pop8,pSyk_dP_PVO4_Pop8,pS6_dP_PVO4_Pop8,pErk_dP_PVO4_Pop8,pCreb_dP_PVO4_Pop8,pIkaros_dP_PVO4_Pop8,Pop_P_Pop9,CD19_Pop9,CD20_Pop9,CD24_Pop9,CD34_Pop9,CD38_Pop9,CD127_Pop9,CD179a_Pop9,CD179b_Pop9,IgMi_Pop9,IgMs_Pop9,TdT_Pop9,CD22_Pop9,tIkaros_Pop9,CD79b_Pop9,Ki67_Pop9,TSLPr_Pop9,RAG1_Pop9,CD123_Pop9,CD45_Pop9,CD10_Pop9,Pax5_Pop9,CD43_Pop9,CD58_Pop9,HLADR_Pop9,p4EBP1_FC_Basal_Pop9,pSTAT5_FC_Basal_Pop9,pPLCg1_2_FC_Basal_Pop9,pAkt_FC_Basal_Pop9,pSyk_FC_Basal_Pop9,pS6_FC_Basal_Pop9,pErk_FC_Basal_Pop9,pCreb_FC_Basal_Pop9,pIkaros_FC_Basal_Pop9,p4EBP1_dP_Basal_Pop9,pSTAT5_dP_Basal_Pop9,pPLCg1_2_dP_Basal_Pop9,pAkt_dP_Basal_Pop9,pSyk_dP_Basal_Pop9,pS6_dP_Basal_Pop9,pErk_dP_Basal_Pop9,pCreb_dP_Basal_Pop9,pIkaros_dP_Basal_Pop9,p4EBP1_FC_IL7_Pop9,pSTAT5_FC_IL7_Pop9,pPLCg1_2_FC_IL7_Pop9,pAkt_FC_IL7_Pop9,pSyk_FC_IL7_Pop9,pS6_FC_IL7_Pop9,pErk_FC_IL7_Pop9,pCreb_FC_IL7_Pop9,pIkaros_FC_IL7_Pop9,p4EBP1_dP_IL7_Pop9,pSTAT5_dP_IL7_Pop9,pPLCg1_2_dP_IL7_Pop9,pAkt_dP_IL7_Pop9,pSyk_dP_IL7_Pop9,pS6_dP_IL7_Pop9,pErk_dP_IL7_Pop9,pCreb_dP_IL7_Pop9,pIkaros_dP_IL7_Pop9,p4EBP1_FC_TSLP_Pop9,pSTAT5_FC_TSLP_Pop9,pPLCg1_2_FC_TSLP_Pop9,pAkt_FC_TSLP_Pop9,pSyk_FC_TSLP_Pop9,pS6_FC_TSLP_Pop9,pErk_FC_TSLP_Pop9,pCreb_FC_TSLP_Pop9,pIkaros_FC_TSLP_Pop9,p4EBP1_dP_TSLP_Pop9,pSTAT5_dP_TSLP_Pop9,pPLCg1_2_dP_TSLP_Pop9,pAkt_dP_TSLP_Pop9,pSyk_dP_TSLP_Pop9,pS6_dP_TSLP_Pop9,pErk_dP_TSLP_Pop9,pCreb_dP_TSLP_Pop9,pIkaros_dP_TSLP_Pop9,p4EBP1_FC_BCR_Pop9,pSTAT5_FC_BCR_Pop9,pPLCg1_2_FC_BCR_Pop9,pAkt_FC_BCR_Pop9,pSyk_FC_BCR_Pop9,pS6_FC_BCR_Pop9,pErk_FC_BCR_Pop9,pCreb_FC_BCR_Pop9,pIkaros_FC_BCR_Pop9,p4EBP1_dP_BCR_Pop9,pSTAT5_dP_BCR_Pop9,pPLCg1_2_dP_BCR_Pop9,pAkt_dP_BCR_Pop9,pSyk_dP_BCR_Pop9,pS6_dP_BCR_Pop9,pErk_dP_BCR_Pop9,pCreb_dP_BCR_Pop9,pIkaros_dP_BCR_Pop9,p4EBP1_FC_PVO4_Pop9,pSTAT5_FC_PVO4_Pop9,pPLCg1_2_FC_PVO4_Pop9,pAkt_FC_PVO4_Pop9,pSyk_FC_PVO4_Pop9,pS6_FC_PVO4_Pop9,pErk_FC_PVO4_Pop9,pCreb_FC_PVO4_Pop9,pIkaros_FC_PVO4_Pop9,p4EBP1_dP_PVO4_Pop9,pSTAT5_dP_PVO4_Pop9,pPLCg1_2_dP_PVO4_Pop9,pAkt_dP_PVO4_Pop9,pSyk_dP_PVO4_Pop9,pS6_dP_PVO4_Pop9,pErk_dP_PVO4_Pop9,pCreb_dP_PVO4_Pop9,pIkaros_dP_PVO4_Pop9,Pop_P_Pop10,CD19_Pop10,CD20_Pop10,CD24_Pop10,CD34_Pop10,CD38_Pop10,CD127_Pop10,CD179a_Pop10,CD179b_Pop10,IgMi_Pop10,IgMs_Pop10,TdT_Pop10,CD22_Pop10,tIkaros_Pop10,CD79b_Pop10,Ki67_Pop10,TSLPr_Pop10,RAG1_Pop10,CD123_Pop10,CD45_Pop10,CD10_Pop10,Pax5_Pop10,CD43_Pop10,CD58_Pop10,HLADR_Pop10,p4EBP1_FC_Basal_Pop10,pSTAT5_FC_Basal_Pop10,pPLCg1_2_FC_Basal_Pop10,pAkt_FC_Basal_Pop10,pSyk_FC_Basal_Pop10,pS6_FC_Basal_Pop10,pErk_FC_Basal_Pop10,pCreb_FC_Basal_Pop10,pIkaros_FC_Basal_Pop10,p4EBP1_dP_Basal_Pop10,pSTAT5_dP_Basal_Pop10,pPLCg1_2_dP_Basal_Pop10,pAkt_dP_Basal_Pop10,pSyk_dP_Basal_Pop10,pS6_dP_Basal_Pop10,pErk_dP_Basal_Pop10,pCreb_dP_Basal_Pop10,pIkaros_dP_Basal_Pop10,p4EBP1_FC_IL7_Pop10,pSTAT5_FC_IL7_Pop10,pPLCg1_2_FC_IL7_Pop10,pAkt_FC_IL7_Pop10,pSyk_FC_IL7_Pop10,pS6_FC_IL7_Pop10,pErk_FC_IL7_Pop10,pCreb_FC_IL7_Pop10,pIkaros_FC_IL7_Pop10,p4EBP1_dP_IL7_Pop10,pSTAT5_dP_IL7_Pop10,pPLCg1_2_dP_IL7_Pop10,pAkt_dP_IL7_Pop10,pSyk_dP_IL7_Pop10,pS6_dP_IL7_Pop10,pErk_dP_IL7_Pop10,pCreb_dP_IL7_Pop10,pIkaros_dP_IL7_Pop10,p4EBP1_FC_TSLP_Pop10,pSTAT5_FC_TSLP_Pop10,pPLCg1_2_FC_TSLP_Pop10,pAkt_FC_TSLP_Pop10,pSyk_FC_TSLP_Pop10,pS6_FC_TSLP_Pop10,pErk_FC_TSLP_Pop10,pCreb_FC_TSLP_Pop10,pIkaros_FC_TSLP_Pop10,p4EBP1_dP_TSLP_Pop10,pSTAT5_dP_TSLP_Pop10,pPLCg1_2_dP_TSLP_Pop10,pAkt_dP_TSLP_Pop10,pSyk_dP_TSLP_Pop10,pS6_dP_TSLP_Pop10,pErk_dP_TSLP_Pop10,pCreb_dP_TSLP_Pop10,pIkaros_dP_TSLP_Pop10,p4EBP1_FC_BCR_Pop10,pSTAT5_FC_BCR_Pop10,pPLCg1_2_FC_BCR_Pop10,pAkt_FC_BCR_Pop10,pSyk_FC_BCR_Pop10,pS6_FC_BCR_Pop10,pErk_FC_BCR_Pop10,pCreb_FC_BCR_Pop10,pIkaros_FC_BCR_Pop10,p4EBP1_dP_BCR_Pop10,pSTAT5_dP_BCR_Pop10,pPLCg1_2_dP_BCR_Pop10,pAkt_dP_BCR_Pop10,pSyk_dP_BCR_Pop10,pS6_dP_BCR_Pop10,pErk_dP_BCR_Pop10,pCreb_dP_BCR_Pop10,pIkaros_dP_BCR_Pop10,p4EBP1_FC_PVO4_Pop10,pSTAT5_FC_PVO4_Pop10,pPLCg1_2_FC_PVO4_Pop10,pAkt_FC_PVO4_Pop10,pSyk_FC_PVO4_Pop10,pS6_FC_PVO4_Pop10,pErk_FC_PVO4_Pop10,pCreb_FC_PVO4_Pop10,pIkaros_FC_PVO4_Pop10,p4EBP1_dP_PVO4_Pop10,pSTAT5_dP_PVO4_Pop10,pPLCg1_2_dP_PVO4_Pop10,pAkt_dP_PVO4_Pop10,pSyk_dP_PVO4_Pop10,pS6_dP_PVO4_Pop10,pErk_dP_PVO4_Pop10,pCreb_dP_PVO4_Pop10,pIkaros_dP_PVO4_Pop10,Pop_P_Pop11,CD19_Pop11,CD20_Pop11,CD24_Pop11,CD34_Pop11,CD38_Pop11,CD127_Pop11,CD179a_Pop11,CD179b_Pop11,IgMi_Pop11,IgMs_Pop11,TdT_Pop11,CD22_Pop11,tIkaros_Pop11,CD79b_Pop11,Ki67_Pop11,TSLPr_Pop11,RAG1_Pop11,CD123_Pop11,CD45_Pop11,CD10_Pop11,Pax5_Pop11,CD43_Pop11,CD58_Pop11,HLADR_Pop11,p4EBP1_FC_Basal_Pop11,pSTAT5_FC_Basal_Pop11,pPLCg1_2_FC_Basal_Pop11,pAkt_FC_Basal_Pop11,pSyk_FC_Basal_Pop11,pS6_FC_Basal_Pop11,pErk_FC_Basal_Pop11,pCreb_FC_Basal_Pop11,pIkaros_FC_Basal_Pop11,p4EBP1_dP_Basal_Pop11,pSTAT5_dP_Basal_Pop11,pPLCg1_2_dP_Basal_Pop11,pAkt_dP_Basal_Pop11,pSyk_dP_Basal_Pop11,pS6_dP_Basal_Pop11,pErk_dP_Basal_Pop11,pCreb_dP_Basal_Pop11,pIkaros_dP_Basal_Pop11,p4EBP1_FC_IL7_Pop11,pSTAT5_FC_IL7_Pop11,pPLCg1_2_FC_IL7_Pop11,pAkt_FC_IL7_Pop11,pSyk_FC_IL7_Pop11,pS6_FC_IL7_Pop11,pErk_FC_IL7_Pop11,pCreb_FC_IL7_Pop11,pIkaros_FC_IL7_Pop11,p4EBP1_dP_IL7_Pop11,pSTAT5_dP_IL7_Pop11,pPLCg1_2_dP_IL7_Pop11,pAkt_dP_IL7_Pop11,pSyk_dP_IL7_Pop11,pS6_dP_IL7_Pop11,pErk_dP_IL7_Pop11,pCreb_dP_IL7_Pop11,pIkaros_dP_IL7_Pop11,p4EBP1_FC_TSLP_Pop11,pSTAT5_FC_TSLP_Pop11,pPLCg1_2_FC_TSLP_Pop11,pAkt_FC_TSLP_Pop11,pSyk_FC_TSLP_Pop11,pS6_FC_TSLP_Pop11,pErk_FC_TSLP_Pop11,pCreb_FC_TSLP_Pop11,pIkaros_FC_TSLP_Pop11,p4EBP1_dP_TSLP_Pop11,pSTAT5_dP_TSLP_Pop11,pPLCg1_2_dP_TSLP_Pop11,pAkt_dP_TSLP_Pop11,pSyk_dP_TSLP_Pop11,pS6_dP_TSLP_Pop11,pErk_dP_TSLP_Pop11,pCreb_dP_TSLP_Pop11,pIkaros_dP_TSLP_Pop11,p4EBP1_FC_BCR_Pop11,pSTAT5_FC_BCR_Pop11,pPLCg1_2_FC_BCR_Pop11,pAkt_FC_BCR_Pop11,pSyk_FC_BCR_Pop11,pS6_FC_BCR_Pop11,pErk_FC_BCR_Pop11,pCreb_FC_BCR_Pop11,pIkaros_FC_BCR_Pop11,p4EBP1_dP_BCR_Pop11,pSTAT5_dP_BCR_Pop11,pPLCg1_2_dP_BCR_Pop11,pAkt_dP_BCR_Pop11,pSyk_dP_BCR_Pop11,pS6_dP_BCR_Pop11,pErk_dP_BCR_Pop11,pCreb_dP_BCR_Pop11,pIkaros_dP_BCR_Pop11,p4EBP1_FC_PVO4_Pop11,pSTAT5_FC_PVO4_Pop11,pPLCg1_2_FC_PVO4_Pop11,pAkt_FC_PVO4_Pop11,pSyk_FC_PVO4_Pop11,pS6_FC_PVO4_Pop11,pErk_FC_PVO4_Pop11,pCreb_FC_PVO4_Pop11,pIkaros_FC_PVO4_Pop11,p4EBP1_dP_PVO4_Pop11,pSTAT5_dP_PVO4_Pop11,pPLCg1_2_dP_PVO4_Pop11,pAkt_dP_PVO4_Pop11,pSyk_dP_PVO4_Pop11,pS6_dP_PVO4_Pop11,pErk_dP_PVO4_Pop11,pCreb_dP_PVO4_Pop11,pIkaros_dP_PVO4_Pop11,Pop_P_Pop12,CD19_Pop12,CD20_Pop12,CD24_Pop12,CD34_Pop12,CD38_Pop12,CD127_Pop12,CD179a_Pop12,CD179b_Pop12,IgMi_Pop12,IgMs_Pop12,TdT_Pop12,CD22_Pop12,tIkaros_Pop12,CD79b_Pop12,Ki67_Pop12,TSLPr_Pop12,RAG1_Pop12,CD123_Pop12,CD45_Pop12,CD10_Pop12,Pax5_Pop12,CD43_Pop12,CD58_Pop12,HLADR_Pop12,p4EBP1_FC_Basal_Pop12,pSTAT5_FC_Basal_Pop12,pPLCg1_2_FC_Basal_Pop12,pAkt_FC_Basal_Pop12,pSyk_FC_Basal_Pop12,pS6_FC_Basal_Pop12,pErk_FC_Basal_Pop12,pCreb_FC_Basal_Pop12,pIkaros_FC_Basal_Pop12,p4EBP1_dP_Basal_Pop12,pSTAT5_dP_Basal_Pop12,pPLCg1_2_dP_Basal_Pop12,pAkt_dP_Basal_Pop12,pSyk_dP_Basal_Pop12,pS6_dP_Basal_Pop12,pErk_dP_Basal_Pop12,pCreb_dP_Basal_Pop12,pIkaros_dP_Basal_Pop12,p4EBP1_FC_IL7_Pop12,pSTAT5_FC_IL7_Pop12,pPLCg1_2_FC_IL7_Pop12,pAkt_FC_IL7_Pop12,pSyk_FC_IL7_Pop12,pS6_FC_IL7_Pop12,pErk_FC_IL7_Pop12,pCreb_FC_IL7_Pop12,pIkaros_FC_IL7_Pop12,p4EBP1_dP_IL7_Pop12,pSTAT5_dP_IL7_Pop12,pPLCg1_2_dP_IL7_Pop12,pAkt_dP_IL7_Pop12,pSyk_dP_IL7_Pop12,pS6_dP_IL7_Pop12,pErk_dP_IL7_Pop12,pCreb_dP_IL7_Pop12,pIkaros_dP_IL7_Pop12,p4EBP1_FC_TSLP_Pop12,pSTAT5_FC_TSLP_Pop12,pPLCg1_2_FC_TSLP_Pop12,pAkt_FC_TSLP_Pop12,pSyk_FC_TSLP_Pop12,pS6_FC_TSLP_Pop12,pErk_FC_TSLP_Pop12,pCreb_FC_TSLP_Pop12,pIkaros_FC_TSLP_Pop12,p4EBP1_dP_TSLP_Pop12,pSTAT5_dP_TSLP_Pop12,pPLCg1_2_dP_TSLP_Pop12,pAkt_dP_TSLP_Pop12,pSyk_dP_TSLP_Pop12,pS6_dP_TSLP_Pop12,pErk_dP_TSLP_Pop12,pCreb_dP_TSLP_Pop12,pIkaros_dP_TSLP_Pop12,p4EBP1_FC_BCR_Pop12,pSTAT5_FC_BCR_Pop12,pPLCg1_2_FC_BCR_Pop12,pAkt_FC_BCR_Pop12,pSyk_FC_BCR_Pop12,pS6_FC_BCR_Pop12,pErk_FC_BCR_Pop12,pCreb_FC_BCR_Pop12,pIkaros_FC_BCR_Pop12,p4EBP1_dP_BCR_Pop12,pSTAT5_dP_BCR_Pop12,pPLCg1_2_dP_BCR_Pop12,pAkt_dP_BCR_Pop12,pSyk_dP_BCR_Pop12,pS6_dP_BCR_Pop12,pErk_dP_BCR_Pop12,pCreb_dP_BCR_Pop12,pIkaros_dP_BCR_Pop12,p4EBP1_FC_PVO4_Pop12,pSTAT5_FC_PVO4_Pop12,pPLCg1_2_FC_PVO4_Pop12,pAkt_FC_PVO4_Pop12,pSyk_FC_PVO4_Pop12,pS6_FC_PVO4_Pop12,pErk_FC_PVO4_Pop12,pCreb_FC_PVO4_Pop12,pIkaros_FC_PVO4_Pop12,p4EBP1_dP_PVO4_Pop12,pSTAT5_dP_PVO4_Pop12,pPLCg1_2_dP_PVO4_Pop12,pAkt_dP_PVO4_Pop12,pSyk_dP_PVO4_Pop12,pS6_dP_PVO4_Pop12,pErk_dP_PVO4_Pop12,pCreb_dP_PVO4_Pop12,pIkaros_dP_PVO4_Pop12,Pop_P_Mixed1,CD19_Mixed1,CD20_Mixed1,CD24_Mixed1,CD34_Mixed1,CD38_Mixed1,CD127_Mixed1,CD179a_Mixed1,CD179b_Mixed1,IgMi_Mixed1,IgMs_Mixed1,TdT_Mixed1,CD22_Mixed1,tIkaros_Mixed1,CD79b_Mixed1,Ki67_Mixed1,TSLPr_Mixed1,RAG1_Mixed1,CD123_Mixed1,CD45_Mixed1,CD10_Mixed1,Pax5_Mixed1,CD43_Mixed1,CD58_Mixed1,HLADR_Mixed1,p4EBP1_FC_Basal_Mixed1,pSTAT5_FC_Basal_Mixed1,pPLCg1_2_FC_Basal_Mixed1,pAkt_FC_Basal_Mixed1,pSyk_FC_Basal_Mixed1,pS6_FC_Basal_Mixed1,pErk_FC_Basal_Mixed1,pCreb_FC_Basal_Mixed1,pIkaros_FC_Basal_Mixed1,p4EBP1_dP_Basal_Mixed1,pSTAT5_dP_Basal_Mixed1,pPLCg1_2_dP_Basal_Mixed1,pAkt_dP_Basal_Mixed1,pSyk_dP_Basal_Mixed1,pS6_dP_Basal_Mixed1,pErk_dP_Basal_Mixed1,pCreb_dP_Basal_Mixed1,pIkaros_dP_Basal_Mixed1,p4EBP1_FC_IL7_Mixed1,pSTAT5_FC_IL7_Mixed1,pPLCg1_2_FC_IL7_Mixed1,pAkt_FC_IL7_Mixed1,pSyk_FC_IL7_Mixed1,pS6_FC_IL7_Mixed1,pErk_FC_IL7_Mixed1,pCreb_FC_IL7_Mixed1,pIkaros_FC_IL7_Mixed1,p4EBP1_dP_IL7_Mixed1,pSTAT5_dP_IL7_Mixed1,pPLCg1_2_dP_IL7_Mixed1,pAkt_dP_IL7_Mixed1,pSyk_dP_IL7_Mixed1,pS6_dP_IL7_Mixed1,pErk_dP_IL7_Mixed1,pCreb_dP_IL7_Mixed1,pIkaros_dP_IL7_Mixed1,p4EBP1_FC_TSLP_Mixed1,pSTAT5_FC_TSLP_Mixed1,pPLCg1_2_FC_TSLP_Mixed1,pAkt_FC_TSLP_Mixed1,pSyk_FC_TSLP_Mixed1,pS6_FC_TSLP_Mixed1,pErk_FC_TSLP_Mixed1,pCreb_FC_TSLP_Mixed1,pIkaros_FC_TSLP_Mixed1,p4EBP1_dP_TSLP_Mixed1,pSTAT5_dP_TSLP_Mixed1,pPLCg1_2_dP_TSLP_Mixed1,pAkt_dP_TSLP_Mixed1,pSyk_dP_TSLP_Mixed1,pS6_dP_TSLP_Mixed1,pErk_dP_TSLP_Mixed1,pCreb_dP_TSLP_Mixed1,pIkaros_dP_TSLP_Mixed1,p4EBP1_FC_BCR_Mixed1,pSTAT5_FC_BCR_Mixed1,pPLCg1_2_FC_BCR_Mixed1,pAkt_FC_BCR_Mixed1,pSyk_FC_BCR_Mixed1,pS6_FC_BCR_Mixed1,pErk_FC_BCR_Mixed1,pCreb_FC_BCR_Mixed1,pIkaros_FC_BCR_Mixed1,p4EBP1_dP_BCR_Mixed1,pSTAT5_dP_BCR_Mixed1,pPLCg1_2_dP_BCR_Mixed1,pAkt_dP_BCR_Mixed1,pSyk_dP_BCR_Mixed1,pS6_dP_BCR_Mixed1,pErk_dP_BCR_Mixed1,pCreb_dP_BCR_Mixed1,pIkaros_dP_BCR_Mixed1,p4EBP1_FC_PVO4_Mixed1,pSTAT5_FC_PVO4_Mixed1,pPLCg1_2_FC_PVO4_Mixed1,pAkt_FC_PVO4_Mixed1,pSyk_FC_PVO4_Mixed1,pS6_FC_PVO4_Mixed1,pErk_FC_PVO4_Mixed1,pCreb_FC_PVO4_Mixed1,pIkaros_FC_PVO4_Mixed1,p4EBP1_dP_PVO4_Mixed1,pSTAT5_dP_PVO4_Mixed1,pPLCg1_2_dP_PVO4_Mixed1,pAkt_dP_PVO4_Mixed1,pSyk_dP_PVO4_Mixed1,pS6_dP_PVO4_Mixed1,pErk_dP_PVO4_Mixed1,pCreb_dP_PVO4_Mixed1,pIkaros_dP_PVO4_Mixed1,Pop_P_Mixed2,CD19_Mixed2,CD20_Mixed2,CD24_Mixed2,CD34_Mixed2,CD38_Mixed2,CD127_Mixed2,CD179a_Mixed2,CD179b_Mixed2,IgMi_Mixed2,IgMs_Mixed2,TdT_Mixed2,CD22_Mixed2,tIkaros_Mixed2,CD79b_Mixed2,Ki67_Mixed2,TSLPr_Mixed2,RAG1_Mixed2,CD123_Mixed2,CD45_Mixed2,CD10_Mixed2,Pax5_Mixed2,CD43_Mixed2,CD58_Mixed2,HLADR_Mixed2,p4EBP1_FC_Basal_Mixed2,pSTAT5_FC_Basal_Mixed2,pPLCg1_2_FC_Basal_Mixed2,pAkt_FC_Basal_Mixed2,pSyk_FC_Basal_Mixed2,pS6_FC_Basal_Mixed2,pErk_FC_Basal_Mixed2,pCreb_FC_Basal_Mixed2,pIkaros_FC_Basal_Mixed2,p4EBP1_dP_Basal_Mixed2,pSTAT5_dP_Basal_Mixed2,pPLCg1_2_dP_Basal_Mixed2,pAkt_dP_Basal_Mixed2,pSyk_dP_Basal_Mixed2,pS6_dP_Basal_Mixed2,pErk_dP_Basal_Mixed2,pCreb_dP_Basal_Mixed2,pIkaros_dP_Basal_Mixed2,p4EBP1_FC_IL7_Mixed2,pSTAT5_FC_IL7_Mixed2,pPLCg1_2_FC_IL7_Mixed2,pAkt_FC_IL7_Mixed2,pSyk_FC_IL7_Mixed2,pS6_FC_IL7_Mixed2,pErk_FC_IL7_Mixed2,pCreb_FC_IL7_Mixed2,pIkaros_FC_IL7_Mixed2,p4EBP1_dP_IL7_Mixed2,pSTAT5_dP_IL7_Mixed2,pPLCg1_2_dP_IL7_Mixed2,pAkt_dP_IL7_Mixed2,pSyk_dP_IL7_Mixed2,pS6_dP_IL7_Mixed2,pErk_dP_IL7_Mixed2,pCreb_dP_IL7_Mixed2,pIkaros_dP_IL7_Mixed2,p4EBP1_FC_TSLP_Mixed2,pSTAT5_FC_TSLP_Mixed2,pPLCg1_2_FC_TSLP_Mixed2,pAkt_FC_TSLP_Mixed2,pSyk_FC_TSLP_Mixed2,pS6_FC_TSLP_Mixed2,pErk_FC_TSLP_Mixed2,pCreb_FC_TSLP_Mixed2,pIkaros_FC_TSLP_Mixed2,p4EBP1_dP_TSLP_Mixed2,pSTAT5_dP_TSLP_Mixed2,pPLCg1_2_dP_TSLP_Mixed2,pAkt_dP_TSLP_Mixed2,pSyk_dP_TSLP_Mixed2,pS6_dP_TSLP_Mixed2,pErk_dP_TSLP_Mixed2,pCreb_dP_TSLP_Mixed2,pIkaros_dP_TSLP_Mixed2,p4EBP1_FC_BCR_Mixed2,pSTAT5_FC_BCR_Mixed2,pPLCg1_2_FC_BCR_Mixed2,pAkt_FC_BCR_Mixed2,pSyk_FC_BCR_Mixed2,pS6_FC_BCR_Mixed2,pErk_FC_BCR_Mixed2,pCreb_FC_BCR_Mixed2,pIkaros_FC_BCR_Mixed2,p4EBP1_dP_BCR_Mixed2,pSTAT5_dP_BCR_Mixed2,pPLCg1_2_dP_BCR_Mixed2,pAkt_dP_BCR_Mixed2,pSyk_dP_BCR_Mixed2,pS6_dP_BCR_Mixed2,pErk_dP_BCR_Mixed2,pCreb_dP_BCR_Mixed2,pIkaros_dP_BCR_Mixed2,p4EBP1_FC_PVO4_Mixed2,pSTAT5_FC_PVO4_Mixed2,pPLCg1_2_FC_PVO4_Mixed2,pAkt_FC_PVO4_Mixed2,pSyk_FC_PVO4_Mixed2,pS6_FC_PVO4_Mixed2,pErk_FC_PVO4_Mixed2,pCreb_FC_PVO4_Mixed2,pIkaros_FC_PVO4_Mixed2,p4EBP1_dP_PVO4_Mixed2,pSTAT5_dP_PVO4_Mixed2,pPLCg1_2_dP_PVO4_Mixed2,pAkt_dP_PVO4_Mixed2,pSyk_dP_PVO4_Mixed2,pS6_dP_PVO4_Mixed2,pErk_dP_PVO4_Mixed2,pCreb_dP_PVO4_Mixed2,pIkaros_dP_PVO4_Mixed2,Pop_P_Mixed3,CD19_Mixed3,CD20_Mixed3,CD24_Mixed3,CD34_Mixed3,CD38_Mixed3,CD127_Mixed3,CD179a_Mixed3,CD179b_Mixed3,IgMi_Mixed3,IgMs_Mixed3,TdT_Mixed3,CD22_Mixed3,tIkaros_Mixed3,CD79b_Mixed3,Ki67_Mixed3,TSLPr_Mixed3,RAG1_Mixed3,CD123_Mixed3,CD45_Mixed3,CD10_Mixed3,Pax5_Mixed3,CD43_Mixed3,CD58_Mixed3,HLADR_Mixed3,p4EBP1_FC_Basal_Mixed3,pSTAT5_FC_Basal_Mixed3,pPLCg1_2_FC_Basal_Mixed3,pAkt_FC_Basal_Mixed3,pSyk_FC_Basal_Mixed3,pS6_FC_Basal_Mixed3,pErk_FC_Basal_Mixed3,pCreb_FC_Basal_Mixed3,pIkaros_FC_Basal_Mixed3,p4EBP1_dP_Basal_Mixed3,pSTAT5_dP_Basal_Mixed3,pPLCg1_2_dP_Basal_Mixed3,pAkt_dP_Basal_Mixed3,pSyk_dP_Basal_Mixed3,pS6_dP_Basal_Mixed3,pErk_dP_Basal_Mixed3,pCreb_dP_Basal_Mixed3,pIkaros_dP_Basal_Mixed3,p4EBP1_FC_IL7_Mixed3,pSTAT5_FC_IL7_Mixed3,pPLCg1_2_FC_IL7_Mixed3,pAkt_FC_IL7_Mixed3,pSyk_FC_IL7_Mixed3,pS6_FC_IL7_Mixed3,pErk_FC_IL7_Mixed3,pCreb_FC_IL7_Mixed3,pIkaros_FC_IL7_Mixed3,p4EBP1_dP_IL7_Mixed3,pSTAT5_dP_IL7_Mixed3,pPLCg1_2_dP_IL7_Mixed3,pAkt_dP_IL7_Mixed3,pSyk_dP_IL7_Mixed3,pS6_dP_IL7_Mixed3,pErk_dP_IL7_Mixed3,pCreb_dP_IL7_Mixed3,pIkaros_dP_IL7_Mixed3,p4EBP1_FC_TSLP_Mixed3,pSTAT5_FC_TSLP_Mixed3,pPLCg1_2_FC_TSLP_Mixed3,pAkt_FC_TSLP_Mixed3,pSyk_FC_TSLP_Mixed3,pS6_FC_TSLP_Mixed3,pErk_FC_TSLP_Mixed3,pCreb_FC_TSLP_Mixed3,pIkaros_FC_TSLP_Mixed3,p4EBP1_dP_TSLP_Mixed3,pSTAT5_dP_TSLP_Mixed3,pPLCg1_2_dP_TSLP_Mixed3,pAkt_dP_TSLP_Mixed3,pSyk_dP_TSLP_Mixed3,pS6_dP_TSLP_Mixed3,pErk_dP_TSLP_Mixed3,pCreb_dP_TSLP_Mixed3,pIkaros_dP_TSLP_Mixed3,p4EBP1_FC_BCR_Mixed3,pSTAT5_FC_BCR_Mixed3,pPLCg1_2_FC_BCR_Mixed3,pAkt_FC_BCR_Mixed3,pSyk_FC_BCR_Mixed3,pS6_FC_BCR_Mixed3,pErk_FC_BCR_Mixed3,pCreb_FC_BCR_Mixed3,pIkaros_FC_BCR_Mixed3,p4EBP1_dP_BCR_Mixed3,pSTAT5_dP_BCR_Mixed3,pPLCg1_2_dP_BCR_Mixed3,pAkt_dP_BCR_Mixed3,pSyk_dP_BCR_Mixed3,pS6_dP_BCR_Mixed3,pErk_dP_BCR_Mixed3,pCreb_dP_BCR_Mixed3,pIkaros_dP_BCR_Mixed3,p4EBP1_FC_PVO4_Mixed3,pSTAT5_FC_PVO4_Mixed3,pPLCg1_2_FC_PVO4_Mixed3,pAkt_FC_PVO4_Mixed3,pSyk_FC_PVO4_Mixed3,pS6_FC_PVO4_Mixed3,pErk_FC_PVO4_Mixed3,pCreb_FC_PVO4_Mixed3,pIkaros_FC_PVO4_Mixed3,p4EBP1_dP_PVO4_Mixed3,pSTAT5_dP_PVO4_Mixed3,pPLCg1_2_dP_PVO4_Mixed3,pAkt_dP_PVO4_Mixed3,pSyk_dP_PVO4_Mixed3,pS6_dP_PVO4_Mixed3,pErk_dP_PVO4_Mixed3,pCreb_dP_PVO4_Mixed3,pIkaros_dP_PVO4_Mixed3,Pop_P_Ungated,CD19_Ungated,CD20_Ungated,CD24_Ungated,CD34_Ungated,CD38_Ungated,CD127_Ungated,CD179a_Ungated,CD179b_Ungated,IgMi_Ungated,IgMs_Ungated,TdT_Ungated,CD22_Ungated,tIkaros_Ungated,CD79b_Ungated,Ki67_Ungated,TSLPr_Ungated,RAG1_Ungated,CD123_Ungated,CD45_Ungated,CD10_Ungated,Pax5_Ungated,CD43_Ungated,CD58_Ungated,HLADR_Ungated,p4EBP1_FC_Basal_Ungated,pSTAT5_FC_Basal_Ungated,pPLCg1_2_FC_Basal_Ungated,pAkt_FC_Basal_Ungated,pSyk_FC_Basal_Ungated,pS6_FC_Basal_Ungated,pErk_FC_Basal_Ungated,pCreb_FC_Basal_Ungated,pIkaros_FC_Basal_Ungated,p4EBP1_dP_Basal_Ungated,pSTAT5_dP_Basal_Ungated,pPLCg1_2_dP_Basal_Ungated,pAkt_dP_Basal_Ungated,pSyk_dP_Basal_Ungated,pS6_dP_Basal_Ungated,pErk_dP_Basal_Ungated,pCreb_dP_Basal_Ungated,pIkaros_dP_Basal_Ungated,p4EBP1_FC_IL7_Ungated,pSTAT5_FC_IL7_Ungated,pPLCg1_2_FC_IL7_Ungated,pAkt_FC_IL7_Ungated,pSyk_FC_IL7_Ungated,pS6_FC_IL7_Ungated,pErk_FC_IL7_Ungated,pCreb_FC_IL7_Ungated,pIkaros_FC_IL7_Ungated,p4EBP1_dP_IL7_Ungated,pSTAT5_dP_IL7_Ungated,pPLCg1_2_dP_IL7_Ungated,pAkt_dP_IL7_Ungated,pSyk_dP_IL7_Ungated,pS6_dP_IL7_Ungated,pErk_dP_IL7_Ungated,pCreb_dP_IL7_Ungated,pIkaros_dP_IL7_Ungated,p4EBP1_FC_TSLP_Ungated,pSTAT5_FC_TSLP_Ungated,pPLCg1_2_FC_TSLP_Ungated,pAkt_FC_TSLP_Ungated,pSyk_FC_TSLP_Ungated,pS6_FC_TSLP_Ungated,pErk_FC_TSLP_Ungated,pCreb_FC_TSLP_Ungated,pIkaros_FC_TSLP_Ungated,p4EBP1_dP_TSLP_Ungated,pSTAT5_dP_TSLP_Ungated,pPLCg1_2_dP_TSLP_Ungated,pAkt_dP_TSLP_Ungated,pSyk_dP_TSLP_Ungated,pS6_dP_TSLP_Ungated,pErk_dP_TSLP_Ungated,pCreb_dP_TSLP_Ungated,pIkaros_dP_TSLP_Ungated,p4EBP1_FC_BCR_Ungated,pSTAT5_FC_BCR_Ungated,pPLCg1_2_FC_BCR_Ungated,pAkt_FC_BCR_Ungated,pSyk_FC_BCR_Ungated,pS6_FC_BCR_Ungated,pErk_FC_BCR_Ungated,pCreb_FC_BCR_Ungated,pIkaros_FC_BCR_Ungated,p4EBP1_dP_BCR_Ungated,pSTAT5_dP_BCR_Ungated,pPLCg1_2_dP_BCR_Ungated,pAkt_dP_BCR_Ungated,pSyk_dP_BCR_Ungated,pS6_dP_BCR_Ungated,pErk_dP_BCR_Ungated,pCreb_dP_BCR_Ungated,pIkaros_dP_BCR_Ungated,p4EBP1_FC_PVO4_Ungated,pSTAT5_FC_PVO4_Ungated,pPLCg1_2_FC_PVO4_Ungated,pAkt_FC_PVO4_Ungated,pSyk_FC_PVO4_Ungated,pS6_FC_PVO4_Ungated,pErk_FC_PVO4_Ungated,pCreb_FC_PVO4_Ungated,pIkaros_FC_PVO4_Ungated,p4EBP1_dP_PVO4_Ungated,pSTAT5_dP_PVO4_Ungated,pPLCg1_2_dP_PVO4_Ungated,pAkt_dP_PVO4_Ungated,pSyk_dP_PVO4_Ungated,pS6_dP_PVO4_Ungated,pErk_dP_PVO4_Ungated,pCreb_dP_PVO4_Ungated,pIkaros_dP_PVO4_UngatedHealthy1,0.59174437,0.097695726,0.01066303,0.036785397,2.824730637,0.396233521,1.447527416,0.011908143,0.020465904,0.03530311,0.029125464,0.099329744,0.011391109,0.030645507,0.048144932,0.096897789,0.021055849,0.079048267,0.053296253,0.096293998,0.039837305,0.008961981,2.063159223,0.10974848,2.486765281,0.048915719,0.009994212,7.19E-06,0.007655769,0.018577572,0.120391843,0.012044245,0.129141674,0.226644867,0.389105058,0,0,0,0.389105058,1.556420233,0,1.945525292,4.6692607,0.634048912,0.817210958,16.17843116,0.806860407,0.95039609,0.77141331,1.384828284,0.963194393,0.89949042,-0.389105058,0,0,0,0.293488798,-0.532529448,0.341296928,-0.23904065,-0.232400632,0.382742551,0.989854854,424.3647143,1.504430211,0.430918361,1.015694413,1.787481548,1.044670627,0.849211178,-0.389105058,0,0,0,-0.389105058,0.571239341,0.354609929,0.182134283,-1.12316141,1.387507523,5.443456444,3373.233985,1.480378538,1.326364706,2.185555649,2.645193151,4.021418301,1.280854104,-0.086990255,1.510574018,0,0,-0.389105058,4.787990643,0.604229607,13.46232969,2.581494587,0.579245122,0.880808881,33.82125912,0.610791508,1.05166042,0.524270819,0.031156199,0.65160886,0.544743151,-0.389105058,0,0,0,-0.389105058,-1.556420233,0,-0.159811006,-1.097832129,0.468833418,0.013025292,0.0230971,0.038352184,1.720771308,3.405179146,0.216682343,0.016361866,0.081365573,0.0225526,0.041559745,0.043577437,0.00613766,0.04895504,0.063467002,0.283433806,0.02192028,0.063787526,0.093815747,0.10317169,0.030672123,0.004140549,3.447637478,0.170151304,3.633584641,0.056587842,0.012966211,0.004687354,0.003350183,0.029387924,0.077319749,0.004594252,0.076888893,0.643111936,0,0,0,0,0,0.99009901,0,0,16.83168317,0.087928365,0.024278348,0.092763954,4.358272992,0.007381347,0.132930539,0.109464485,0.05565794,0.604956976,0,0,0,0,0,-0.99009901,0,0,-16.83168317,0.895328737,1.007642782,0.702556935,1.895478314,1.059837577,1.469893887,3.80971487,1.072947574,1.174088389,0.566037736,0,0,0,0.188679245,0.330655707,0,0.754716981,7.507939473,1.366452766,1.42974982,0.022221943,2.068774815,0.678832245,1.294115765,4.063783055,3.393900348,1.150205468,0,0,0,0,0,-0.99009901,0,5.263157895,4.220948411,0.864122011,4.08691884,8.642155469,2.426123422,1.69330717,1.28855153,7.887745587,1.681070661,0.416481772,0.99009901,0,0.495049505,0,0,0.99009901,0,1.98019802,-9.900990099,1.702944765,0.130267356,0.024946835,0.116679085,1.946035551,3.393600191,2.612405123,0.027874268,0.110586132,0.14485317,0.139249666,0.154532972,0.014518304,0.158347978,0.151372986,0.33184741,0.080246361,0.267437632,0.279646976,0.276925727,0.110259402,0.018476025,4.025358631,0.478984823,3.549187368,0.130497333,0.039074973,0.007865503,0.021547353,0.108750487,0.331969941,0.062804088,0.239631961,1.155893337,1.552393273,0.517464424,0.129366106,0,0.905562743,3.62225097,0.517464424,4.010349288,40.87968952,0.512982457,0.812471579,0.599260339,0.675620334,0.450611698,0.682427363,0.526251808,0.596900555,0.795146769,-1.35934308,-0.00266391,-0.129366106,0.064350064,-0.648162485,-1.112598461,-0.45311436,-2.272897551,-10.24905889,0.907107366,1.604664039,1.296712634,1.550428952,1.3226613,1.166879625,0.862651723,1.070628244,1.018222698,-0.937953949,-0.056634931,-0.129366106,0,-0.137513587,1.293263623,-0.056634931,-0.323713344,2.745502491,1.447822703,3.790085058,14.14139893,2.444408191,1.53689605,1.331674534,0.974831009,2.685726798,1.148830888,1.843192466,2.53856274,2.756881772,0.424448217,1.131788701,6.564506245,-0.008126564,15.93871693,6.743400462,0.499409705,6.330766021,27.1497766,0.779857938,1.665024015,0.546217811,1.481447979,1.120423707,0.664758268,-1.552393273,7.295035576,4.558133894,0,0.656937257,-0.49725097,1.045035576,0.677150712,-20.56718952,0.282847084,0.142675272,0.037992692,0.165052633,1.868044718,3.93015093,1.925739276,0.061986427,2.01401751,0.148186098,0.19661325,0.150302563,0.033123148,0.267860465,0.155629675,0.535393099,0.10441364,0.309305385,0.175378245,0.153412529,0.182927759,0.031599207,4.681437781,0.522261192,4.806701318,0.25153438,0.032148326,0.003355268,0.038904861,0.127462463,0.321304769,0.053947635,0.17990875,1.59592375,2.919708029,0,0,0,0,4.379562044,0,3.649635036,59.8540146,0.843396919,0.780130481,1.839676127,1.496790404,0.634956348,1.012700043,1.411417102,0.926559264,0.867609356,-1.253041363,0,0,0,0.833333333,-0.212895377,0,-1.98296837,-4.020681265,0.864361549,1.079771964,5.703444645,1.302144546,1.046089446,1.457352719,1.242263046,0.825281952,0.921746552,-1.306804803,0.537634409,0.537634409,0,1.075268817,4.222588494,0,-2.574366219,-0.714229652,1.04655992,2.276099535,11.93630927,2.246396358,1.3764898,1.333086275,1.45125844,3.090939037,1.15279095,1.064355716,1.593625498,0.796812749,0.398406375,1.593625498,4.385378195,0,11.48980719,4.687818071,0.271506432,11.83494781,106.0731183,0.336562596,2.644221414,1.082885773,3.278247048,1.51269605,0.521308504,-2.919708029,14.81481481,11.11111111,0,0,-0.67585834,3.703703704,-3.649635036,-26.52068127,0.46404626,0.14990862,0.056006924,0.252115822,1.047093693,3.508317271,2.057356653,0.194136811,0.263445035,0.200697491,0.103950127,2.166507413,0.032750434,0.138728801,0.087925386,0.472533298,0.083526391,0.352543368,0.218374126,0.262821966,0.223217731,0.244044259,2.754026149,0.267383623,3.567901705,0.066550989,0.049023965,0.007787378,0.042124305,0.061854492,0.222041921,0.037650689,0.142299315,1.116950342,1.310043668,0.873362445,0,0.436681223,0.873362445,3.493449782,0,1.746724891,41.92139738,0.519217057,4.442884888,0.562099802,0.513813599,0.794259079,1.097038203,0.85920832,1.511026854,0.991270987,-1.310043668,2.318126916,0,-0.436681223,-0.873362445,0.229954474,0,3.572424045,-1.495865465,0.927642671,3.424383202,0.185469086,0.589244749,1.176331078,1.16147792,1.501431582,0.859332446,1.179669976,-0.949032838,3.458767518,0,-0.436681223,0.209670046,0.477669352,0.36101083,-0.6636924,5.371021393,1.702452133,3.18975415,27.20775081,0.998112991,1.990084201,1.653205333,0.892592814,2.930307594,1.329134117,0.782006541,2.473917889,5.439330544,-0.018271181,0.38186768,5.711571139,0,9.131936197,13.30872814,0.19510621,0.899643015,5.826752931,0.981448035,1.615577803,0.558602887,1.1019051,1.179638686,0.574669601,-1.310043668,-0.873362445,1.724137931,-0.436681223,2.574913417,-1.769311851,0,-1.746724891,-19.50760428,0.362227288,0.612102365,0.178127816,0.872046073,1.233271007,4.088259283,2.487046565,1.534735631,1.451134869,0.197479321,0.153820619,2.432890307,0.077841444,0.22656087,0.289482061,0.73128841,0.121344284,0.399017683,0.117161254,0.178233959,0.652629823,0.670564064,2.307714914,0.31899482,3.862113457,0.082646657,0.100923422,0.000467601,0.051285385,0.058369177,0.376514998,0.054352942,0.166745239,1.310695202,0.581395349,1.162790698,0,0,0.581395349,4.651162791,0.581395349,2.325581395,43.60465116,0.737750763,3.283503728,7.948106395,0.799141317,0.899612993,0.80222068,0.603037959,0.975334744,1.062492813,-0.581395349,9.613071371,0,0.431034483,-0.150360866,-0.771852446,-0.581395349,-1.46351243,8.550521251,1.288153115,3.690922644,33.56187691,1.008339634,1.410312497,0.931219799,1.104061709,0.747167882,1.192867611,0.493873468,10.12753188,0,1.075268817,-0.04376094,1.800450113,-0.581395349,-1.250312578,10.1587897,1.075976016,1.505221665,490.2849666,1.659705935,2.0258975,0.914973854,0.768532343,2.928985363,1.182518401,-0.253526496,0.804422417,6.229508197,0.655737705,1.385817766,-0.716736561,-0.581395349,9.805566146,8.854365231,0.67511895,0.267978601,156.6462375,0.849248519,1.360553079,0.608640478,1.116885865,1.594072441,0.677907137,-0.581395349,-1.162790698,0,0,-0.581395349,0.611995104,-0.581395349,-2.325581395,-12.02570379,0.82886596,0.949256911,0.097996091,3.338354201,0.945727502,4.286405261,2.302843112,1.622228414,1.463341723,0.066872518,0.109238755,2.562153366,0.054138007,0.126570288,0.359877033,0.98295962,0.13830514,0.287598596,0.02099175,0.150303977,1.18883453,1.085672007,1.360256632,0.238225937,3.982893422,0.056662376,0.045080679,0.007685181,0.031426162,0.039604043,0.272216892,0.05589807,0.096769143,1.033210345,0.268096515,0.268096515,0,0.268096515,0.536193029,2.144772118,0.536193029,1.340482574,34.31635389,1.013211273,2.563415818,0.808478421,1.209519672,0.735823113,0.877026063,0.662528345,1.050244931,1.143219975,0.712295642,0.712295642,0,-0.268096515,-0.209395644,-0.183987804,0.117401742,-0.686887802,10.45488794,0.697884514,5.153506786,0.772335433,1.343182458,1.016790615,1.116383367,0.927409914,1.1016705,1.108599576,-0.024787512,4.354774531,0,-0.024787512,-0.536193029,0.288317906,-0.049575025,-0.610555566,6.559558521,1.487659348,2.973382818,50.38182121,2.98082941,2.255533927,1.102504262,0.964275776,3.614551638,1.401651943,-0.268096515,1.371247748,11.47540984,0.346657584,-0.126356964,1.748670505,-0.126356964,4.397222344,20.39676087,0.474024991,2.048230021,12.09868286,2.011919734,2.178120289,0.527963521,2.088081035,3.092811516,0.9410906,-0.268096515,1.294403485,1.5625,-0.268096515,-0.536193029,-2.144772118,1.026306971,1.784517426,-3.066353887,0.167861202,1.939379614,0.664298052,3.405748782,1.238526162,4.321034292,2.799650349,2.057121516,1.901856369,1.385553678,0.363486658,2.42256278,0.155797073,0.381088076,0.529288091,1.434782589,0.237652907,0.487687185,0.052668802,0.270696147,1.496544128,1.545689311,1.846691368,0.320550794,4.550804114,0.10195289,0.114066957,0.015050649,0.050602043,0.057430769,0.581058553,0.067953501,0.204360989,1.556116849,0,1.204819277,0,0,0,13.25301205,1.204819277,2.409638554,50.60240964,0.776904479,1.335902551,1.186096888,1.246792029,0.346478693,0.615373957,0.787992622,0.744275641,0.967036549,0,-0.05539399,0,0.574712644,0,-8.655310899,-1.204819277,-1.260213267,6.868854729,1.495666756,3.632979843,0.873686006,2.149979609,2.514495366,1.021215879,1.090638734,1.096158323,1.138019915,1.219512195,12.20981487,0,0,0,-2.277402292,0.014692918,-1.190126359,14.0317367,2.143382738,2.256293636,29.62480861,2.610568223,3.480150449,1.208564145,2.07274244,3.033745938,1.453338103,3.048780488,4.282985601,9.756097561,0.609756098,3.048780488,0.161622098,-0.59506318,14.66353218,30.49515134,0.029523467,0.906640215,0.023926033,1.238258193,6.11509345,1.026650184,0.023624948,2.157409338,1.411480323,0,-1.204819277,0,0,0,-13.25301205,-1.204819277,-2.409638554,49.39759036,4.401312488,2.081027185,0.220313744,4.251530635,0.032067625,4.754298043,1.840026497,0.248827774,0.323047244,2.755190221,1.341944432,0.031010658,0.067273214,0.116690175,0.416868866,0.791538033,0.120004386,0.152451005,0.060743097,0.532480386,0.615193834,1.982307882,1.494503818,0.195217027,4.197447547,0.045085739,0.023108288,0.009873667,0.031578504,0.073115688,0.343682769,0.049204707,0.234772923,1.319320901,0.156903766,0.209205021,0,0.313807531,0.209205021,4.079497908,0.261506276,2.876569038,49.68619247,0.958238703,1.142529142,0.879371043,0.919884665,0.677284695,0.875396836,0.673708608,1.00947791,1.054122478,0.072138836,-0.163396501,0,-0.13057345,0.019837581,0.043268927,-0.261506276,0.37583591,2.031627046,0.888011579,1.295057173,1.27086444,0.889487507,0.9622809,1.068094584,1.023152737,1.036077483,1.05606416,-0.107715374,0.085925328,0.147565175,-0.26461914,0.13511372,1.675543902,-0.015564318,-0.122019111,1.371357949,1.452270884,28.06580331,145.2438715,2.942442168,10.31354357,1.349790683,1.398737683,1.964742383,1.289318324,0.176676664,21.88123234,50.03706449,0.168030867,23.40087652,4.07469038,0.035009662,6.537811985,16.36273266,0.711068375,2.036911841,6.37341239,1.101476141,3.376156666,0.626693451,1.106228645,1.312586055,0.751903511,-0.156903766,0.375590301,1.169590643,-0.313807531,2.714771587,-1.447918961,0.323289045,1.216998214,-18.1072451,1.221740043,1.990059672,2.353552238,3.531888258,0.12134697,4.480756342,2.113402117,0.572801085,0.547736501,3.191890094,1.530496131,0.043857677,0.246694813,0.235561952,0.396833449,0.922960055,0.154498621,0.268661544,0.060830635,1.07572031,0.624672504,2.043918983,1.611051733,0.266123626,4.845719304,0.096360795,0.037142091,0.009930567,0.050541722,0.085159908,0.934537226,0.091202307,0.366892408,1.908637868,0.406504065,0,0,0.203252033,0,29.87804878,0.203252033,7.113821138,68.29268293,0.673915771,1.712545451,0.904948387,0.902047861,0.795890258,0.846315178,0.881351136,1.056641348,0.912029592,-0.081300813,0.325203252,0,-0.040650407,0.325203252,-5,-0.040650407,1.178861789,-0.487804878,0.910892154,1.181053053,1.025304948,1.190192848,0.93154344,1.098329872,1.432341739,1.102517979,0.972252778,-0.07809684,0.164203612,0,0.289358805,0.65681445,4.768913453,0.781969642,0.439545036,-1.133405423,0.919992459,9.991294013,108.5192833,1.790331792,7.638611762,1.25857713,1.69854148,1.721682524,1.047560492,0.128732331,10.79393399,37.37734166,0.242778298,19.35771632,11.60277192,0.86722076,10.638186,4.499466939,0.169077918,0.725050758,2.944736457,0.763447885,0.652916767,0.379595008,0.787648953,0.605818671,0.68452162,-0.406504065,0,0,-0.203252033,0,-26.03189493,-0.203252033,-7.113821138,-25.98499062,2.523188025,1.745704183,2.633912883,2.713085658,0.104791283,4.538947571,1.747011899,0.025508076,0.065433412,5.409851818,4.648262371,0.028980605,0.192532688,0.166734684,1.07797387,0.068254168,0.062924414,0.16632786,0.176392898,1.517019061,0.134759055,1.889478612,0.862276955,0.154016438,3.709309471,0.033011598,0.027453442,0.012611079,0.020856726,0.064999953,0.788166935,0.06061478,0.442702605,0.678618652,0.079365079,0.158730159,0.079365079,0.079365079,0.476190476,23.33333333,0.158730159,8.412698413,20.07936508,1.04924821,0.939089213,1.219768137,0.878948492,0.676775807,0.929705504,0.934727975,0.960782717,1.037898346,0.150519978,0.071154899,-0.079365079,0.073891626,-0.476190476,-3.333333333,0.147783251,-1.209633279,0.993431856,1.066761956,0.770344146,0.939712787,1.245922705,0.952476424,1.091266541,1.141861116,1.000658018,1.020643469,0.052474077,-0.092810581,0.052474077,0.052474077,-0.34435132,3.298176225,0.302706888,-1.029705664,-0.039813332,1.38415593,20.46345625,127.4559989,2.075551066,18.59501321,1.486240955,2.160486943,1.416882341,1.679208101,0.09968595,18.19400037,56.67981129,0.189211465,44.82372,18.56460758,0.646999474,8.597149394,21.99762686,0.516675889,0.895110027,2.365530353,1.018601571,2.86877707,0.366566802,1.0288921,0.940817996,0.79079365,-0.079365079,0.31408308,0.629854779,0.15704154,3.069908815,-18.60520095,0.077676461,-1.556906451,-5.422154677,24.71180012,2.029362999,1.783752702,0.444831709,0.055383047,0.782662412,2.124268601,0.009621387,0.098993813,3.686935553,2.332106549,0.028540506,0.619427995,0.081034455,0.413704536,0.037967988,0.078248435,0.241959261,0.05773935,1.335292308,0.048659784,1.274420144,0.187811245,0.106479119,4.825543443,0.041022706,0.018264838,0.0087109,0.043301988,0.035056273,1.012361313,0.115287396,0.253092399,0.551249978,0.122399021,0.13004896,0.022949816,0.328947368,0.114749082,36.23011016,0.619645043,3.312423501,15.15452876,0.909862815,1.220487783,1.077356991,0.915746388,0.609598837,0.762718236,0.783249319,0.842582852,1.059372556,0.055884853,0.065488192,0.028810018,-0.09890366,-0.04573597,-10.93680443,-0.079042328,-0.505890259,1.586902108,1.09823557,1.121305913,1.13917888,0.984293817,1.099769241,1.094450834,1.070318844,1.066656443,1.061855758,0.064219724,0.001275342,0.004697405,-0.066298765,0.023487025,4.418217184,0.085359104,0.509804865,0.88085968,1.269592929,23.62636921,197.2170549,1.632589745,25.89776716,1.250100301,1.870290779,1.58426854,1.503238895,0.091969816,12.75045573,55.49245412,0.081415834,30.95648262,12.47448958,1.364797904,4.655972408,11.35370912,0.415967486,0.567881397,1.411321397,0.666173296,1.120513727,0.264953322,0.637409256,0.703471278,0.440112768,-0.030419624,0.017118075,0.271384253,-0.108196817,0.289960263,-32.07264143,-0.178143939,-1.16010562,-10.61074657,18.34948066,0.254585689,0.110427962,0.125911655,0.052332401,3.456488659,2.201915824,0.009766795,0.031403977,0.381690954,0.369068648,0.030957189,0.026202518,0.106963387,0.057654744,0.306419722,0.077319074,0.244745405,0.678346489,0.748458766,0.086208273,0.10801784,3.334367245,0.408864804,2.823247001,0.079634107,0.089434335,0.007219366,0.025105762,0.078654084,0.293092376,0.040125492,0.193674835,1.076582178,0.539892022,2.309538092,0.014997001,0.104979004,0.464907019,3.98920216,0.179964007,2.384523095,38.03239352,0.813836235,1.025155019,1.061631958,0.858282749,0.634431628,0.868156301,0.929350299,1.014225421,0.986130557,-0.146840164,0.086810329,0.035719368,0.009132825,-0.236683359,-0.971578221,0.022901468,-0.000853766,-0.80657889,0.915818478,1.123764061,0.922856273,0.780188307,1.080789796,1.009252861,1.08150372,1.025756122,1.032904527,0.035971774,0.432074326,0.022559334,0.032727556,0.123475555,0.029325632,0.082930334,0.219382763,1.063750695,1.176186637,2.997972115,35.43380525,1.210873858,2.635348042,1.061534039,1.017443934,1.251615767,1.155478936,0.692885353,5.72768695,7.768420935,0.13674205,4.937558536,1.509951817,0.049670994,1.67639061,6.77060382,0.186164198,1.123348203,10.93209905,0.742920593,1.316414951,0.37902873,0.85347262,0.395660122,0.242213052,-0.414137494,0.104948829,2.273735394,0.196831861,1.949579903,-2.329242401,0.146997763,-1.705448649,-32.09677984,7.873973695,0.40383002,0.123519681,3.434958129,0.087831148,3.81788638,1.755677686,0.097268375,0.100149871,1.342669935,0.505499348,0.043186871,0.035238172,0.061226155,0.085456465,0.67761506,0.068584746,0.151895129,0.166486199,0.499801191,0.186674761,0.992169341,1.959307118,0.289410761,3.375025665,0.041899085,0.036313319,0.008329714,0.020942407,0.036741516,0.254265677,0.028140796,0.150749602,1.052423152,0.310237849,0.827300931,0.103412616,0.206825233,0.103412616,3.929679421,0.103412616,2.171664943,36.60806618,0.771551475,1.136252019,1.033389341,1.022247557,0.783292604,1.027903513,1.051071887,0.832126103,1.148503002,-0.018267046,0.19459688,-0.103412616,-0.060839831,0.042572785,0.15791182,0.188558187,-1.295752534,6.603612648,0.847806917,1.437465809,1.274250833,1.205004167,1.603692375,1.045063076,0.711812191,0.998541766,1.146826283,-0.07411034,0.825591631,0.132714893,0.029302276,0.014651138,-1.214213069,-0.103412616,-0.518772381,4.478120357,1.15546162,6.23827727,72.47922068,1.35881036,7.019909128,1.125119659,1.128109354,1.46334965,1.214716003,0.224203956,5.229706195,19.96784629,-0.028677964,6.844330852,-0.247969207,0.015352229,0.975603465,9.472693911,0.312953331,0.441251864,1.826610333,1.492342629,1.847342279,0.455910766,0.53376853,0.479713457,0.206492241,-0.154353204,-0.554502801,0.09144319,0.104944058,0.637039449,-2.916429226,-0.064441455,-1.548126362,-31.23004592,35.94386303,0.111557955,0.060497416,0.401203792,0.02013672,0.555374215,1.369682636,0.005827427,0.013583836,0.28588645,0.084765892,0.013152039,0.017515651,0.031431894,0.022404798,0.214139983,0.024629109,0.111851144,0.18736229,0.636554084,0.028775607,0.059606541,2.035958773,0.22685261,1.973135555,0.019007879,0.011509385,0.003335184,0.010423684,0.017699182,0.13343536,0.018197274,0.065625411,0.330121671,0.100993099,0.15990574,0.008416092,0.075744824,0.168321831,1.548560848,0.151489648,0.496549402,9.1819559,0.892799086,1.949590195,1.198657434,1.093288681,0.816134842,0.870840875,0.809541081,1.045913979,1.126933284,-0.071410217,0.323281323,0.03102775,0.072169583,-0.049990306,-0.128582542,0.02600764,0.173995909,1.083303937,1.193574094,1.280554904,1.38058101,1.252582203,1.352607753,1.16755445,1.123370349,1.256082499,1.238197625,0.036093357,0.041154395,0.0190012,0.079619826,-0.003818084,0.480318698,-0.005264095,0.316830236,2.607479304,1.979369922,7.940978153,111.4283378,1.398803508,8.44966719,1.400494423,1.355123141,1.84822367,1.235876581,0.413072302,1.917775254,11.608034,0.095610309,4.072717723,1.464433583,0.062704269,1.152743758,3.24129128,0.341245347,0.89308092,5.572970868,1.660088312,1.253964522,0.553196829,0.55850095,0.480182051,0.176315766,-0.080928893,-0.089681021,0.29254699,0.19512195,0.082480737,-0.705864219,-0.091297032,-0.26581104,-8.279066654,100,1.004161875,0.773087636,0.834187858,0.133635041,1.770665683,1.894039282,0.056696446,0.108170875,1.784128458,1.042625552,0.075777784,0.238771238,0.078607187,0.215165786,0.230026023,0.069811643,0.20178732,0.218040014,0.900588696,0.104478839,0.696156744,1.6450377,0.228501076,3.357815432,0.044864443,0.03129748,0.006834816,0.027308912,0.042862748,0.514183153,0.060895994,0.184402623,0.674083522,0.247511855,0.560158408,0.020843104,0.184982544,0.234484915,15.15554166,0.333489657,2.407378459,21.54395289,0.892837926,1.289248459,1.13129385,1.000820742,0.681103666,0.879037566,0.883871867,0.973687021,1.067320255,-0.048879186,0.204346397,0.018421494,-0.01175638,-0.098213666,-2.70866435,-0.012443833,-0.058431674,1.677591821,1.041705317,1.345069729,1.161195171,1.02839663,1.15766685,1.125971975,1.111931535,1.101601619,1.107864345,0.020702327,0.29081204,0.02304649,0.002767383,0.036167577,2.600237136,0.068831615,0.3308445,2.392943624,1.389640442,9.350032926,132.7516792,1.708378583,11.39506271,1.265048081,1.680101471,1.672637221,1.348780883,0.367853635,8.057030387,29.4338229,0.121664232,15.58475924,6.150193463,0.526364479,3.831225884,9.690507573,0.277887095,0.925765541,4.290804414,0.813772886,1.235973804,0.268340782,0.531181367,0.501872811,0.277606896,-0.170029181,0.008047869,0.659282591,0.073293036,0.583387755,-13.25721615,-0.118260007,-1.39149451,-17.36419309Healthy2,0.358917427,0.089360316,0.034155571,0.120648829,3.527333178,0.694779352,0.12729049,0.034457343,0.017697476,0.165073696,0.095723681,0.28425356,0.027109522,0.124204695,0.0588445,0.096723164,0.028182527,0.079747007,0.103448397,0.590185397,0.104552793,0.023076651,2.328332561,0.66836216,3.344725594,0.128904411,0.048879198,0.007583156,0.024150851,0.039635931,0.312835986,0.046713216,0.154205125,0.303054565,0.839100008,0.200367503,0,0.07183908,0.303353598,3.349886293,1.045072197,1.290010619,4.128387349,0.8995047,1.400592557,1.142792023,1.342922938,1.372327416,0.96265073,1.023873259,1.080167648,0.888448322,0.454880149,0.592469215,0.044722719,0.604285625,0.688558854,1.128398705,-0.566858375,1.33683212,-0.93958433,0.904407382,0.981324962,0.85576046,1.026386764,1.357926738,0.938714648,0.961320837,1.178342818,0.960890563,-0.105267124,0.331148585,0.125853118,-0.026631124,0.075434281,0.740996173,-0.613742773,0.657165374,0.780280332,1.290482017,1.599157147,0.693209254,0.613036326,1.114804038,1.444438784,1.005427191,3.022532246,1.11966203,0.334425184,0.539519099,0,-0.009804341,0.133808894,6.343574222,-0.74188514,12.03446749,1.503479314,0.001485289,0.653563834,3.083176759,0.076301725,1.174654406,0.052534316,0.785979332,0.659876154,0.080291221,-0.839100008,-0.200367503,0,-0.07183908,-0.303353598,-3.349886293,-1.045072197,-1.290010619,-4.128387349,3.318793703,0.107611949,0.051075915,0.187400001,2.380337396,3.762355612,0.089930926,0.037507214,0.062650345,0.273386786,0.132033659,0.164767029,0.036186798,0.266900167,0.079264857,0.290678631,0.057843139,0.119886913,0.368114083,0.473474335,0.113792253,0.041946472,3.755477457,0.685249636,3.992710655,0.151543291,0.073990658,0.00896268,0.039226156,0.192886295,0.298440638,0.063297775,0.102247525,1.106453626,1.223299052,0.896584971,0.042358894,0.227417226,1.979409538,4.186083054,0.4326442,1.015274436,37.90598035,1.090059031,0.991471312,1.120746518,0.958600406,1.03743416,0.953764857,1.022067585,1.052134459,0.979998313,0.486726419,-0.122775643,0.015871134,0.054643988,0.21093828,-0.239342562,-0.089017719,0.196408968,-1.024073579,0.977077225,0.852660775,1.013365785,0.923135294,0.971926451,0.958201104,1.021291084,1.060829067,0.973309561,-0.05794708,-0.280347824,0.003687384,-0.035299172,-0.31534515,-0.150498661,0.091671851,0.054393637,-1.383121884,1.265595912,1.026366348,1.225950223,1.144912005,0.898820647,1.299492276,1.079510439,2.678436921,1.106125094,0.636158194,-0.113133394,0.026794849,0.049161286,-0.287022442,2.069076213,0.054051925,4.062285929,4.52629432,0.237779965,1.23272565,1.384380306,0.166905735,0.549305945,0.319079948,0.536807773,1.794494685,0.189292843,-1.223299052,1.277328073,-0.042358894,-0.227417226,0.194503506,-2.01217001,-0.4326442,1.158638607,-35.7320673,0.248091804,0.18090963,0.081737719,0.25671184,2.392044174,3.724214899,1.242994536,0.047184946,0.05373029,0.711185351,0.266346504,0.191219086,0.05717555,0.306970063,0.128099332,0.262870155,0.087854559,0.205240867,0.468396995,0.65451499,0.170306257,0.069577817,3.93972753,0.929710111,4.051214484,0.154660924,0.077641713,0.013263672,0.050367913,0.274017217,0.3791818,0.08934043,0.135686873,1.158217841,0.221238938,1.194826707,0.221238938,0.165562914,3.061380073,7.014838736,0.75993618,1.427636909,40.45204197,1.107201477,1.649243865,1.273477174,0.799063267,0.98879818,0.948550977,0.987885227,0.809755841,0.913914427,0.822286967,1.148045135,-0.087549098,0.104738948,1.344910488,-1.918869208,-0.126117259,-0.550648588,-3.630041415,1.003143657,1.04137848,1.226554026,0.840755464,0.963275044,0.924588904,0.90509214,0.863173295,0.924353329,0.834818531,-0.844585161,-0.112543286,0.063905685,1.235232443,-1.473848409,-0.247356972,0.042969779,-3.590148245,1.430197379,1.476011463,1.057302432,1.043592848,0.886176884,1.344938294,1.182340613,2.072836096,1.134803322,2.37884354,0.474930726,0.134899769,0.154949907,0.666949158,2.877961762,0.20694595,4.685531495,4.52525736,0.804584703,4.047349989,10.25362392,0.283037576,0.668180823,0.430914962,0.54865877,2.550836076,0.39903884,-0.221238938,7.138506626,3.945427729,-0.165562914,1.105286593,-7.014838736,-0.75993618,2.739029758,-32.11870864,0.134496794,0.109696742,0.071204183,0.260579222,2.5094828,4.329529727,0.363521869,0.079926219,1.594088513,0.417733083,0.195619095,0.283895489,0.041457583,0.324933062,0.213267359,0.368719452,0.082902857,0.12944133,0.342034716,0.392898088,0.147636214,0.058002181,4.348736078,1.125819848,5.355003344,0.221491148,0.068006322,0.018977118,0.072905654,0.205875561,0.378929019,0.091290215,0.103024435,1.519827217,2.407656735,0.142585551,0.095057034,0.355473701,1.088173321,5.481388215,0.520833333,0.863418885,59.51548528,1.118784918,1.207290729,0.607384636,0.92842052,1.082415895,0.91209359,0.979749526,1.031968878,0.931085642,0.167394459,0.305514969,-0.095057034,0.15144263,0.509104583,0.336724111,-0.190595365,-0.112027878,-5.52425289,0.98620024,1.231159063,0.700192623,0.790017599,0.987408015,0.974406418,1.013435011,1.107516874,0.947506483,-0.688954277,0.801967194,0.159224265,-0.246541239,0.019778118,-0.728545332,0.222829353,-0.14184572,-5.581153962,0.968632614,1.276226113,0.49905351,1.037307013,0.908885437,1.371819946,1.164869768,3.114208351,1.046711645,-0.048229861,0.452571354,-0.095057034,0.579395523,0.245665316,4.786217359,0.1241419,3.74375682,2.155493916,2.164991087,12.52459645,0.021304212,0.025035431,0.014537155,0.010964676,3.794206526,2.078011654,1.417976145,-2.407656735,-0.142585551,-0.095057034,-0.355473701,-1.088173321,-5.481388215,-0.520833333,-0.863418885,40.48451472,0.810458384,0.187289252,0.120858189,0.365031549,1.796881245,3.322676218,0.306010102,0.157989364,0.200687082,0.428964495,0.186546618,2.262179482,0.070634671,0.305698831,0.099840617,0.350535293,0.106911058,0.28850278,0.43180027,0.607188443,0.419208226,0.173913064,2.849517307,0.716003654,3.79008199,0.148070063,0.086061162,0.013100161,0.048336509,0.142433534,0.335041927,0.070185147,0.098318215,1.24469409,1.558126556,1.045183689,0.088269129,0.314194,1.397235976,5.190141456,0.567837689,1.169709282,44.83599992,1.1141391,3.287799268,0.952876459,1.091762983,1.221731848,0.988977103,0.991622901,1.210947345,0.930959768,0.13950766,6.9795544,-0.06067531,0.341100347,0.933381941,0.179485031,0.094111321,0.026191264,-4.835107361,0.970333737,2.40780356,0.943047094,0.911358241,1.154949674,1.072504912,1.00679046,1.123400077,0.931021762,-0.296063902,3.927684037,-0.005941498,0.145123877,0.808784722,1.346577446,-0.02337384,0.620237654,-4.291345931,1.19961802,1.17677004,1.076956713,1.241020179,0.957455037,1.280463808,1.012297868,2.554925249,1.036104578,0.36895029,0.605050896,0.011537633,0.326330307,0.049721574,2.709863353,-0.060304846,3.653525049,-1.043036449,0.044077683,0.968303928,6.408606061,1.727147059,0.699480783,0.25313015,0.685362652,2.097617243,0.189236602,-1.558126556,-1.045183689,-0.088269129,1.769139334,0.686097358,-3.106808123,-0.567837689,0.913624051,-38.58599992,0.353701944,0.463974668,0.199581039,0.736663564,1.342169614,4.070742927,0.524455061,1.591720891,1.300314221,0.440382124,0.161014652,2.817905491,0.167289424,0.369701982,0.162532142,0.556263395,0.08565014,0.255596942,0.147714541,0.437014652,1.192192543,0.384943623,2.510113043,0.517179998,4.330904748,0.104567376,0.159437266,0.010615321,0.057490819,0.136435325,0.430904684,0.056581093,0.124598778,1.545866386,0.659082041,3.317702773,0,0.359119893,0.9005219,9.06320888,0.117370892,2.965280955,56.58936916,1.235577965,6.281900947,1.254675632,0.958202424,1.098936162,0.810308925,1.308568171,0.911486233,0.947464865,0.305613024,35.00572555,0.061728395,0.141579577,0.665185582,-2.70809755,0.129542688,-0.849407899,-4.267707889,1.186901969,3.290622681,1.500078072,1.013496025,0.876220126,0.997757326,1.697502252,0.952831735,0.985473677,0.655446088,13.12874113,0.167100694,0.116659695,0.222149764,-0.12310906,1.165383911,-0.092248316,-3.274509808,0.967204981,1.005367028,1.4401902,1.40323936,0.747802837,1.002618172,1.26101395,1.624170604,1.098377013,0.189279153,-0.78774211,0.171839569,0.125219676,-0.068916901,-0.548037567,0.611234066,0.345670458,1.668133538,0.003008329,1.16372664,5.004155634,0.647718616,0.728691603,0.408374341,0.825406242,0.555759705,0.203591038,-0.659082041,-3.317702773,0,-0.359119893,-0.9005219,-9.06320888,-0.117370892,-2.965280955,-39.92270249,1.143587315,0.92516547,0.079401426,3.439988577,1.109236864,4.044003696,0.320280138,1.327100152,1.204260458,0.172786213,0.138371543,2.836047756,0.112987072,0.209683085,0.272912357,0.519973289,0.090644043,0.185417855,0.036122751,0.333227294,1.983276359,0.421132266,1.579736069,0.384043296,4.071401946,0.061704915,0.063886068,0.011075774,0.048457733,0.050080591,0.28637092,0.052353861,0.072860727,1.077506879,0.366698226,0.364029955,0.026041667,0.30399112,0.426753498,3.799332877,0.198230065,0.438977137,34.97224889,1.165841475,2.574128242,1.20115903,1.054973642,0.946700583,0.963110585,0.983336952,1.0374117,0.929365248,-0.044075191,2.835844313,0.022407946,0.322501922,-0.238712291,-0.383593675,0.020214929,0.225542492,-2.882536388,1.067004279,5.546534131,0.71896607,0.96711721,1.106833472,0.952871366,0.883509655,1.035309901,0.949300701,0.093893108,8.238978915,-0.026041667,-0.012442878,0.290402803,0.26012484,0.103000278,0.171343277,-2.828911459,0.930618139,1.128442605,1.398008462,1.404705324,0.928469592,1.148393577,1.036279559,1.575048566,1.142009954,-0.044525759,0.072140612,0.055256226,0.205344696,-0.142890892,1.121481607,0.131359934,0.621556743,8.11879062,0.004211597,0.403145657,13.18092817,1.174388383,0.556142792,0.675700186,2.557646735,3.872673063,0.493711568,-0.366698226,-0.364029955,3.973958333,-0.30399112,-0.426753498,-3.799332877,3.801769935,7.561022863,-18.97224889,0.275385884,1.472323323,0.553343547,3.786825324,0.871157934,3.606512473,0.391881727,1.425238812,1.547093904,1.62750759,0.490106383,2.460628734,0.243810958,0.332863257,0.260390086,0.632710988,0.570044615,0.264215099,0.102974359,0.578935592,1.453020375,0.877401321,1.846894367,0.431306593,4.119043121,0.076125133,0.172055212,0.014251046,0.092312203,0.066860058,0.550812787,0.101039789,0.160453207,1.309164094,0.635274659,3.332946067,0.05387931,1.34995877,0.382035579,12.92744187,1.361887223,2.941662717,46.91959646,1.065485721,2.334790637,1.470101154,0.737149529,1.282858112,1.016038689,0.926493298,1.176016064,0.934904761,-0.331524953,7.454567418,0.185007819,-0.439092602,-0.034923342,-0.513550284,-0.786589862,0.892047872,-2.596434327,1.345737098,1.922822802,1.032532424,0.646241598,1.043280986,0.937599725,0.566673121,1.071264891,0.99997962,0.154573538,5.971761784,0.066893637,-0.603372891,0.17557616,-1.460466477,-1.152947211,0.359104215,-1.527550552,0.976530312,1.317128861,1.358799961,1.379804209,1.2788749,1.127327775,0.844563001,1.4608601,1.15157313,-0.335295255,1.482194999,0.100441677,0.115425466,0.759312758,2.639699987,-0.360108608,1.523165844,7.363976693,0.005423041,0.218515908,17.07076338,8.87635178,5.006347678,1.092113204,0.851942472,4.810456887,0.968013048,-0.635274659,-3.332946067,-0.05387931,31.98337456,-0.382035579,-12.92744187,-1.361887223,30.39167062,19.74707021,5.170491833,2.017037478,0.298950753,4.234742203,0.070320811,4.775872988,0.252403438,0.203833703,0.305266063,2.795084747,1.374073749,0.031495856,0.108399256,0.173002651,0.554503558,0.512937014,0.112299063,0.057019371,0.139487585,0.928790956,0.940694552,1.055102808,1.49866105,0.334750144,4.856016736,0.046305938,0.042791847,0.012533698,0.037038215,0.071005248,0.295345207,0.053779025,0.128785342,1.019426409,0.287541631,0.333666133,0.026474117,0.28744063,0.533918109,4.298755892,0.313442321,1.166850579,33.70642349,1.052571784,1.13303389,1.171778699,1.044195337,1.002547507,0.957558896,1.017308489,0.974814942,0.935150894,0.066305869,0.138634408,0.106636408,-0.028323872,0.090686011,-0.160505999,0.045360124,-0.06543175,-2.846046668,1.065675301,1.158953522,1.113922837,0.994269665,1.047641027,0.952086997,1.04445734,1.011369672,0.943092701,0.022359437,0.232938987,0.075884757,-0.088737916,0.15766862,-0.072656254,0.032750388,-0.147527184,-2.256246751,0.765321106,1.820209481,3.349911704,2.051598784,2.481720746,1.132000592,1.208011469,1.090340968,1.230356733,-0.057007486,0.834170832,0.538220564,0.235758403,3.23556217,1.166392427,0.103464741,0.131356068,12.56981754,1.16860659,2.925109916,13.73491435,1.040197683,7.130123009,0.378075719,2.178249522,3.408058926,0.643788475,-0.287541631,2.892140319,3.199332335,-0.28744063,12.3693077,-4.298755892,-0.313442321,4.209493507,-18.65266005,1.903464555,1.857240293,2.411019487,3.524140158,0.151817232,4.480902389,0.359814439,0.541262491,0.562944423,3.273407232,1.497371448,0.039751163,0.291225196,0.25824355,0.355672993,0.673847181,0.143836393,0.107629883,0.10244016,1.39943003,0.79212181,1.217975017,1.671384828,0.383718657,5.243026953,0.079333183,0.061417584,0.016521416,0.051716404,0.073739086,0.759641875,0.109801627,0.204151919,1.49821554,0.516774828,0.451804324,0.170906037,0.461122183,0.420295047,21.562196,0.924565852,2.593432178,55.2778089,1.116505865,1.378917708,0.889943636,1.048802637,0.953404998,0.983570994,0.909843538,0.967746937,0.921859046,0.20940104,0.526811738,-0.089538298,-0.095367866,0.130485888,0.453838467,-0.286321279,-0.328028787,-4.8020081,1.040211256,1.009244577,0.88520503,0.95536574,1.019011323,0.921158104,0.885365996,0.938618698,0.928797078,0.034649532,0.22062382,-0.093071478,-0.168209052,0.095803427,-2.837086315,-0.380983429,-0.324014737,-4.803928433,0.629349269,0.970769101,1.305305141,1.61582384,2.289810099,1.198590608,1.212838142,1.158516831,1.057087419,-0.264010363,-0.055141137,-0.101186765,0.265088967,1.578919201,7.629271482,-0.064698032,0.456984804,3.042811365,0.02143974,0.009289496,27.22710819,0.012552349,4.773178791,0.800685909,0.825397776,3.106674652,0.156222176,-0.516774828,-0.451804324,33.1624273,-0.461122183,-0.420295047,-21.562196,-0.924565852,30.73990116,-55.2778089,1.304148668,1.681487384,2.634874784,2.641847511,0.16467551,4.501911146,0.219767192,0.035262369,0.060087416,5.385745201,4.459251624,0.029687459,0.322081195,0.237661584,1.272179666,0.089234467,0.039745639,0.068165973,0.323540309,2.056099434,0.145842551,1.100317193,0.857261022,0.213536139,4.479101727,0.051325892,0.050908048,0.016187377,0.020714462,0.054535744,0.74499107,0.0762013,0.279713704,0.440987322,0.304790947,0.801588298,0.03045067,0.162064745,0.259381856,21.67659718,0.526126384,3.523608817,10.42566188,0.930818498,1.087376975,1.31480198,1.113146991,0.975972364,1.006546534,1.023271325,1.032630589,0.988406796,-0.044204547,-0.10905979,0.042673103,-0.016769392,-0.068138849,-1.070742294,-0.117796566,0.150899584,0.434835985,0.953502785,1.00880583,1.093955245,1.198946001,0.928207634,1.006552775,1.053365653,1.00048275,0.948387108,-0.092605928,-0.271398748,0.067711098,-0.012651578,0.149513301,-0.382311593,0.101456792,-0.16314016,-0.753749539,0.660775776,1.491864516,2.645574829,1.807904813,5.989541438,1.514726388,1.524078199,1.151725625,1.557351576,-0.074685521,0.119299859,0.417893377,-0.019613019,4.300264056,19.21594636,0.307180452,0.791961342,9.249722382,0.049008825,0.869119212,6.914835256,0.080343404,6.687203689,0.63410885,0.799760599,1.827719536,0.827450894,-0.304790947,-0.801588298,4.136215997,-0.162064745,3.907284811,-15.42659718,-0.526126384,6.89305785,-4.175661876,20.54376028,1.90433918,1.870147083,0.543343512,0.10160511,0.917447598,0.160735366,0.017424774,0.097255018,3.793346241,2.313735893,0.032066171,0.755882298,0.145332453,0.521157078,0.053549819,0.028004322,0.089937072,0.068270806,1.898128283,0.05315943,0.931131035,0.268079546,0.187980709,5.104200213,0.053297184,0.044488404,0.014928024,0.048161553,0.037281441,1.070266538,0.156670281,0.172514972,0.455532043,0.284496185,0.503269452,0.089467993,0.342905455,0.203531995,35.74737325,1.101373243,1.640017265,9.578156623,1.038281618,0.972833803,1.060035084,1.048325636,0.903654744,0.990105584,1.027493905,1.024907298,0.93527285,0.047283705,-0.038597647,0.000603062,0.083256413,-0.044821205,-0.841777137,0.02079255,0.088255637,-0.951315677,1.008016374,0.949855693,1.01609436,1.016451127,0.922189692,0.992451122,1.01627745,1.011905009,0.927138386,-0.025127,-0.010188125,-0.017748975,0.036483234,-0.033159735,-0.985642114,0.024144114,0.027432765,-1.163260647,0.965017385,1.362052361,2.381800097,1.515304803,5.008228235,1.118973193,1.318953271,1.199834275,1.559167364,0.003823679,0.230380801,0.197675323,0.190814389,2.187984569,6.382274353,0.535936747,0.354421559,9.453666428,0.221325258,0.271471346,0.801886814,0.314602667,1.292755082,0.161561022,0.353867713,0.866730546,0.296309568,-0.207926507,-0.235275578,0.063671364,-0.189766098,0.562164789,-33.45028289,-0.641955172,-0.338332732,-7.625629823,16.96996574,0.18998479,0.104454412,0.200363597,0.103408181,3.654916911,0.245421898,0.015981066,0.035821514,0.629481731,0.468913842,0.04079577,0.040161156,0.2139446,0.059608347,0.245729782,0.061107089,0.121175051,0.769777644,1.286953079,0.11998601,0.067750413,3.25499082,0.908033439,3.011624755,0.111558928,0.076625686,0.011135399,0.038377842,0.147019757,0.31037385,0.070030775,0.113425558,1.023395891,0.987061434,0.920892001,0.066902731,0.327732734,1.265321023,4.585458765,0.535373312,0.97940639,35.02994395,1.083310184,1.190511964,1.040292132,1.034160051,1.059839803,1.004226829,1.020679714,1.002272874,1.004670793,0.09560827,0.414615806,0.021512375,-0.008750292,0.203072986,0.086971507,0.027567474,0.010982329,0.171327899,0.985596296,1.020916576,0.969530598,0.901813143,1.011855521,0.991870235,0.99346216,1.095438129,0.941231033,-0.010263341,0.107054239,0.020283753,-0.086273267,0.039050308,-0.145862197,0.027424908,0.193459689,-2.976605066,0.986914987,2.186198422,1.29052699,1.143896038,0.954835421,1.187549955,0.932108359,1.270702475,1.167985348,0.07959481,3.381495121,0.063056434,-0.024391081,0.059650093,1.556523575,0.040804937,0.609714408,7.561988317,0.110256074,0.943812264,5.774390042,0.215020232,0.653964046,0.313181594,0.524497923,0.658470513,0.128530443,-0.898722212,0.580874783,1.169846386,-0.327732734,0.589802652,-3.790405762,-0.358694867,-0.184353386,-32.37976728,8.0441181,0.244861342,0.126627935,3.319477227,0.230796891,3.382104024,0.461438559,0.048466995,0.12308223,1.207437773,0.658781165,0.064484482,0.059806014,0.169788582,0.124939522,0.271080191,0.116809866,0.110496147,0.273398507,1.123644734,0.269606501,0.265886623,2.943859721,0.808503765,2.683294173,0.089729958,0.079701654,0.019152418,0.06636153,0.14077966,0.381469667,0.064086026,0.101827919,0.76641007,0.881101266,1.010973169,0.195847194,0.592832474,1.243672059,6.44518674,0.558437901,0.927133042,23.55250816,1.072962561,1.000510278,0.992943593,1.151668766,1.015127266,1.03512452,0.90011918,0.984845475,0.945601536,0.063907327,-0.132718609,0.033837711,0.106068664,0.202383045,0.604777879,-0.094138196,-0.043633931,-2.033595882,1.010813455,0.941068828,0.999312096,0.998422639,1.002773288,1.024745172,0.986191151,1.082082653,0.960471416,-0.041624547,-0.150503423,-0.055826261,-0.019269828,0.118093877,0.108305373,-0.017002358,0.005905778,-1.627984233,1.058605921,1.278067087,1.079735112,1.103004282,1.003127609,1.195433394,0.851075465,1.193643697,1.290409417,-0.006204693,0.567065042,0.019034652,-0.011855349,0.193799427,2.441953423,-0.16926711,0.109552977,9.663950871,0.053297502,0.348363767,2.524361175,0.269810556,0.631620216,0.400120954,0.456099952,0.954330673,0.236394283,-0.881101266,-0.714237264,0.694360521,-0.296096569,0.338919434,-4.170211468,-0.162790028,-0.333661232,-19.69494139,39.40274189,0.104772572,0.059675343,1.349398886,0.063417698,0.79595406,0.196885722,0.014555632,0.055072332,0.51559001,0.158619897,0.028875522,0.030783098,0.134584439,0.048560433,0.303896453,0.055105198,0.074548501,0.154897313,1.030659609,0.106033551,0.042098785,1.926099034,0.783140817,1.028822307,0.049214081,0.041769562,0.013031407,0.047057808,0.054312731,0.343367318,0.042699495,0.088359749,0.479292788,0.394695271,0.353329247,0.083217893,0.518478834,0.403652588,5.232909247,0.380602377,0.751997938,12.43788275,1.019683715,1.602464371,1.090371302,1.127004297,1.019182768,0.987132852,0.946960253,1.007707216,0.966057974,0.013414472,0.776299175,0.035946313,0.118600833,0.126251783,-0.043229529,-0.054032983,0.067131172,-0.832637934,1.007129938,1.144209618,0.99573155,0.956679931,0.985227542,0.944573811,0.968803963,1.09499166,0.943010757,0.022178683,0.358853432,-0.020049489,-0.026573464,0.014071942,-0.409792,-0.094706927,0.161676088,-1.120202702,1.654018786,1.197605292,1.015555172,0.912315737,0.906832359,1.084578252,1.057975569,1.430575644,1.421710335,0.396402146,0.224841266,0.002582459,-0.077900266,0.076618732,0.935242195,-0.046772581,0.690687352,7.433567773,0.054209633,0.232256606,1.813214042,0.251350754,0.247735613,0.249608589,0.248725801,0.311785139,0.056953332,-0.377896077,-0.213335967,0.398358991,-0.328087972,-0.196462534,-4.23055736,-0.319005334,-0.572806539,-12.11869807,100,0.865184234,0.706490057,1.269772408,0.245180469,1.919037865,0.202608993,0.071435496,0.121109503,1.728262561,0.855699728,0.113747762,0.275209519,0.1720382,0.25168092,0.24359599,0.055679947,0.095562275,0.235545128,1.278717486,0.186815477,0.448213947,1.715725648,0.580226003,3.089790538,0.073332031,0.053422328,0.013538549,0.046736616,0.081872907,0.580317228,0.091838744,0.128672956,0.708091093,0.557160981,0.589574688,0.078707509,0.403819655,0.648707479,15.35713505,0.681694212,1.208112775,21.0650867,1.058697051,1.301941804,1.068813909,1.0508828,1.003704371,1.013933887,1.035278394,1.036527032,0.964887732,0.073814062,0.507733063,0.019767104,0.060838467,0.083746452,0.235360363,-0.001466572,0.080984343,-0.987939201,1.025708869,1.147914423,0.998679103,0.963703852,1.016623746,0.973055977,1.004210613,1.042678096,0.961026533,0.012827057,0.29458607,0.000909896,-0.019796847,0.053001494,-0.72555536,0.005680115,0.079144385,-1.170793404,1.10805675,1.440058306,1.742078206,1.282556863,1.711450919,1.130656923,1.170801251,1.316178485,1.339966491,0.117988963,0.57737949,0.127210523,0.071253136,1.088098814,3.115780272,0.172521868,0.716924051,9.599917021,0.064053526,0.284043927,1.966587918,0.279086606,0.345242739,0.172821992,0.204212191,0.398884652,0.080512165,-0.531022885,-0.336906424,0.448410766,-0.207783933,-0.165152698,-14.15478263,-0.551003731,-0.776834186,-20.15460968Healthy3,0.656862509,0.081082204,0.027528517,0.089285425,3.292967938,0.655506384,0.230810621,0.038581721,0.015182403,0.658946532,0.156954363,0.181821393,0.021966582,0.073878814,0.103886457,0.087900756,0.037117317,0.026249002,0.077326836,0.477406883,0.057886744,0.025264236,2.053831861,0.69645289,2.648289398,0.032451538,0.044031147,0.017608983,0.015036268,0.024802795,0.215859989,0.025694901,0.118020137,0.18368244,0.187954634,0.368735999,0.037909748,0.136536285,0.244908504,3.054742837,0.190134227,1.262974816,2.543817565,0.966190134,0.968824825,0.600392525,1.166174049,1.020788911,1.153320168,1.044305402,0.503275436,0.959641966,0.033227109,0.141559175,0.004907636,0.026089714,-0.004788002,0.678371065,0.007329507,-0.728603137,0.773263292,1.123299999,0.883702715,0.539968292,1.053770271,1.043851496,1.04002542,0.929454307,0.475844636,0.870019534,0.116181089,0.085750004,0.065048793,0.089401998,0.002428543,0.463923699,0.005253988,-0.901185509,-0.018945902,2.004320869,1.599400316,0.649743046,0.921920471,0.977287931,1.131523862,0.944234079,0.749037411,1.164743528,0.235708333,0.718836898,0.156155159,0.001297431,0.055308458,0.577300474,0.010296412,-0.324504216,0.910514416,1.106645703,0.190944749,1.076012756,0.466609502,1.070230444,0.725570113,0.529361883,0.665596234,0.503745765,-0.187954634,-0.368735999,0.23986803,-0.136536285,-0.113674908,-2.367953686,-0.190134227,-0.698003064,-1.865851463,2.192040879,0.093530343,0.022921355,0.12622349,2.614861501,3.201913821,0.10492093,0.041824427,0.075201969,0.771214859,0.167764465,0.145379195,0.020106694,0.145657776,0.112477882,0.143055956,0.033942842,0.024615443,0.306384918,0.442928589,0.083585254,0.028901433,3.606169197,0.677787621,3.041915645,0.042598987,0.047341139,0.051427055,0.01890472,0.081859365,0.210661909,0.027271882,0.067715993,0.550074802,0.212297723,0.533344308,0.251635246,0.159783501,0.565711436,2.680894713,0.151078019,0.790791853,11.84501078,0.903954906,0.950904997,0.209893268,1.10485967,1.161268082,0.994280777,1.004026573,0.830051868,0.896151385,0.024396756,0.089410709,-0.197728525,-0.030620413,0.112201755,0.160839726,-0.004583805,-0.180125539,0.843807441,0.987493149,1.044206013,0.22715566,1.230237734,1.150819245,0.95599774,1.116416727,0.717897006,0.826668919,0.010257501,0.129917251,-0.177040371,0.097619784,0.155727191,0.210608946,-0.041128189,-0.287765059,0.6352971,1.337522107,1.807997392,0.318035433,1.218351318,0.824218432,1.09275629,1.204452884,1.284305028,0.746682585,0.071443138,1.353806573,-0.236819787,-0.05889465,-0.02984498,1.074046166,0.021990436,0.31377855,-2.707531252,1.066993791,1.96330912,0.218929469,1.013163096,1.502543923,0.605780278,1.138161718,1.101159773,0.679042561,-0.001992781,1.043641706,-0.205333233,-0.008843484,0.075917932,-2.099513952,0.082120696,0.132910577,-2.899418126,0.799282877,0.14425406,0.051047048,0.208116959,2.53552004,3.31000498,1.063585857,0.067680285,0.089926512,1.580800363,0.40001044,0.200982893,0.039189925,0.151647353,0.11993621,0.111660068,0.073875456,0.068648904,0.465458556,0.648176453,0.084386084,0.052054485,3.633000294,1.025721638,3.028374967,0.066388738,0.142557512,0.062253755,0.035438027,0.184520776,0.420488693,0.08445113,0.13472362,0.565282697,0.082518699,2.630886064,1.429341094,0.074469277,1.136445488,5.906887013,0.818999107,2.556557089,13.3556997,0.860550042,0.539337235,0.244081484,1.20556015,0.927194197,0.882271458,0.677624387,0.627201416,0.938615679,0.149727897,-1.570760952,-1.404525443,0.571106051,0.483446842,-0.766983479,-0.395049714,-1.450810117,-0.73700714,0.867125238,0.493645544,0.181117988,1.060349041,0.891257605,0.82814329,0.563115647,0.651700624,0.957389408,0.138131975,-1.514408719,-1.407351305,0.217181838,-0.306779745,-0.382916332,-0.536756254,-1.897971384,-0.076015785,1.377476815,0.77864874,0.228462471,1.163115282,0.848538788,0.804810178,0.669243321,0.634878159,0.896791065,0.319739039,-0.33943057,-1.30855942,0.095483289,0.382863481,-1.327835806,-0.742596495,-2.064379113,-3.234082419,0.900927003,0.904947241,0.305405667,0.805025243,0.903119702,0.414869536,0.522799718,0.504712883,0.548604224,-0.082518699,-0.367263271,-1.429341094,0.269173335,-0.467549167,-4.550705469,-0.332906353,-1.869271866,-9.27776906,0.252477573,0.120698191,0.047357753,0.223904591,2.478071445,3.798863334,0.479131695,0.086314368,1.848587198,1.330063882,0.335686308,0.206483614,0.03714667,0.239774605,0.158681977,0.263843452,0.071716469,0.050059799,0.303249694,0.472301154,0.274755965,0.04442437,4.039799379,0.97622478,4.223572077,0.16862997,0.102564209,0.12837307,0.050712286,0.297439523,0.395058206,0.067464191,0.199490264,0.875009152,5.289441097,0.565318187,5.080483871,0.50901138,4.1959447,4.680436411,0.076952617,5.368239986,24.10190763,0.382489198,0.545950989,0.068100278,1.191309489,0.587168663,0.828387175,0.807794105,0.390588218,0.9289507,-4.728413722,0.03052818,-5.080483871,-0.134783503,-3.088573597,-1.212446679,0.303807792,-3.958776612,0.06922298,0.558375037,0.569800148,0.081959936,0.92175341,0.571043464,0.859732864,1.000307961,0.349610484,0.850353093,-5.003727638,0.033678499,-5.058394187,-0.131401487,-3.400872775,1.599971482,0.382397691,-4.937232241,-1.537214375,0.460508151,0.630766138,0.087769028,1.002858332,0.515525802,0.793964863,1.057251523,0.565629796,0.85111145,-5.157885543,-0.062638885,-4.981117548,-0.255340235,-3.634730146,-1.150901887,0.183285229,-4.594059465,-4.623157151,0.810161333,1.59989852,0.105004091,1.18876721,0.616375498,0.492938796,1.005958874,0.318200178,0.756104151,-2.908488716,2.752340408,-4.992533123,-0.392461264,-2.65366552,-2.964408376,-0.076952617,-5.368239986,-5.196472692,0.461217061,0.16353611,0.08502172,0.244925873,2.355434459,3.010389656,0.494040353,0.188611749,0.267839493,0.944670616,0.252015726,2.624391224,0.063160829,0.19246033,0.11318454,0.216632027,0.101863987,0.206532424,0.488490515,0.489085347,0.397953808,0.162659958,2.655946358,0.730391597,3.318589448,0.059188309,0.057474363,0.027510426,0.036628318,0.086723557,0.325098578,0.045445427,0.062030881,0.635787049,0.198796528,0.843566559,0.097841034,0.233398906,0.537880663,6.130009101,0.243420334,0.563061356,18.14772464,0.883902054,3.231927583,0.454825288,0.85572012,0.981239342,0.932579518,1.110629323,0.926159292,0.97138295,0.099729092,3.564933443,-0.058789662,0.045728645,0.266671891,-1.679381136,0.236981038,0.058893719,0.360427233,0.841677556,2.272744081,0.394689928,0.779262636,0.891300225,0.819941642,1.0070114,1.026506077,0.92213935,0.022733275,1.08061101,-0.08517158,-0.017616079,-0.002345804,-1.545615603,0.101596855,0.35610012,-2.313489463,1.047695502,1.645127675,0.459451381,0.985250745,0.683418993,0.953480603,0.94151475,1.287211903,0.92169568,0.296265809,0.930271835,0.108964782,0.19607262,-0.048098326,-1.02428129,-0.127283044,0.339366295,-3.832231093,0.709115129,2.094363165,0.640319901,1.311943164,0.871653949,0.69866923,1.188391553,1.23633546,0.904061372,0.027960842,1.583970814,-0.097841034,0.808267761,0.188713987,-2.866566378,-0.243420334,-0.042228022,-3.559273517,0.204827175,0.534035471,0.266322049,0.649257512,1.596157099,4.047261916,0.676251458,1.416090534,1.545587252,1.081931396,0.24545162,3.015705833,0.198006408,0.21000454,0.238043703,0.280540884,0.086659719,0.215630161,0.166603091,0.492144392,1.261001924,0.272952282,2.376862089,0.584094793,3.847711357,0.075156487,0.171406034,0.047633957,0.075196411,0.155666286,0.396676457,0.072598364,0.12323666,0.772145247,0.763594006,2.93345084,0.522580645,0.769489378,1.455107424,6.719481988,0.442896588,1.928370411,23.15759382,0.917984198,4.008573346,0.291507296,0.731741016,0.546609906,0.90280032,0.90873024,0.708933262,0.999385716,-0.27903042,19.87078634,-0.474687925,-0.299432365,-0.76610591,-0.471728891,0.049714249,-0.43951787,0.35241652,0.765576472,2.159512113,0.187114906,0.618123171,0.519158754,0.781109322,0.613797902,0.610228236,0.959177801,-0.293240765,6.974853188,-0.522580645,-0.20887521,-0.970307058,-2.640390665,-0.085823698,-0.554381248,-2.718119513,0.792280231,0.88338473,0.235811329,0.737677961,0.429121195,0.756890351,0.591420333,0.656615272,0.880461283,-0.332882986,-0.845702703,-0.522580645,-0.291198839,-0.880813399,-2.427174041,-0.232975948,-0.578300722,-4.889687498,0.822755629,0.904942468,0.487986609,2.353585814,1.022545768,0.742287136,0.848251763,0.891849108,0.884082492,0.278072661,-0.720226073,-0.522580645,3.397177288,3.753225909,-1.421820332,0.598770078,-0.280643138,-4.409383374,0.298877585,0.976287865,0.078919748,3.25525774,1.130394079,3.901822216,0.291723193,1.22151916,1.365166274,0.435111273,0.148253338,2.917316862,0.087539585,0.081265833,0.306385355,0.332331158,0.100457474,0.116189145,0.060959769,0.213506164,1.830416066,0.265057982,1.161672848,0.438097989,3.772263457,0.027135836,0.069150043,0.024210866,0.06680562,0.033604892,0.494873553,0.035726388,0.097586423,0.621740555,0.101010101,0.602740246,0.103686636,0.123195509,0.24222452,13.39483458,0.050665784,2.002776897,13.75971084,1.093279661,1.167977374,0.435338164,0.650582036,0.933259648,0.536799238,0.842125483,0.838806589,0.874710416,0.225787285,0.215416106,-0.103686636,0.320098633,0.052059833,-9.738223604,0.056562826,-0.527417578,-0.462843093,1.045262423,2.611056705,0.460159386,0.589847376,0.983615167,0.438609617,0.95289418,0.824300651,0.929948283,0.098551054,2.352873404,0.064663532,0.118178516,-0.103174195,-10.88366386,0.180448841,-0.618993275,2.055891375,1.210492303,0.967519395,0.257174481,0.765403474,0.876467568,0.470687258,0.802021715,1.001128669,0.687259935,0.026582904,0.000729222,-0.103686636,0.166268872,-0.24222452,-10.35328528,-0.011679429,-0.081570218,-4.670413346,0.967725166,0.745302689,0.707682334,0.73703903,0.788890625,0.285723171,1.173941883,0.673550081,0.693966797,-0.101010101,-0.037768495,-0.103686636,0.615387354,-0.24222452,-13.39483458,-0.050665784,-2.002776897,-4.347597005,0.423790687,1.395029903,0.335914214,3.352286239,1.133745141,3.818263271,0.458245476,1.392450746,1.718353516,1.82153225,0.410336689,2.87153429,0.190472719,0.186984895,0.465681812,0.266469881,0.221330241,0.182785231,0.094383081,0.503696236,1.736177517,0.347940013,1.409758766,0.567360847,3.97506372,0.056051773,0.130491154,0.062928527,0.097167908,0.086145137,0.503715817,0.085498667,0.151751893,0.666240758,0.369998842,1.910129436,0.548221196,1.00749246,0.637509172,9.25395431,0.847269675,2.360686711,16.35213028,0.830692929,1.086154104,0.278733454,0.722081094,0.70634864,0.762707931,0.603757408,0.831480025,1.004752361,-0.047452883,0.267275132,-0.405771054,-0.509376472,-0.231238522,-3.511989279,-0.532259893,0.311463413,0.99594301,0.943862826,1.664387649,0.228803086,0.525550779,0.584389362,0.795146144,0.636508809,0.795792014,1.023773068,-0.048350752,2.003881092,-0.429278473,-0.756222453,-0.472794806,-3.02593394,-0.606956508,0.029235332,1.692641007,0.842527429,0.726415548,0.260658927,0.776266624,0.612602499,0.700827028,0.68616297,0.809101178,0.865419355,-0.203413666,-0.851552193,-0.476910013,-0.605329997,-0.199514161,-3.351035945,-0.703303939,-0.151578409,-3.19219092,1.116885843,0.940669206,0.240711777,0.813649594,2.033769282,0.639400758,0.309039607,0.30829498,0.969538354,-0.369998842,-1.315952371,-0.548221196,-0.407373624,4.918046383,-3.098279919,-0.847269675,-1.968529849,-1.170906275,3.267990512,2.038186151,0.211369044,3.977915233,0.112159575,4.675647197,0.263099071,0.258502067,0.285323439,3.892447711,1.145984039,0.042305018,0.12605037,0.121940317,0.777399553,0.282403995,0.155527551,0.031545789,0.175291863,0.954514503,0.673382215,0.585165953,1.219355753,0.389241639,4.245729686,0.040339216,0.069856113,0.05299087,0.049027763,0.143587211,0.341925399,0.071022086,0.146788697,0.576529352,0.130175128,1.008931844,0.924198613,0.275219835,2.39038931,5.924380681,0.623319497,1.187358941,15.00625359,0.621456489,0.586843975,0.248142387,0.619038853,0.339963097,0.733693139,0.620328112,0.67131418,0.889498728,-0.028362105,-0.550555981,-0.856623777,-0.121736231,-2.190920383,-2.796845345,-0.390125231,-0.625542931,-1.649838789,0.698927233,0.490433525,0.253558358,0.580585651,0.329530258,0.708120224,0.5897438,0.695534318,0.869070062,0.003337942,-0.723047438,-0.882972958,-0.121975416,-2.194619967,-3.00257108,-0.381163852,-0.544837952,-2.581450018,0.68823043,0.874896861,0.580061849,0.783730711,0.760078556,0.749651051,0.77030756,0.659271129,0.842299593,-0.009822577,-0.366827765,-0.703071545,-0.054446529,-0.60345339,-2.632272888,-0.30612495,-0.477399314,-4.08696005,0.427108143,0.429997879,0.460177025,0.491715106,0.833643473,0.365454955,0.353823933,0.564971705,0.70256712,-0.130175128,-0.903483624,-0.791584628,-0.176275883,-1.142226095,-5.240343439,-0.526441695,-0.699143453,-4.590964974,1.012195735,2.057751281,2.190434106,3.462130902,0.218599588,4.588357953,0.364851964,0.788821459,0.669345549,4.191431575,1.133902305,0.048376793,0.298707981,0.195465827,0.578699434,0.376300702,0.119435665,0.05360144,0.162825353,1.352524859,0.671202466,0.619481589,1.65319354,0.452566783,4.652605404,0.06037816,0.078650585,0.036928506,0.072084338,0.093489505,0.735059294,0.106069722,0.206462377,0.80756825,0.265966249,0.915446807,0.282521729,0.845910573,0.599874282,21.0688476,1.139938582,2.315227253,25.67344788,0.612749455,1.093836684,0.378847651,0.560219742,0.61043377,0.884890359,0.706081871,0.820378539,0.986394945,-0.123814427,0.085773251,-0.231111357,-0.546955526,-0.327763855,-4.914874046,-0.740631125,-0.684874352,0.936715556,0.66081118,0.597382894,0.342469877,0.495745457,0.677373278,0.885626942,0.715143872,0.852912159,0.906194177,-0.096585659,-0.640680235,-0.251595239,-0.567159078,-0.399527098,-5.561827225,-0.823671151,-0.98493923,-3.208422191,0.660338162,0.686765696,0.423561249,0.666471786,0.765461915,1.014006229,0.952515349,0.750635153,0.871270748,-0.067878156,-0.47726097,-0.234964101,-0.496747231,0.006652571,-0.247586181,-0.577922414,-1.145955014,-5.196168289,0.4711998,0.395295853,0.570429487,0.401534933,1.059767427,0.592077623,0.221747218,0.483506654,0.704158899,0.340094357,-0.767653843,-0.092588205,-0.793084372,0.128404893,-12.25745082,-1.139938582,-1.608857065,-8.854281641,1.236750024,1.829382246,2.701847286,2.420584375,0.214742871,4.511033699,0.241648852,0.040421318,0.07039332,5.908395174,3.195472533,0.033704823,0.390044264,0.195551423,1.674461359,0.107701935,0.066224408,0.047318065,0.46575819,2.202181283,0.108474318,0.503571855,0.691625425,0.289914037,3.829277575,0.054109329,0.066378692,0.048226892,0.047429358,0.122945424,0.852696759,0.119798289,0.284258259,0.263432775,0.127464921,0.579072213,0.532590144,0.463340668,1.814278427,25.1006997,1.734231181,4.601359463,4.996207013,0.560269802,0.667946851,0.426895812,0.381591314,0.279031797,0.908587596,0.497909338,0.638983514,0.717246817,0.046300453,-0.069509554,-0.477226917,-0.193487249,-1.636711685,-2.932441151,-1.562657256,-3.375144603,-2.095403001,0.595087351,0.600983238,0.430278092,0.286917439,0.251463972,0.861602437,0.519740294,0.689517798,0.705323074,0.039717246,-0.120483118,-0.37279753,-0.410009201,-1.686372547,-4.246618722,-1.286735801,-2.999235572,-2.397917055,0.588298899,0.903158942,0.503127535,0.425461537,0.774809206,1.28212324,0.853960798,0.707436363,0.766326343,0.092486063,0.078302439,-0.49828768,-0.330222014,-1.128269191,12.60003821,-1.280140681,-3.130867069,-1.753371432,0.396156297,0.345376826,0.485751831,0.375486625,0.964373459,0.579246241,0.366192215,0.548348428,0.450214874,-0.127464921,-0.475552544,-0.429070475,-0.164347308,-0.203768722,-14.68571709,-1.423672175,-3.35765623,-2.968684216,14.37460029,2.137589776,1.781734928,0.50336025,0.143326318,0.850299267,0.315604362,0.020268411,0.097412658,4.496478795,1.648147525,0.030697119,0.826822757,0.129507061,0.728338999,0.059625827,0.04648331,0.046024695,0.113493562,1.983367584,0.041636741,0.410499671,0.241453095,0.259248306,4.348885358,0.046961463,0.047855749,0.032324009,0.050105698,0.045916457,1.00920493,0.129536444,0.163778779,0.287256216,0.195750928,0.578895612,0.22418548,0.434149639,0.312629722,32.30262139,1.034557938,1.604925464,5.29855528,0.767760204,0.829790216,0.475695037,0.649262947,0.455420982,1.022895898,0.844210031,0.859732504,0.857526642,-0.041924084,-0.093314573,-0.130958158,-0.175090415,-0.225078568,1.678060928,-0.492251329,-0.407386669,-0.833355056,0.764315542,0.783391968,0.467978769,0.639779621,0.412062433,1.017114723,0.836157052,0.862798079,0.801206972,-0.045582883,-0.090946418,-0.151213905,-0.165338746,-0.219303438,1.574536872,-0.468847562,-0.426324233,-1.278653227,0.837968624,1.141945876,0.642107529,0.886262537,1.297990467,1.085162278,1.353220028,0.814689418,1.043885745,-0.044434786,0.138667144,-0.134041271,-0.119668984,0.179034673,4.834516812,-0.031976445,-0.614691303,-0.1126514,0.592325911,0.38601548,0.401313873,0.559014165,1.803979091,0.84862253,0.626150365,0.698726381,0.570125591,-0.130567723,-0.475536217,-0.1853591,-0.314876809,0.783806773,-7.661854045,-0.792888946,-0.746896001,-2.609473833,10.08817163,0.182554495,0.075796315,0.149863502,0.146983048,3.586856144,0.495573354,0.019665779,0.033208199,1.442978987,0.431471064,0.032715901,0.03673637,0.150224854,0.083358468,0.132200848,0.061784341,0.049380849,1.28123105,1.022934994,0.075441967,0.041065615,3.007149061,1.00056942,2.150462952,0.041014953,0.114838381,0.038667207,0.034398333,0.125782377,0.308563458,0.05550562,0.086192869,0.560497395,0.172866357,1.64177259,0.472213307,0.256904354,1.461785456,5.043036668,0.436948446,0.709286248,15.09995338,0.775830752,1.074743743,0.280999497,0.712877585,0.728777621,0.832824841,0.71524571,0.818081528,0.974412088,-0.02399781,0.362340565,-0.399335274,-0.060456802,-0.860737895,-1.478419102,-0.193073954,-0.143355893,0.103771801,0.845583831,0.985434257,0.272442449,0.726400931,0.744555369,0.796032081,0.688849492,0.830941684,0.939131531,-0.003804463,0.067548052,-0.433737568,-0.029776764,-0.839646386,-1.63475078,-0.191218335,-0.183997046,-0.864670333,1.07637647,2.787214045,0.301995018,0.866290077,0.68120816,0.990527805,0.779822876,0.813213096,0.937648015,0.044796382,9.195960543,-0.412088848,0.020396538,-0.932059427,-0.746944901,-0.1686523,-0.25736122,-2.425135208,0.754951079,3.235361916,2.186650816,0.721452036,1.332581445,0.500216066,0.750839546,0.653045645,0.710353469,-0.159332726,9.046905944,1.21423545,0.006772252,0.699916835,-4.159226098,-0.114274812,-0.430022682,-5.09295927,4.057896946,0.274350553,0.10156681,3.220558751,0.2294163,3.011268256,0.607233943,0.060007521,0.106176032,2.280231846,0.624513142,0.059210949,0.048834108,0.131366655,0.23622626,0.139729378,0.156675976,0.055706999,0.15203058,0.847353713,0.221527835,0.159354588,3.079349423,0.72773948,1.566272705,0.034800969,0.069554908,0.033295673,0.068517921,0.163103126,0.402592735,0.044248237,0.08890291,0.404943062,0.129524731,0.722933058,0.325860951,0.496892702,1.776816697,6.969388501,0.530115991,0.653177444,6.998840511,0.812987688,0.883518752,0.641318397,0.883620943,0.805973226,0.857890197,0.634827925,0.792714727,0.916240238,-0.008963947,-0.027077446,-0.139643589,-0.073514645,-0.835287124,-1.965003372,-0.366257652,-0.188451694,-0.764452792,0.901524174,0.91615911,0.607141887,0.830073495,0.814715467,0.860670923,0.70740975,0.820231673,0.911106895,0.026965314,-0.059291335,-0.162461417,-0.080226175,-0.819729798,-2.291765362,-0.25429359,-0.175858967,-0.812122526,1.324421742,1.320444069,0.598663402,0.834589073,0.68483601,1.174975586,0.78529188,0.838103675,1.36174014,0.042840414,0.848634256,-0.206386249,-0.014617094,-0.889077971,1.685252506,-0.330293355,-0.187808243,5.126029944,0.65949925,2.001319243,2.037023038,0.584513303,1.183835,0.51162848,0.530055,0.653761286,0.65768821,-0.129524731,0.73133414,0.180759321,-0.177263684,0.109734359,-5.175509363,-0.378944411,-0.302525106,-3.133917814,60.6631113,0.084233689,0.026813795,1.023190358,0.085873739,0.527071623,0.30006571,0.013992246,0.030163975,1.030015293,0.207775787,0.021944554,0.019545184,0.129318664,0.045094583,0.25206704,0.067538556,0.028122639,0.053583979,0.44620591,0.055225286,0.020830659,1.42862908,1.00559864,0.284139874,0.026157514,0.03399526,0.02801105,0.033484965,0.042048093,0.330706298,0.030127347,0.053002803,0.331233042,0.088217871,0.342545792,0.311429471,0.333490748,0.438493636,5.558680204,0.300468357,0.328595368,6.604084465,0.798069701,0.916419204,0.392351403,0.89340899,0.698508725,0.921077692,0.768125325,0.903535442,0.933024708,0.015217548,0.05226426,-0.25570853,-0.041759004,-0.258865219,-1.051889983,-0.114672221,-0.020828892,-0.840571932,0.833090062,0.866327137,0.380497506,0.84881423,0.714146707,0.856393629,0.730093372,0.879956108,0.89435917,0.002213798,-0.008276999,-0.253044438,-0.071484493,-0.251735251,-1.419718665,-0.120464992,-0.04465904,-1.128417117,2.127356598,1.584353557,0.397260542,0.773822969,0.576647816,0.986277179,0.796171616,0.98769971,1.391761991,0.197746938,0.458621389,-0.257764317,-0.118456283,-0.27586057,-0.858978975,-0.134245906,-0.028406523,2.93763527,0.606584929,1.190954326,0.879066176,0.938539015,1.020270445,0.442155105,0.4995842,0.86830403,0.756284643,-0.059156905,-0.052601615,-0.134509244,0.062019121,-0.186123389,-4.584898565,-0.213916039,-0.121089918,-2.589332535,100,0.571019565,0.405869165,1.016744161,0.237733063,1.320468504,0.34318167,0.050019946,0.088700918,1.868900911,0.586063874,0.077720204,0.178687437,0.134382675,0.236352309,0.20094089,0.072991557,0.042246707,0.212493471,0.824605155,0.107707182,0.124741887,1.499901926,0.830477038,1.576496807,0.039828292,0.054922018,0.034768147,0.049487204,0.065403259,0.490332839,0.069698698,0.101245759,0.371029479,0.165601046,0.667777431,0.361255884,0.466715212,0.642912982,12.00987633,0.832628499,1.20031044,7.893441171,0.679094143,0.864997452,0.360727998,0.627160746,0.646391633,0.88462367,0.608137423,0.712851054,0.930987142,-0.030449239,0.010429004,-0.293328236,-0.193446218,-0.37412339,-2.1213829,-0.563231409,-0.636736751,-0.580060164,0.704677105,0.807426335,0.348686463,0.601455043,0.64765892,0.841624247,0.579695,0.688441567,0.88240448,-0.03872557,-0.091859388,-0.296715533,-0.207161983,-0.367352601,-2.530272232,-0.563668474,-0.670837857,-1.083039505,1.308106857,1.468285228,0.388866464,0.623680124,0.669003826,0.87877398,0.690155052,0.699700165,1.22310567,0.089607701,1.049891397,-0.291877298,-0.220127215,-0.297155974,-2.824790026,-0.530565929,-0.715476981,1.673176321,0.557784934,1.342916673,0.827509965,0.598790727,1.138219215,0.589984597,0.490127208,0.68707965,0.731111183,-0.117391955,0.719326049,-0.053864654,-0.166016987,0.10126634,-6.499421537,-0.658102636,-0.741953028,-2.74151616Healthy4,0.768427055,0.06299516,0.007237459,0.118465696,3.038862443,0.404118512,1.289177947,0.052073825,0.025215409,0.316285382,0.099651205,0.138899573,0.074473752,0.037638937,0.126118693,0.091256755,0.076955451,0.063133778,0.080844602,0.282413158,0.080016114,0.008084957,2.164145284,0.287102455,3.812413625,0.003899874,0.018011327,0.002583162,0.007399183,0.006551833,0.078743435,0.009210909,0.017527483,0.041146516,0,0.239367063,0,0,0,1.14473417,0,0,0.538010575,15.24437992,33.55521153,142.6010734,2.861121601,3.975566676,1.926681012,0.790017796,3.384108098,1.23235681,0,29.93684439,5,0,0,-0.823792622,0,0,-0.09612748,1.392718356,0.641144814,0.820301167,1.914578599,1.243087487,0.358214226,0.940092597,0.861161252,1.289355215,0,-0.072422155,0,0,0,-1.061261716,0,0,0.306331444,10.80573504,3.711468496,1.141650414,1.356501297,3.266954063,0.939038754,2.555035584,2.737825314,1.315760876,0.738763159,0.534821579,0,0.102408916,0.336866346,-0.391553473,0.129441023,0.691461303,0.185295291,4.568069852,0.362821621,0.140285448,0.350887783,1.909797433,0.896207443,1.280755562,6.52955101,1.468719734,0,-0.239367063,0,0,0,-1.14473417,0,0.833333333,-0.538010575,0.58241936,0.040770886,0.017224762,0.07111081,1.741072352,3.196217621,0.178930783,0.016984629,0.031352517,0.332930676,0.185827686,0.083880163,0.019080963,0.038854228,0.069898492,0.060114267,0.051509595,0.011788236,0.040056004,0.194884164,0.066894056,0.011826397,3.14032246,0.484539266,3.805312257,0.013925566,0.001647239,0.001039577,0.013533821,0.022426317,0.094007437,0.015967026,0.013605039,0.12194011,0,0,0,0.505050505,0,1.751480534,0.109649123,0,0.581395349,1.92129194,20.11251409,14.47938417,1.05583584,0.65553498,1.725255195,6.585021734,3.543306557,1.220295961,0,0,0,-0.505050505,0,-1.751480534,-0.109649123,0,-0.581395349,0.369166697,4.341391656,2.683487939,1.214639002,0.977904912,0.19485708,0.98295208,1.014389808,1.521537841,0,0,0,-0.33022533,0,-1.751480534,-0.109649123,0,3.788148151,1.505486773,13.31487428,0.733533079,0.528080496,1.463669112,0.66158182,0.677540854,2.487954273,1.150271537,0.245355766,0.227830354,0.017525412,-0.469999681,0.509567988,-1.190667355,-0.057072887,0.438135296,2.240195959,2.660603558,36.31599682,27.11992152,0.816466939,3.542802081,0.58647032,2.828028879,7.640324514,2.038264708,0.938967136,1.877934272,0.469483568,-0.505050505,0.938967136,-1.281996966,0.359834445,1.408450704,5.991374604,1.488731407,0.096339845,0.035215106,0.173913141,2.241019498,3.174865092,2.284627469,0.046019047,0.087945751,0.898492431,0.427646302,0.231689434,0.04107515,0.092373466,0.179240359,0.110164623,0.197374309,0.151072135,0.179344743,0.187515909,0.122726999,0.019605199,3.625325004,0.773013957,4.212292215,0.011254718,0.045810079,0.006417824,0.039498488,0.084473645,0.258480772,0.032657453,0.046469949,0.302101491,0,0.502562272,0,0.362544699,0.22606333,1.252542249,0.203207542,0.139472679,7.279132492,4.623757654,5.334145549,66.76065268,4.487010639,0.950118622,1.606649969,2.888482445,2.827548851,1.061597966,0.108414757,6.642313514,18.34574781,-0.234151671,0.098208011,5.93743603,0.241613865,0.237570953,1.874745575,2.45073487,0.805552202,0.990811797,1.962638477,1.215807336,0.391153751,1.604025346,0.957060877,1.074743355,0.091911765,-0.272782861,0,0.268260254,0.549284967,-1.101323209,-0.157251659,0.156289705,0.578839645,5.251971149,1.621788475,1.044372997,1.085423815,0.723610566,0.591846533,1.596117025,2.030605688,0.991700075,0.499755375,0.827237611,0.038850039,0.040201156,0.077302531,0.368556226,0.12680035,0.829860791,-0.329440459,8.860272957,4.723072014,15.40443725,1.165120175,2.824585569,0.731098073,5.505608128,4.394117266,1.775669978,0,5.692127993,2.654867257,-0.362544699,3.313759679,1.402325007,5.106526971,1.630438826,7.765115296,0.09957838,0.104140691,0.031986538,0.18405781,1.783035942,3.661474925,2.002630662,0.075148726,1.7237743,1.174536661,0.462464672,0.23220674,0.017964564,0.183254055,0.199377122,0.11203171,0.08667835,0.17103139,0.121130576,0.12650965,0.177209051,0.034417312,4.460697435,0.938760069,4.853021699,0.023567224,0.142620666,0.005703734,0.11608327,0.312486169,0.296847352,0.11022402,0.059890037,0.264357939,0.877192982,3.65497076,0,0,3.333333333,1.754385965,0,0.757575758,4.090909091,4.754795343,0.549918109,1.917785353,0.456698334,0.524581458,0.768546725,1.593493357,1.168509222,2.738390071,1.083591331,-2.674578603,0,0,-2.043378995,-0.317372803,1.893634166,0.075757576,20.02338046,4.389428913,0.389132882,4.298997752,1.143325567,0.869184298,0.431872571,0.636051554,0.802353445,2.654284912,-0.877192982,-2.762113617,0,0,-3.333333333,-1.754385965,0,0.135281385,18.23051948,4.408285788,0.33813248,3.856352481,1.294194054,0.266638321,0.657917896,0.526020481,1.684465427,1.98424002,-0.295719014,-3.272617819,0,2.515151515,-2.901960784,-0.34115994,0.33637593,-0.267379679,9.525084318,1.876984837,0.858420833,9.781550829,0.066050782,0.839203946,0.9196863,1.041235428,2.537377168,2.448243495,-0.877192982,-3.65497076,0,0,0.512820513,2.091767881,0,-0.757575758,7.447552448,0.635760739,0.152321547,0.07682693,0.352360718,1.387109869,3.040905232,1.800422244,0.176329323,0.211184328,0.645719103,0.364694695,2.638058631,0.074220206,0.110438921,0.198196869,0.122280135,0.218566321,0.254766165,0.128267279,0.230706258,0.449830431,0.126583375,2.36135836,0.499758444,3.633142442,0.007720394,0.013550665,0.004878575,0.025324394,0.034395994,0.118409448,0.024196158,0.032463827,0.178181419,0,0.057471264,0,0.173611111,0.113378685,1.472010873,0,0,3.028410063,17.93852221,30.02808699,99.36512503,9.328724011,7.478322827,2.941924229,6.422535369,5.405899333,1.907668537,0.239520958,12.25687365,20,13.82638889,3.886621315,9.158487661,0.119760479,0.194281525,1.498847738,1.932330145,14.17857828,1.03939501,2.422198994,1.398168827,0.472683182,0.908771005,0.906330924,1.964751438,0.190839695,3.151203479,0,0.590914883,0.039526514,-0.975360781,0,0,4.804187924,4.958926267,6.540548462,1.860170978,1.773878513,0.88688382,1.050751436,1.59335633,1.546779036,1.718186747,0.260044781,1.633884852,0.09696585,0.190075284,0.159221714,0.552718224,0.228310502,0.292660567,4.503306246,5.440829101,7.843258055,9.114125297,4.192260553,4.327499832,2.091944565,2.237415547,3.85801155,2.476052119,0,0.942528736,0,2.826388889,0.886621315,3.527989127,0,0,7.971589937,0.218614878,0.295819606,0.081039033,0.825101203,1.26801785,3.788035571,2.378419315,1.165879899,1.216946004,0.943116796,0.342515238,3.069872504,0.068371928,0.198218109,0.426912254,0.258617946,0.12697471,0.372811805,0.032249205,0.10623055,1.079588893,0.198053057,2.453541447,0.545759749,4.135540063,0.027150758,0.034011983,0.00874336,0.102471586,0.043163678,0.279137802,0.033285442,0.064229045,0.364062839,0,0.362318841,0,0,0.362318841,2.486381887,0.378787879,0.362318841,7.456630208,1.718779416,14.49578829,2.084732345,0.459161572,1.170975376,0.565056508,2.235100406,1.225535972,1.426514878,0.490196078,16.12701109,0.330033003,0,-0.148643627,-1.282607664,-0.378787879,0.457910241,5.208075176,1.791860968,13.03947885,0.558179175,1.274522921,2.411688903,0.463659723,1.353073023,0.698977738,1.844631735,0,12.87692847,0,1.430491551,-0.362318841,-2.486381887,-0.378787879,-0.362318841,13.48230988,1.547799931,3.318767843,0.844088443,0.556603582,0.999821288,0.604347161,1.013079513,1.233168964,1.011339885,0.287260909,1.708597372,0,0.081499593,-0.03124424,-0.557916129,-0.144239633,0.615194106,0.755780863,7.738934157,9.268726652,2.095062125,3.589796969,6.692166904,1.574959359,4.055292631,4.348226389,2.723446058,8.571428571,11.06625259,0,17.14285714,8.209109731,11.7993324,2.478354978,5.351966874,26.82908408,0.538515876,0.416612782,0.026893758,3.54112322,0.783976692,3.526464068,1.802231923,0.799568443,0.876534963,0.269106167,0.144728971,2.873847305,0.034732849,0.053428289,0.340536735,0.191571723,0.075389276,0.104327094,0.007751645,0.035085122,1.319771091,0.146690378,1.228781253,0.275271885,3.917886755,0.011624117,0.021988034,0.004130366,0.043880591,0.047783144,0.15064581,0.029599537,0.019325352,0.192902478,0,0.131233596,0,0.40445764,0.635542884,2.080239764,0,0.131233596,2.615930999,1.13284759,1.970479112,0.904459904,0.770363535,0.306497662,0.872562694,0.745019298,2.077563185,1.535466882,0,0.540705705,0,-0.40445764,-0.635542884,-0.638354891,0.260416667,-0.131233596,4.083964461,1.048900796,4.225715856,1.210204255,1.155237098,0.312378313,0.454873168,0.628825344,2.072782642,1.197018039,0,0.990949306,0,-0.041261514,-0.635542884,-1.942877127,0,-0.131233596,0.960153933,1.516545905,1.444294915,2.567666617,1.072837903,0.364407753,0.657685271,0.933776814,2.74619154,1.093673575,0.127226463,0.385623911,0.042408821,-0.266263378,-0.593134063,-1.280001763,0.095785441,0.084786336,1.512515228,3.393278786,2.999443348,4.505116585,1.317869171,0.555686653,1.404878398,2.639667536,6.58001344,2.400531167,0,-0.131233596,0,0.39554236,-0.635542884,0.319760236,0.8,0.668766404,9.384069001,0.513427443,0.908413851,0.180931729,3.499303968,1.381818282,3.568316877,1.782014811,1.282275768,1.240833549,1.864828465,0.842210301,2.656865409,0.212625934,0.136121027,0.677752122,0.237112397,0.361357758,0.237807464,0.088612551,0.247841448,1.602155204,0.264664211,1.687052419,0.670724006,4.107154866,0.028557408,0.084779031,0.018412321,0.123392918,0.052130108,0.365699957,0.078662611,0.090179199,0.329740441,0,1.220815612,0.61829922,1.027689733,0.773358586,5.857813382,0.752880796,1.669456902,5.945741436,5.643789384,5.618529681,32.26321114,3.861341867,3.500346111,1.719227373,2.688174656,3.426183172,1.43105184,1.176470588,20.84852502,24.96993607,17.44508327,4.226641414,8.788968276,0.58522139,0.928756142,7.565453401,0.94475315,2.141524179,1.007934555,1.200437518,0.619417762,0.452716329,0.604546643,0.866425699,1.096597807,0,1.158275486,-0.61829922,0.456744983,-0.773358586,-5.552935333,-0.752880796,-1.364578854,1.099026127,1.320310348,0.681129769,0.895183994,0.588255033,0.602249775,0.53080874,0.662606818,1.094602607,1.127357849,0.288184438,-0.92560837,-0.466101814,-0.583532233,-0.63034875,-3.942444914,-0.452547327,-0.533378729,1.536802548,0.000625198,1.406357372,0.03269918,0.311146975,0.00975608,0.142175034,0.002741126,1.873879225,2.118533803,0,-1.220815612,-0.61829922,-1.027689733,-0.773358586,-5.857813382,-0.752880796,-1.669456902,22.62568714,2.761238593,1.542200278,0.248285087,4.452161156,0.160779188,4.386592848,1.471867345,0.261641851,0.304590666,3.490391139,1.930256171,0.080426261,0.123482713,0.08966661,0.956406848,0.239405996,0.327981101,0.104347957,0.072569512,0.460990329,0.745639238,0.31818808,1.453408427,0.530457593,4.506668276,0.019242583,0.023659954,0.009186242,0.057048962,0.037362777,0.279322385,0.052859244,0.12758227,0.319189645,0,0,0,0.495403193,0.079357445,2.595098816,0.607942163,0.337760136,6.271422553,2.407240106,9.180201773,34.2510268,11.65421734,5.408374277,1.265835411,4.892491328,3.253543289,0.797120779,0.088747298,1.986771854,0.970206264,21.2404882,3.026736089,5.868602312,3.913790839,3.838374923,-1.406930234,0.844638573,0.755173455,0.954835722,1.224428101,0.509212776,0.446138262,0.592405664,0.774201243,1.186866178,0.030229746,0.086126843,0.025667351,-0.164583005,-0.053690094,-1.863874157,-0.440250872,0.121396808,2.89117003,1.321533672,3.30729872,7.01974418,0.979463059,3.56391036,0.73789107,1.105200788,1.054052552,1.31158194,0.073028238,1.237696171,1.115615965,-0.117187629,2.852398129,-0.523567758,-0.326984168,0.63470537,4.136465971,1.522302858,2.000290789,2.919181536,0.922620361,3.803739385,0.458336007,1.071211702,1.47696391,1.78855622,0,0.641025641,0,0.145622448,2.057394692,-1.313047534,-0.39426695,0.944291146,10.1815689,0.429367348,1.388875753,2.065119961,3.627823189,0.332542459,4.178332722,1.79915211,0.601794622,0.608727263,3.688850743,1.702080395,0.119913557,0.32907612,0.151302833,0.719043397,0.282694365,0.282910089,0.188202031,0.076321887,0.751199742,0.630655178,0.371700337,1.656476379,0.549221647,5.063095965,0.049913008,0.039821149,0.010748502,0.076502249,0.021009218,0.705535764,0.142971195,0.160006149,0.389943521,0.319535221,0,0,0.430820215,0,18.91259278,0.713136846,0.78901879,11.04346646,2.966815818,7.995108933,48.22700191,7.293318173,7.573965486,1.01494204,1.556397308,2.247497819,0.991869592,0.088599809,6.810551559,16.66666667,16.3077889,6.738609113,5.997650674,-0.046365749,16.90201592,-1.916769085,0.500443895,0.665947994,0.801021234,1.22878182,1.255282444,0.433767393,0.410090004,0.838791326,1.249559257,-0.319535221,0,0,0.586584905,0,-15.25161949,-0.575015299,-0.512775696,3.517072309,0.724623329,1.59964686,3.187064706,0.911197885,5.136097715,0.791314635,0.769264061,1.108128435,1.370783205,-0.109929943,0.393095024,0.371310295,-0.137881603,1.46060653,-5.974508005,-0.218427903,0.615505472,3.744502767,0.130097676,0.496466339,5.149314567,0.651545495,6.364666653,0.577265535,0.70236585,1.626190868,2.427694292,-0.319535221,0,0,2.694179785,3.125,-9.537592778,-0.713136846,-0.78901879,29.58153354,1.09050983,1.027427208,2.118369386,3.053568701,0.267061287,4.208770823,1.402350114,0.04713478,0.080244578,5.664923872,3.996195616,0.067486396,0.223313744,0.128805787,1.141062356,0.090133405,0.221152764,0.117255084,0.162987739,1.067740093,0.171435789,0.306357,0.854118432,0.40623328,4.258243534,0.021303169,0.043503345,0.014502803,0.035110987,0.032795618,0.58798322,0.06273966,0.231704015,0.138721308,0,0.788302606,0,0,0,14.57856141,0.187265918,1.839544085,1.8104799,3.925737644,5.611883772,21.81229607,7.40394589,5.006113144,1.29910417,4.465438062,2.294752953,1.543660012,0,6.148682875,9.603652148,5.309534501,1.333333333,9.129024303,3.0480282,12.63388804,3.431982689,0.590295219,0.452442255,0.47853278,0.738720411,0.421399954,0.422659645,0.636743237,0.681253888,1.067075964,0,-0.666351387,0,0.102669405,0,-12.18486181,-0.065314698,-1.101576438,0.499832115,0.872806942,2.684901202,6.698445083,0.781764262,4.641520727,0.993367942,1.429363815,0.938634763,1.257009331,0,0.643710781,1.50921796,0.251851852,2.443545387,0.273231772,0.054839346,-0.388524823,2.247489148,0.696820154,0.241423824,0.899660653,0.627702399,3.489403487,0.312474559,1.183956325,1.338604639,2.456045626,0,-0.788302606,0,0.512820513,1.025641026,-12.52727936,-0.187265918,1.237378992,5.369007279,12.29262438,1.321430459,1.417477373,0.492087695,0.221253878,0.756438701,1.650999799,0.031993475,0.081545233,4.200300318,2.295083836,0.060935782,0.581879502,0.076309243,0.489128912,0.053283686,0.222716589,0.157913807,0.085581917,0.930904699,0.073464402,0.216963521,0.199791815,0.320358351,4.820317134,0.017575372,0.045948555,0.010212183,0.050773746,0.014745095,0.72091463,0.104415107,0.108487834,0.11937534,0.051960789,0.770164944,0.061498972,0.497115012,0.042676669,19.98369919,0.469749748,0.61977179,1.444594331,7.136025382,6.29394252,47.09258167,12.08578281,3.098764196,1.130098489,2.843423228,3.587241269,1.329665559,0.342403873,8.822980108,19.44993776,15.95353731,0.150451055,6.576861612,4.456963977,5.905157354,1.023875312,0.865981567,0.281358324,0.644707225,1.176978254,0.600940175,0.630357892,0.847262923,0.714123523,1.157063643,0.004994259,-0.694993168,-0.042952978,-0.15670179,-0.036494671,-12.13759167,-0.187279373,-0.316779822,0.132111424,1.682805724,3.848579148,10.81358849,1.072410012,6.331382548,0.844559812,1.900081107,1.330023602,1.681786598,0.106104885,2.662881542,2.112008038,-0.130252178,1.466980169,-3.920118042,1.154938551,0.791347175,1.929870243,1.429091634,0.364024802,0.738564399,0.679042283,2.475781824,0.466951908,1.037153666,1.561544774,1.502827345,0.022638242,-0.620966884,0.050399573,-0.385216467,0.255719452,-14.72446756,0.127042494,1.394402026,1.390168818,14.84592363,0.138122698,0.075744093,0.114514507,0.075483001,3.39844148,1.747740974,0.008389196,0.031348367,1.03354502,0.654564713,0.03239615,0.021343744,0.051408662,0.093229082,0.066720473,0.064387322,0.096328742,0.377444952,0.459001323,0.066891122,0.023895657,2.745303574,0.725659661,2.850212717,0.009114382,0.018592481,0.005864318,0.038559652,0.038326445,0.162700224,0.03213758,0.043726931,0.16703772,0.024684258,0.058636646,0.021638093,0.453780861,0.233722388,2.00453121,0.152052377,0.285333208,3.18923673,1.556259558,1.855063892,2.066553945,1.249789329,2.179914862,1.634668838,5.173773141,4.522554152,1.077728528,0.025751209,0.539417645,-0.005864269,-0.315869668,0.808101639,1.179679391,3.370546234,2.049705361,0.93329795,1.709385511,1.599845634,0.979372882,1.409083185,1.504141859,0.493983995,1.201880648,0.967513638,1.642726988,0.028745408,0.151806957,-0.021638093,-0.07205875,0.029215149,-1.718211051,0.012561712,-0.150298296,3.060130693,3.077463561,8.617420585,1.868840165,0.906851692,1.054244427,0.908237669,1.316171471,1.369892092,1.957866126,0.151894782,4.016813171,0.082065134,-0.144951336,0.009073765,-0.407857209,0.168262997,0.057788642,5.140265566,3.022024883,11.97387955,13.71921598,0.651109277,2.642066732,0.786053137,2.449454016,1.91648344,1.609164325,0.301757527,5.926129405,1.447349938,-0.181746041,1.398486535,-0.481136216,0.500831192,0.258736433,3.557226817,7.253859957,0.272750749,0.104571279,3.698700679,0.201906097,3.602953114,1.236925286,0.076107991,0.101172403,2.393635732,1.113498299,0.097388851,0.067471998,0.049504243,0.320104032,0.149827095,0.207857741,0.087271779,0.069872791,0.353778798,0.283578306,0.165544031,1.391710245,0.426580782,3.544511928,0.006701894,0.013992418,0.006447249,0.038310033,0.02741054,0.135174742,0.019338404,0.048770238,0.120510704,0,0.152715319,0.008595496,0.41965648,0.232560878,1.611604758,0.118442705,0.096581402,1.549405852,12.42974744,20.18555437,62.60963769,10.89382087,4.1375512,3.105677309,5.693724093,4.295065477,1.696839491,0.358935913,10.58013872,15.57011698,13.17009432,1.216259199,8.104895164,1.349951127,2.924016492,1.9636413,1.235136551,0.91032098,1.048102455,1.748948888,1.306245651,0.5105291,0.857478878,0.898601584,1.795740493,0.04377025,-0.126700751,0.070686118,0.06057836,0.002808144,-1.130132008,-0.056916773,-0.03505547,2.281738168,2.221867574,3.172812212,4.070341189,0.736669632,2.347410199,0.839159321,1.69687174,1.219837438,1.695608318,0.136584612,0.492058593,0.360282712,-0.219786792,0.877885967,-0.389110679,0.100785368,0.253419685,2.646437525,2.305766285,2.777994453,2.100931019,0.666484835,2.586148742,0.510123382,1.623939636,1.839004313,2.130319374,0,0.570611986,0.353068157,-0.057992827,1.033261907,-1.069109279,-0.118442705,0.265082251,2.790557981,56.47157938,0.066488662,0.029668927,1.214297961,0.040134057,0.440224125,1.085698163,0.004253012,0.021505194,0.691161079,0.237956937,0.019906282,0.018323118,0.022859336,0.031385703,0.065538053,0.106950665,0.053032274,0.042573872,0.298716401,0.043826977,0.013282136,1.593829644,0.583206823,0.898277967,0.004696863,0.007567668,0.005307827,0.032117978,0.009701395,0.121496686,0.012248714,0.022125026,0.075286302,0.010959418,0.079118464,0.022282547,0.312681386,0.044345258,1.510623125,0.1068106,0.077386822,0.786261993,6.179340848,4.833571831,22.32110382,7.703525541,2.519896665,2.124425618,2.255135871,2.673107263,0.989641756,0.002661966,0.012988474,3.838160366,7.585077872,-0.003162691,1.781575291,-0.054658892,-0.025660672,0.093525652,1.176852758,1.071757921,0.894008048,1.741531713,1.545043433,0.478435042,0.691677958,1.209102644,1.452960834,-0.000578042,-0.005900947,-0.018458016,0.186722215,0.010841822,-1.195894535,-0.069381792,-0.000344774,0.505132454,4.694967408,7.405689344,1.407415568,0.689743209,1.374079919,0.693709852,1.149085547,1.189702024,1.739475798,0.189061476,0.958223258,0.037417325,-0.110504451,0.095121999,-0.728574111,-0.010700778,0.052976694,1.458307711,2.960866831,3.990033442,4.457015329,0.959873148,3.442170819,0.679053301,1.814789812,2.492517066,1.644975214,0.077551823,0.328033244,0.20784668,0.165279315,0.256592961,-0.48389273,0.08791413,0.329764887,1.338007789,100,0.344081745,0.300996686,1.132698954,0.224934084,1.355879142,1.298771881,0.044345883,0.072404211,1.471010604,0.867276556,0.103152039,0.129263818,0.047080775,0.198828206,0.083763307,0.15211848,0.091750764,0.114446429,0.441042656,0.121254901,0.073737165,1.567780179,0.571701574,2.233085678,0.007548923,0.013971131,0.006123168,0.036413212,0.016255064,0.213507019,0.027829336,0.039896409,0.10198539,0.016927694,0.156110304,0.02450947,0.354239305,0.078388457,4.301965575,0.166325086,0.183175756,1.388798469,8.549579313,13.27631205,44.45950353,8.624651957,5.159085552,2.032572633,5.942053277,5.848229825,1.456483173,0.191965012,6.116491089,10.09384595,8.689346084,0.886292604,6.510471547,2.713863623,3.614609788,1.205079619,1.328165026,1.209551591,0.903868124,1.577599462,1.479740248,0.593018724,1.005377429,1.054002447,1.616459145,0.011359907,0.001499688,-0.015145647,0.097934392,0.022684965,-2.809661614,-0.066550297,-0.040005249,1.487615841,3.186062787,5.407841391,3.000952303,0.772175431,1.757005864,0.654891235,1.242341035,1.130145863,1.718572908,0.177855424,1.372608193,0.256586266,-0.115698652,0.289189976,-2.0430869,0.097358529,0.118682542,2.171409558,2.84243386,4.374205346,4.731743202,0.89568669,3.469239007,0.71909586,1.999605012,2.533520242,1.984228659,0.131159513,1.160220424,0.378616815,0.073568182,0.62913931,-2.154701074,0.2368012,0.72180162,2.905730531Healthy5,0.748445271,0.099242775,0.018933524,0.160846006,3.280207504,0.522941202,0.029024945,0.029055296,0.014277718,0.177141971,0.117405165,0.21193292,0.031633813,0.087428718,0.019803147,0.333541508,0.013477655,0.051228342,0.132868595,0.358260569,0.307650414,0.162375373,2.872288794,0.532157978,3.684959295,0.046311793,0.01776587,0.003934939,0.008783503,0.03364681,0.20120458,0.021296725,0.344678327,0.38645866,0.456621005,0.456621005,0,0,0.107526882,2.575164339,0.107526882,8.458176188,9.551977035,NA,NA,NA,NA,NA,NA,NA,NA,NA,NA,NA,NA,NA,NA,NA,NA,NA,NA,NA,NA,NA,NA,NA,NA,NA,NA,NA,NA,NA,NA,NA,NA,NA,NA,NA,NA,NA,NA,NA,NA,NA,NA,NA,NA,NA,NA,NA,NA,NA,NA,NA,NA,NA,NA,NA,NA,NA,NA,NA,NA,NA,NA,NA,NA,NA,NA,NA,NA,NA,NA,NA,NA,2.478469778,0.061842434,0.023926877,0.240768763,1.965859187,3.027106534,0.0422933,0.017268778,0.032102105,0.249292291,0.170159051,0.104749577,0.01723742,0.133687119,0.022107769,0.377412842,0.037419665,0.076629859,0.435516616,0.872539124,0.242360635,0.104849397,4.155715924,0.695389614,3.381381593,0.060512666,0.029331058,0.005889298,0.019631145,0.122000766,0.182220815,0.039224978,0.245474006,0.977766051,0.239682986,0.172711572,0,0.085251492,1.079185117,2.322517685,0.117021226,4.013327428,32.40613889,NA,NA,NA,NA,NA,NA,NA,NA,NA,NA,NA,NA,NA,NA,NA,NA,NA,NA,NA,NA,NA,NA,NA,NA,NA,NA,NA,NA,NA,NA,NA,NA,NA,NA,NA,NA,NA,NA,NA,NA,NA,NA,NA,NA,NA,NA,NA,NA,NA,NA,NA,NA,NA,NA,NA,NA,NA,NA,NA,NA,NA,NA,NA,NA,NA,NA,NA,NA,NA,NA,NA,NA,0.130447877,0.187105194,0.05616675,0.388932256,1.65972604,2.610504428,2.202640883,0.012134229,0.045290435,0.862023083,0.312684291,0.167643365,0.039680717,0.167127049,0.071391706,0.374384302,0.266457943,0.522002706,0.621595559,1.305406526,0.503986116,0.215816259,3.647100639,0.918510948,3.160223427,0.11088409,0.054150795,0.000780213,0.039741684,0.181494183,0.301333535,0.092282446,0.268732726,0.945022444,0.314465409,0,0,0.314465409,4.896675651,3.344768439,0,6.334231806,27.62803235,NA,NA,NA,NA,NA,NA,NA,NA,NA,NA,NA,NA,NA,NA,NA,NA,NA,NA,NA,NA,NA,NA,NA,NA,NA,NA,NA,NA,NA,NA,NA,NA,NA,NA,NA,NA,NA,NA,NA,NA,NA,NA,NA,NA,NA,NA,NA,NA,NA,NA,NA,NA,NA,NA,NA,NA,NA,NA,NA,NA,NA,NA,NA,NA,NA,NA,NA,NA,NA,NA,NA,NA,0.075814005,0.19306708,0.056533782,0.505471434,1.260334068,3.449318251,0.116742991,0.026661997,2.008431149,0.428934472,0.304139287,0.1764402,0.066307616,0.178327379,0.048028403,0.40875514,0.047363529,0.208085104,0.548189659,1.360833494,0.212131388,0.111473793,3.886341287,0.785356092,3.311518789,0.123759632,0.020396638,0.013726522,0.062588473,0.119587155,0.271425073,0.095089514,0.31679845,1.279112947,3.333333333,0,0,3.125,0,5.416666667,0,6.666666667,45.41666667,NA,NA,NA,NA,NA,NA,NA,NA,NA,NA,NA,NA,NA,NA,NA,NA,NA,NA,NA,NA,NA,NA,NA,NA,NA,NA,NA,NA,NA,NA,NA,NA,NA,NA,NA,NA,NA,NA,NA,NA,NA,NA,NA,NA,NA,NA,NA,NA,NA,NA,NA,NA,NA,NA,NA,NA,NA,NA,NA,NA,NA,NA,NA,NA,NA,NA,NA,NA,NA,NA,NA,NA,1.377824735,0.427182431,0.138838456,0.556915507,2.098492068,2.982122392,0.165121346,0.091634514,0.105877657,0.603376395,0.212096435,2.469062707,0.101755951,0.393361566,0.087167862,0.710927546,0.070120089,0.166643875,0.42023641,0.899195493,0.978159023,0.933673466,3.528145558,0.563857978,4.473922178,0.114933302,0.056181701,0.005375849,0.029234126,0.112725023,0.343889791,0.058017886,0.548556691,1.590506733,1.058018515,0.373756541,0,0.362301975,1.25370448,8.147938224,0.373756541,16.57183564,57.29779041,NA,NA,NA,NA,NA,NA,NA,NA,NA,NA,NA,NA,NA,NA,NA,NA,NA,NA,NA,NA,NA,NA,NA,NA,NA,NA,NA,NA,NA,NA,NA,NA,NA,NA,NA,NA,NA,NA,NA,NA,NA,NA,NA,NA,NA,NA,NA,NA,NA,NA,NA,NA,NA,NA,NA,NA,NA,NA,NA,NA,NA,NA,NA,NA,NA,NA,NA,NA,NA,NA,NA,NA,0.463447701,1.060950491,0.353479675,0.892274917,2.076404049,3.744073292,0.368993422,1.14863816,1.110805293,0.616052769,0.280279926,3.063972737,0.188293967,0.504250257,0.144286124,0.92311131,0.110633025,0.231544603,0.292786963,0.980254874,1.63470863,1.198430943,3.209658294,0.681963939,5.10060758,0.245260109,0.104850853,0.004164573,0.035477011,0.139305748,0.568461477,0.102063552,0.559257319,1.941029337,3.562340967,2.290076336,0,0,0.508905852,15.76066004,0.508905852,17.04834606,70.20231677,NA,NA,NA,NA,NA,NA,NA,NA,NA,NA,NA,NA,NA,NA,NA,NA,NA,NA,NA,NA,NA,NA,NA,NA,NA,NA,NA,NA,NA,NA,NA,NA,NA,NA,NA,NA,NA,NA,NA,NA,NA,NA,NA,NA,NA,NA,NA,NA,NA,NA,NA,NA,NA,NA,NA,NA,NA,NA,NA,NA,NA,NA,NA,NA,NA,NA,NA,NA,NA,NA,NA,NA,2.106656219,1.181633606,0.147757668,3.577751346,1.880257883,3.648488278,0.098204603,1.087583226,1.130314842,0.145017483,0.174664559,3.138624209,0.131409841,0.432986353,0.130331919,1.073908388,0.118547414,0.2148629,0.247883077,0.807566166,2.184497802,1.252649127,2.200967106,0.503099987,4.578198726,0.155363272,0.087425678,0.004752462,0.045378829,0.057605829,0.37805331,0.065077022,0.535984867,1.504582642,2.38612368,0.771432066,0,0.270739065,0,7.760812849,0.206636501,17.27224736,48.39586645,NA,NA,NA,NA,NA,NA,NA,NA,NA,NA,NA,NA,NA,NA,NA,NA,NA,NA,NA,NA,NA,NA,NA,NA,NA,NA,NA,NA,NA,NA,NA,NA,NA,NA,NA,NA,NA,NA,NA,NA,NA,NA,NA,NA,NA,NA,NA,NA,NA,NA,NA,NA,NA,NA,NA,NA,NA,NA,NA,NA,NA,NA,NA,NA,NA,NA,NA,NA,NA,NA,NA,NA,3.589421991,1.846522078,0.655592154,3.660793477,1.891632956,3.451025531,0.131625522,1.270284567,1.456642145,1.956495195,0.525425182,2.620378763,0.300133763,0.735655233,0.264247927,1.258155188,0.147263459,0.25360999,0.27481767,1.092966469,2.342276633,1.744545457,2.41513894,0.705048248,4.960977931,0.276862229,0.133522911,0.020261004,0.092734875,0.094492601,0.788354764,0.094862282,0.841551167,1.85457832,4.604519774,1.677690506,0.028248588,2.017756255,0.11299435,22.87003681,0.169491525,27.42101222,64.84920963,NA,NA,NA,NA,NA,NA,NA,NA,NA,NA,NA,NA,NA,NA,NA,NA,NA,NA,NA,NA,NA,NA,NA,NA,NA,NA,NA,NA,NA,NA,NA,NA,NA,NA,NA,NA,NA,NA,NA,NA,NA,NA,NA,NA,NA,NA,NA,NA,NA,NA,NA,NA,NA,NA,NA,NA,NA,NA,NA,NA,NA,NA,NA,NA,NA,NA,NA,NA,NA,NA,NA,NA,2.394207367,1.810288454,0.252816483,4.466026402,0.199830697,4.451835195,0.048588438,0.240577259,0.375679755,3.089231938,1.208901569,0.084471128,0.115892628,0.138118046,0.301714289,0.802268002,0.108979544,0.04383384,0.11201978,0.910689425,1.085758028,1.046694374,1.675717843,0.259686623,4.695061934,0.039894166,0.027627606,0.006193505,0.032224151,0.046408697,0.239109935,0.043905794,0.239832122,1.191387759,0.0456621,0.424920198,0.02283105,0.157593253,0.091324201,3.028358032,0.244469258,3.090820737,39.07765319,NA,NA,NA,NA,NA,NA,NA,NA,NA,NA,NA,NA,NA,NA,NA,NA,NA,NA,NA,NA,NA,NA,NA,NA,NA,NA,NA,NA,NA,NA,NA,NA,NA,NA,NA,NA,NA,NA,NA,NA,NA,NA,NA,NA,NA,NA,NA,NA,NA,NA,NA,NA,NA,NA,NA,NA,NA,NA,NA,NA,NA,NA,NA,NA,NA,NA,NA,NA,NA,NA,NA,NA,0.883282412,1.576014191,2.076128181,3.355662024,0.390432699,3.895652587,0.122462,0.411809569,0.588550237,3.642720166,1.437188484,0.118734107,0.551602416,0.247747795,0.324711303,0.563073597,0.103202397,0.090151575,0.195573345,1.944238829,0.751226497,1.191027551,1.479234134,0.380719367,5.38454166,0.070722735,0.027506761,0.005062929,0.064517854,0.058984074,0.875941825,0.125990867,0.337550035,1.353670116,0.067476383,0.033738192,0.033738192,0.067476383,0.511920828,25.76068376,0.511920828,4.615328385,47.49027215,NA,NA,NA,NA,NA,NA,NA,NA,NA,NA,NA,NA,NA,NA,NA,NA,NA,NA,NA,NA,NA,NA,NA,NA,NA,NA,NA,NA,NA,NA,NA,NA,NA,NA,NA,NA,NA,NA,NA,NA,NA,NA,NA,NA,NA,NA,NA,NA,NA,NA,NA,NA,NA,NA,NA,NA,NA,NA,NA,NA,NA,NA,NA,NA,NA,NA,NA,NA,NA,NA,NA,NA,2.032123948,1.482239945,2.10922347,2.903851184,0.477297233,3.941572183,0.08070929,0.014504136,0.067872414,5.664325816,4.390195683,0.251124441,0.442608916,0.277379103,1.424759529,0.19065858,0.041896088,0.074799949,0.35595351,2.452825431,0.434672365,1.219411031,0.797967773,0.232381748,4.534765519,0.074085275,0.050925159,0.011510604,0.017869807,0.037037377,0.735782523,0.079521614,0.517048352,0.621287936,0.894854586,0.390586691,0,0.026226069,0.052452137,20.2202689,0.846368702,10.18381241,16.24043828,NA,NA,NA,NA,NA,NA,NA,NA,NA,NA,NA,NA,NA,NA,NA,NA,NA,NA,NA,NA,NA,NA,NA,NA,NA,NA,NA,NA,NA,NA,NA,NA,NA,NA,NA,NA,NA,NA,NA,NA,NA,NA,NA,NA,NA,NA,NA,NA,NA,NA,NA,NA,NA,NA,NA,NA,NA,NA,NA,NA,NA,NA,NA,NA,NA,NA,NA,NA,NA,NA,NA,NA,31.48164813,1.742616116,1.422483312,0.869514092,0.247944023,0.975946645,0.1051727,0.010107746,0.099008342,4.693454191,3.001763799,0.075877759,0.967316021,0.101550539,0.703910475,0.071181384,0.028667613,0.071693461,0.185091299,2.321608958,0.171198935,0.999305365,0.350785602,0.196484366,5.241753968,0.051976859,0.025727613,0.006276673,0.0445367,0.023287279,0.881620248,0.126731518,0.330826253,0.456085013,0.387235828,0.231897442,0.025641244,0.195599778,0.061535062,25.60356163,0.666015025,5.125960776,9.377024712,NA,NA,NA,NA,NA,NA,NA,NA,NA,NA,NA,NA,NA,NA,NA,NA,NA,NA,NA,NA,NA,NA,NA,NA,NA,NA,NA,NA,NA,NA,NA,NA,NA,NA,NA,NA,NA,NA,NA,NA,NA,NA,NA,NA,NA,NA,NA,NA,NA,NA,NA,NA,NA,NA,NA,NA,NA,NA,NA,NA,NA,NA,NA,NA,NA,NA,NA,NA,NA,NA,NA,NA,20.03696257,0.095849319,0.061598674,0.185541962,0.102982509,3.480600463,0.129397276,0.005013027,0.0180571,0.403704824,0.251436899,0.024291344,0.032812743,0.068490835,0.025486111,0.187172928,0.036754216,0.072207247,0.645929205,1.970896473,0.144426722,0.058592302,3.86637839,0.667999727,2.044044272,0.023252376,0.036782921,0.003855978,0.018238664,0.102589336,0.169502708,0.041709459,0.213859347,0.717226438,0.088017641,0.424386736,0.027352833,0.127178258,0.660919896,2.231493439,0.402057414,2.428609269,20.31795959,NA,NA,NA,NA,NA,NA,NA,NA,NA,NA,NA,NA,NA,NA,NA,NA,NA,NA,NA,NA,NA,NA,NA,NA,NA,NA,NA,NA,NA,NA,NA,NA,NA,NA,NA,NA,NA,NA,NA,NA,NA,NA,NA,NA,NA,NA,NA,NA,NA,NA,NA,NA,NA,NA,NA,NA,NA,NA,NA,NA,NA,NA,NA,NA,NA,NA,NA,NA,NA,NA,NA,NA,2.875874428,0.291509394,0.129881303,3.155441589,0.501411704,3.343704496,0.224065665,0.054014133,0.11140843,1.565710215,0.709680178,0.143509574,0.073323081,0.148780012,0.097290859,0.461210486,0.087546424,0.095210744,0.33853431,1.425049726,0.626961512,0.520377238,2.887904151,0.773187891,2.817547846,0.055449661,0.041531043,0.007699406,0.034232608,0.103227093,0.229943198,0.028499497,0.285664378,0.880703843,0.078064012,0.364143307,0.113765643,0.253836197,0.873288655,4.048551722,0.219863833,5.400189442,28.10663793,NA,NA,NA,NA,NA,NA,NA,NA,NA,NA,NA,NA,NA,NA,NA,NA,NA,NA,NA,NA,NA,NA,NA,NA,NA,NA,NA,NA,NA,NA,NA,NA,NA,NA,NA,NA,NA,NA,NA,NA,NA,NA,NA,NA,NA,NA,NA,NA,NA,NA,NA,NA,NA,NA,NA,NA,NA,NA,NA,NA,NA,NA,NA,NA,NA,NA,NA,NA,NA,NA,NA,NA,29.08632856,0.06861136,0.055628432,0.526742719,0.102704429,0.91482079,0.085643591,0.00346833,0.024594946,0.333844384,0.17939376,0.024609053,0.033119178,0.056530517,0.022484718,0.352322605,0.030050018,0.06454645,0.325507141,1.56813643,0.125045719,0.060558076,2.787723456,0.8216967,2.319576363,0.023226632,0.014003414,0.005033042,0.016962402,0.04531163,0.166030734,0.041413349,0.190940205,0.440342304,0.101041046,0.086864496,0.029460232,0.098755103,0.269453984,2.289383945,0.301868544,2.532291574,11.34567812,NA,NA,NA,NA,NA,NA,NA,NA,NA,NA,NA,NA,NA,NA,NA,NA,NA,NA,NA,NA,NA,NA,NA,NA,NA,NA,NA,NA,NA,NA,NA,NA,NA,NA,NA,NA,NA,NA,NA,NA,NA,NA,NA,NA,NA,NA,NA,NA,NA,NA,NA,NA,NA,NA,NA,NA,NA,NA,NA,NA,NA,NA,NA,NA,NA,NA,NA,NA,NA,NA,NA,NA,100,0.86813337,0.660062003,1.020204837,0.435312966,1.906471615,0.109267106,0.040995611,0.110611586,2.018345906,1.245201394,0.26630189,0.386528176,0.170868593,0.313659969,0.309542047,0.043929211,0.088419154,0.365461897,1.890653247,0.397225919,0.648459553,2.15887333,0.567289425,3.636975571,0.067385502,0.036346242,0.0064393,0.031966244,0.056339865,0.47483318,0.076594994,0.345810567,0.695607102,0.886799789,0.418053384,0.029055396,0.175791197,0.312614079,12.19561975,0.462701002,7.147732854,19.39547404,NA,NA,NA,NA,NA,NA,NA,NA,NA,NA,NA,NA,NA,NA,NA,NA,NA,NA,NA,NA,NA,NA,NA,NA,NA,NA,NA,NA,NA,NA,NA,NA,NA,NA,NA,NA,NA,NA,NA,NA,NA,NA,NA,NA,NA,NA,NA,NA,NA,NA,NA,NA,NA,NA,NA,NA,NA,NA,NA,NA,NA,NA,NA,NA,NA,NA,NA,NA,NA,NA,NA,NAUPN1,3.059763848,0.582991527,0.004486979,0.164179215,1.943493075,0.416250129,0.596518021,0.150843643,0.09021992,0.087097555,0.03254661,0.552056465,0.035012205,0.024987275,0.01481635,0.100039725,0.038581348,0.046779391,0.870356057,0.122890102,2.754528163,0.83824725,1.979597144,0.915474673,1.183908486,0.060124979,0.02296187,0.00491118,0.013284218,0.02959914,0.200940231,0.01612181,0.408667556,0.552268451,0.398604883,0.298953662,0.04982561,0.099651221,0.149476831,2.989536622,0,9.068261086,14.34977578,1.207065673,0.902236401,1.442368904,0.827040453,0.876417202,1.025368125,1.037043581,1.069096641,1.16052788,0.090455606,-0.221733585,0.001654441,-0.022431144,0.004963323,1.103127471,0.077220077,1.04756903,2.947521513,1.260402335,2.345624963,1.089012725,0.865298897,0.831720325,1.141744217,1.017005233,1.153114182,1.12712043,0.147275024,0.116954838,0.002162952,0.004325904,0.032483138,1.715428286,0.051988563,2.135274136,3.066392658,1.292486996,1.47201354,11.52405407,1.191192281,1.281329845,0.859866039,2.430530877,0.806435288,1.06086688,0.448340066,-0.147713493,0.978607541,0.081836983,0.183251542,-0.206717505,0.211736237,-2.171709362,1.560690035,0.829249291,20.17975277,109.6324555,1.764093493,4.569794603,1.732411174,3.719317576,1.10916352,1.057028872,-0.109587542,13.09218314,16.03880637,-0.003312107,2.066322784,5.135061965,0.321130379,2.685110783,1.12870848,3.196032765,0.58840671,0.003853572,0.217873445,1.584144568,1.882485227,0.213052385,0.220522089,0.131004806,0.076869568,0.03172883,0.448716856,0.038385458,0.022695216,0.015374946,0.08260949,0.03857823,0.038662817,0.87968589,0.123435202,3.207751474,0.786949523,2.314673062,1.103177369,1.100412432,0.062682827,0.016413826,0.003274907,0.012438817,0.017935321,0.180762658,0.010578893,0.411478312,0.569684882,0.495750708,0.141643059,0,0.07082153,0.07082153,2.407932011,0,9.065155807,13.73937677,1.200641865,1.194442025,2.164455105,1.314943152,1.309493114,1.122985882,1.539546881,1.032049177,1.175238132,0.130440416,-0.005514554,0.136128505,0.146984079,0.065306976,0.913603518,0.108902804,-0.135125859,5.046356962,1.246466841,3.149194892,1.525182188,1.115629166,1.536015151,1.259339103,1.60366567,1.090622737,1.169459616,-0.035039165,0.267878312,0.025595086,0.10834407,0.159534242,1.815257136,0.102380343,0.81454729,4.817060394,0.872144565,2.421074791,16.2235686,0.953980247,1.586022637,0.832596498,2.710189648,0.647815843,0.948413759,-0.155614654,0.414943211,1.082251082,-0.03990007,0.083785768,-0.707251739,0.061842919,-4.705230019,-0.814206703,0.654544019,27.45396986,170.7111071,1.337975055,7.52426875,1.770693017,4.669707503,1.037613574,1.02153803,-0.24588952,12.6845646,16.51860078,0.012465533,1.95583033,5.087903636,0.305385897,1.456776452,-0.219110252,3.284493357,0.732878653,0.008681012,0.346193075,1.717224202,1.94358296,1.556778422,0.24383406,0.168609351,0.272958471,0.106378887,0.593497648,0.078504691,0.048701742,0.030323619,0.161042998,0.096334939,0.106844072,1.304727803,0.215103266,2.917963379,1.013790825,2.361416977,1.478627353,1.712765328,0.096902275,0.031570301,0.009958387,0.025095891,0.046871171,0.319132939,0.034432101,0.556555306,0.862365762,0.69881202,0.139762404,0.069881202,0.244584207,0.174703005,5.73025856,0.279524808,13.69671558,27.42837177,1.119017828,1.11646246,0.999834627,0.943198712,1.094844312,0.999078324,1.031620329,1.042388408,1.040718873,0.305732348,0.123332549,-0.045963479,0.018510747,0.112309672,-0.109593648,0.055323315,2.017228449,2.564452915,1.175041599,2.627735612,0.965392803,0.964951076,1.236630259,1.09006197,0.920387285,1.009207529,1.054888932,0.187369094,0.414100792,0.040891437,-0.023038929,0.240694392,0.83302031,-0.168752169,0.509875389,2.618706604,1.11652729,2.544251054,9.923518031,1.11032815,1.641538857,0.846908389,1.851070673,0.76056645,0.985040902,0.315680734,0.787773828,2.104031842,-0.041685656,0.376021633,-1.933157111,0.300185337,-4.769179352,-0.732719594,0.884561785,19.7307528,72.18403317,1.917987966,6.123228907,1.531186871,3.002526559,1.023612914,1.064568057,-0.02611427,18.97413228,23.08019999,0.080166431,5.438843736,6.679855102,0.43956589,1.937707984,2.56466929,0.162957589,0.658759026,0.006432765,0.348007804,1.501749321,2.289592079,0.977776147,0.470301888,1.68856197,0.222440412,0.078774054,0.564555837,0.079828053,0.04460665,0.021889285,0.180292795,0.068335136,0.076487511,0.974224594,0.195475075,3.231643984,1.0707121,2.437699327,1.492207967,1.494790943,0.126625996,0.007853265,0.009236556,0.029509042,0.036845472,0.355389785,0.021120222,0.701465684,1.108005162,1.098901099,0,0,1.098901099,0,6.593406593,0,18.68131868,42.85714286,0.865537107,7.384422072,0.617046295,1.039343151,1.003813683,0.946279172,0.937752288,0.725071592,0.837296185,-0.596388536,1.005025126,0,-0.596388536,0,-0.56325584,0,-4.10845436,-11.70136396,1.010245762,9.837508591,0.389318239,0.589716193,1.595159534,0.99001829,1.524241793,0.801981249,0.854467366,-0.006004924,0,0,-1.098901099,0.546448087,-0.582477632,0,-5.566564583,-11.70960187,0.850075981,6.69039562,6.318569328,1.316422403,1.761980553,0.508904085,1.69194177,0.46360395,0.753790781,0.43956044,0.615384615,0.615384615,-0.791208791,0.615384615,-5.362637363,0.307692308,-12.21978022,-17.31868132,0.699775567,59.54621929,61.48544583,2.287474466,5.26690242,1.21859307,4.310726611,0.879127256,0.886463888,-0.283683708,10.86956522,17.39130435,-0.011944577,3.804347826,3.460941233,0.543478261,-1.833492594,-10.2484472,32.31199676,0.744695362,0.007813843,0.368848022,1.263197244,1.42451556,1.005421866,0.331401166,0.231722933,0.170841107,0.069533606,1.967868192,0.06661387,0.056114223,0.026127582,0.20539338,0.071491083,0.115354952,1.031273987,0.169226803,3.067210611,1.459455338,2.336097236,1.371278073,1.485788147,0.140393529,0.033275291,0.008016295,0.02334872,0.050065213,0.322600818,0.028975719,0.751905545,1.13701733,1.238188335,0.222656674,0.054306506,0.200934072,0.320408385,5.68589117,0.157488867,21.50537634,40.58868252,1.2129067,1.225500843,0.959294026,0.937691324,1.073956747,0.985821701,1.037644302,1.045610555,1.084579362,0.492605478,0.002320956,-0.000618662,-0.044983669,-0.034073219,0.038255577,0.024027175,1.754242728,5.145690479,1.131402942,4.191730962,1.043971624,0.990453613,1.134812265,1.190146137,1.280363423,1.087710464,1.069560726,0.23485426,1.08107068,-0.020443458,0.014338163,0.020640886,2.562179846,0.10857794,3.495228353,4.374189062,1.15002359,2.271871125,12.55823672,1.037519217,1.335430258,0.831197414,2.655988036,0.806214402,0.977968536,0.690828684,0.616178042,2.080633837,-0.019237021,0.230739335,-1.525028714,0.442111399,-5.785553196,-1.224016544,0.878096949,25.39594309,118.9592502,2.325322747,5.497231181,1.945393904,4.886970056,1.141439879,0.998180888,-0.027891597,26.77248985,32.16600436,0.192258777,4.582214949,12.50234991,1.117316072,6.288443156,-0.203476405,11.76500114,1.541544123,0.014890819,0.787364472,1.728340006,2.090920542,1.279479859,1.418337794,1.073176143,0.266527241,0.104621781,2.097562417,0.146933314,0.10855312,0.050420134,0.370118909,0.116278799,0.192681813,1.251087767,0.282703419,3.69727876,2.002845627,2.77022582,1.902396355,1.728364124,0.321980114,0.077803998,0.013391277,0.03989009,0.108208219,0.523014309,0.051325125,1.095825976,1.628560148,3.701468517,0.543150272,0.080466707,0.201166767,0.482800241,9.555421444,0.341983504,38.8050694,68.85938443,1.198224939,1.090538968,0.976667103,0.984488606,0.994410336,0.948647614,0.925632058,1.023209017,1.063884928,1.270611342,-0.038292932,-0.003973171,0.058911256,0.029706452,-0.735716709,0.017536116,0.642647265,5.278150949,1.162915455,3.755136398,1.06838226,1.000912614,1.078510074,1.079604244,1.128616249,1.067558028,1.058667388,1.197734483,3.113671107,0.021111665,0.056686022,0.196993476,2.313620593,-0.005993506,3.021778542,4.706797786,1.019223808,1.580429322,7.490065861,1.185062232,1.00905944,0.813370729,2.383965226,0.772621226,0.941484059,1.806609998,0.665288772,2.102735323,0.112626797,0.378462945,-2.351522392,0.873131998,-13.88184868,-5.499790358,0.758202959,12.3451732,80.97365588,2.412974781,3.192200578,1.505671669,4.145630469,1.059512306,0.961669483,-0.818210234,30.69550824,37.34812392,0.565013756,5.384529552,13.29557661,1.633955739,2.689654705,-3.821411448,2.431768132,2.057057544,0.014788763,2.081252644,1.851709658,2.458454497,1.199704873,1.004560735,0.780621906,0.153652592,0.090149245,2.052088889,0.165198888,0.114825946,0.057681825,0.270489611,0.129188438,0.183909054,1.483074141,0.352973493,3.88728302,2.170505628,2.949033577,2.081478889,1.810248194,0.350486618,0.075523708,0.013883377,0.040163692,0.117525233,0.598451353,0.059349681,1.195545527,1.73969833,4.178537512,0.379867047,0,0.094966762,0.949667616,11.30104463,0.56980057,44.63437797,74.64387464,1.188867563,1.125287492,1.250120936,0.989405354,1.043426878,0.917322055,0.96616749,0.976696068,1.0284357,1.89712164,0.231520038,0.114635078,0.134303395,-0.376492225,-1.404216205,0.041586515,-3.709655002,2.658379846,1.188271985,3.594242052,1.063760407,1.074885137,1.169529445,0.973865077,0.934041023,1.013128362,1.022338561,1.637529373,2.928020994,0.036350418,0.086785329,-0.040907166,0.730943733,-0.242646808,-2.031688037,1.001345276,1.182115865,2.045697787,8.394124521,1.591153875,1.160313942,0.912029611,2.58076765,0.804119824,0.942827645,2.621648795,1.716080788,3.027480205,0.417376042,0.307901084,-0.821305463,1.01380446,-14.68561225,-5.384442879,0.848951348,12.50929806,79.90080234,2.327845084,3.067903779,1.427783583,3.80444554,1.077428922,0.964693911,-0.858166588,29.56329778,38.43852827,0.50329827,5.332115213,14.42435172,1.942912562,2.000381231,-3.240943145,0.430252299,2.129584873,0.062029356,2.238926021,1.988951036,2.440095877,1.642648903,1.138427905,1.026615266,1.365111908,0.294894075,2.111405377,0.236542088,0.170095455,0.083407907,0.371399069,0.198854244,0.271060475,1.54798714,0.50943494,3.876934906,2.328936895,2.885593697,2.175321581,2.183091578,0.377639078,0.127873951,0.013628576,0.049519871,0.145572018,0.788785626,0.072643798,1.117876844,1.706625388,5.389221557,0.598802395,0,0,0.598802395,15.56886228,0,41.91616766,73.65269461,1.016894379,0.881219128,1.577370835,1.34331363,1.080915844,0.839017984,1.069960965,0.983884541,1.058752913,-0.126063662,-0.014007074,0.389863548,0.779727096,-0.208938847,-2.703365199,0.389863548,-2.734881115,3.540287845,1.053874307,2.253190477,1.378474684,1.561611444,1.083077937,0.864557879,0.995502483,1.013061007,1.087137994,0.846858621,2.964671992,0,0.890868597,0.292066202,-1.092247576,0.668151448,-1.381646507,5.411893362,1.087275324,1.255425776,8.123016557,1.479741254,1.056305748,0.791933416,1.911063494,0.797596257,1.005695864,1.394148246,1.151744651,3.06345733,0.656455142,0.276471128,-4.190306477,1.094091904,-14.56387007,-1.223810585,0.842775865,7.498328755,80.59712553,2.010122578,2.840738395,1.211976967,3.394692144,1.126276639,1.047756248,-0.576387332,32.02151846,36.7201426,0.534759358,7.779094218,11.88211812,1.960784314,5.499162104,1.21361555,0.036235764,2.544447232,0.314705572,2.774892264,0.449994164,3.582210398,1.138287187,0.11701227,0.268287494,1.064414164,0.327866831,0.26346235,0.133303148,0.12364605,0.079198229,0.037322989,0.084593147,0.121658574,1.363040839,0.91974969,2.672281159,2.201355454,1.633704816,1.150096609,3.481784568,0.11475588,0.027322494,0.008358508,0.016533005,0.082050327,0.84901086,0.073902282,0.526597487,1.349439224,0,0,0,0,0,31.25,0,12.5,43.75,1.541247234,0.97105238,0.450087501,2.279241213,0.800537367,1.059577435,1.895183791,1.5971763,1.418753694,2.222222222,0,0,0,0,-2.361111111,2.222222222,9.722222222,38.47222222,1.239406533,1.250188193,0.507267996,0.540701784,0.840727129,0.993961285,0.616682055,1.505309918,1.198621632,0,0,0,0,0,-10.31976744,0,8.430232558,21.36627907,0.339154869,4.866365286,34.90235718,1.964676984,1.907386323,0.829752318,2.644776302,1.219268613,1.151836111,0,2.702702703,5.405405405,0,0,-9.628378378,2.702702703,3.716216216,15.70945946,0.874291872,40.54727023,179.1892455,7.871117831,11.50676409,1.204342765,3.669854453,1.68494159,1.136572646,0,37.14285714,57.14285714,2.857142857,31.42857143,-2.678571429,2.857142857,18.92857143,13.39285714,0.003966074,2.146368247,2.407173403,2.983372703,0.918844536,4.122752878,1.240675518,0.260981788,0.488523781,2.614263001,1.423038634,0.482997325,0.715640343,0.125959879,0.350539006,0.065436974,0.0580991,0.186070973,0.782084478,1.477775033,2.739547256,1.923033312,2.150675393,1.106676727,4.760604815,0.002383846,0.000301188,0.001120055,0.000213459,0.059707421,1.836472063,0.324291566,0.796500711,1.712411899,0,0,0,0,0,100,0,0,100,143.8509016,2.355232046,0.755529774,884.2193874,5.879157381,0.723982325,1.056828188,1.307554964,0.631056419,0,0,0,0,0,-50,0,50,-100,128.4909247,537.2223284,0.815219296,172.8173073,2.422620022,1.129310419,0.825932998,0.633390317,0.880525289,0,0,0,0,0,-12.5,0,0,-37.5,0.003467678,412.8262369,2.64198392,0.537325763,2.061137753,0.573209119,0.458950352,0.326408894,0.802676292,0,0,0,0,0,-60,0,0,-40,0.520379485,1423.909009,275.1616971,312.6143811,2.397374122,0.384543411,0.530492233,0.912727795,0.710636388,0,14.28571429,14.28571429,0,0,-85.71428571,0,28.57142857,-57.14285714,0.001963013,1.845348493,2.610463796,2.366528769,0.734087522,4.014556263,0.815378064,0.089483421,0.074228931,5.598565667,2.777049721,0.391665034,0.170907366,0.146873086,0.924372078,0.331188735,0.089219119,0.035505634,0.587119723,1.521769776,1.015574796,1.689169444,1.232611437,0.355660512,3.54617719,0.000587624,0.000106451,0.000417774,0.000480314,0.000961146,0.068928428,0.00027804,0.001558883,0.000535346,0,0,0,0,0,0,0,0,0,NA,NA,NA,NA,NA,NA,NA,NA,NA,NA,NA,NA,NA,NA,NA,NA,NA,NA,NA,NA,NA,NA,NA,NA,NA,NA,NA,NA,NA,NA,NA,NA,NA,NA,NA,NA,0.940079481,18.85668386,4.330836165,9.059289768,0.045313585,21.58624705,1315.336351,18.65236933,2129.617919,0,0,0,0,0,50,0,0,50,NA,NA,NA,NA,NA,NA,NA,NA,NA,NA,NA,NA,NA,NA,NA,NA,NA,NA,0.998359256,1.605201313,1.231868995,0.507228141,0.294064442,0.562591068,1.119000117,0.038536511,0.086132926,3.720726835,1.035578385,0.123605402,0.299983941,0.06284802,0.120142498,0.048392789,0.032618973,0.129199532,0.33347776,1.384128456,0.614368009,1.877023909,0.479798362,0.297155891,3.438338067,0.039348739,0.030539453,0.011185127,0.036799651,0.035625586,1.076229354,0.091755984,0.278492217,0.632252827,0.49652433,0.297914598,0,0.695134062,0.198609732,37.040715,0.695134062,5.064548163,17.97418073,1.19932481,1.227722207,1.459770243,1.013302336,1.298594859,1.078801183,1.027908616,1.116895958,1.059025771,-0.226400073,0.026234511,0.108049703,-0.316960102,0.179564228,3.639998133,0.061213858,1.256359455,2.609287661,1.197138373,1.080772036,0.993801584,1.115402796,1.217282773,1.07796904,0.968444277,1.190416935,1.127832711,-0.05936586,-0.079335363,0.109289617,-0.094041165,0.074614312,2.139612874,-0.094041165,1.76605293,3.610518719,1.55478364,6.349757542,87.64121784,1.707571062,26.3478174,1.231578209,1.886676798,1.539817614,1.281938651,0.141526714,5.212526237,32.77262181,-0.231096939,30.65985895,11.39315971,1.683056194,5.956333508,8.127907432,0.944200022,7.86960747,66.23383461,1.389755354,20.01018062,1.138770245,1.43091002,1.090870151,1.166292602,-0.271552451,6.05754097,23.39707537,-0.132704365,21.11747576,6.772558346,0.767183149,1.628365223,5.59162354,3.440071449,1.026050061,0.032334577,0.229372152,0.451455721,2.672342371,0.738268602,0.163550052,0.117221192,0.156415898,0.065976085,0.379903203,0.045042836,0.030221524,0.016536688,0.07867974,0.038912719,0.055055655,0.884838916,0.307981077,2.896092628,0.987492007,2.326569898,1.049292632,1.326704075,0.067073729,0.01666247,0.008317422,0.031732543,0.030834421,0.232585061,0.021471771,0.409175748,0.743257339,0.593220339,0.169491525,0.211864407,0.593220339,0.254237288,4.279661017,0.211864407,8.559322034,22.20338983,1.195737178,1.32764922,0.664178259,0.407994181,1.16983963,1.051882752,1.009448465,1.03607603,1.159213933,-0.119168443,-0.144541426,-0.161964207,-0.46846984,0.095064109,0.560658344,0.012686491,1.595368585,6.239723942,1.058735599,2.816945489,0.45389522,0.476205036,1.210805883,0.978061754,0.946396651,1.030638769,1.142727365,-0.176553672,0.116966808,-0.18582274,-0.463012006,-0.045903955,0.225547316,-0.159781073,1.622969633,5.921610169,1.099016157,3.576774879,12.07481591,0.591982809,2.318338219,0.973707465,2.028402529,0.791981887,1.027820845,0.111211713,0.740399875,2.312350445,-0.358409655,0.714356783,-0.493338739,0.140351619,-1.720460866,1.307029894,0.691331367,32.97276045,83.21639054,0.858990242,6.877531404,1.659152942,3.02751968,1.162310599,1.073694268,-0.390700087,16.43716914,21.52530931,-0.435704587,4.763764512,5.643831332,0.215678347,4.446978596,2.549085417,0.927845966,0.833990473,0.023924647,2.105149962,1.283398794,2.505255289,1.022916113,0.277194445,0.209578471,0.374611288,0.164356836,0.538806561,0.08057213,0.04430074,0.034017962,0.103338599,0.074563148,0.089370743,1.167807904,0.271258469,3.330986371,1.198479904,2.46168259,1.5523317,1.644651678,0.09418423,0.01822264,0.001234469,0.017958719,0.052506561,0.310220916,0.027859762,0.558041315,0.923727824,0.302114804,0,0,0,0.906344411,4.833836858,0,18.12688822,31.41993958,0.866718408,2.313337429,5.813424216,1.877907209,0.917238458,0.970866591,0.882658927,0.915861125,1.033982628,0.032893572,0.502512563,0,0.335008375,-0.403831848,0.19128877,0.335008375,-6.06658671,3.08592307,1.196886864,4.186183713,6.970143655,1.123192089,0.897416503,1.104180716,1.163130979,1.010136871,1.063809736,0.970612469,0.727272727,0,0,-0.542708047,1.166163142,0.545454545,-3.945070036,2.580060423,0.751230705,2.520976115,62.69468796,1.748720934,1.203065218,0.976352519,2.182507146,0.696432831,0.972114113,-0.302114804,0.406504065,2.235772358,0.203252033,-0.093336281,-1.581804338,1.016260163,-8.777294722,-1.948394862,0.786693046,27.56543298,515.283862,2.18417296,4.394852098,1.395535456,2.948072072,1.000312195,1.051325022,0.090555353,14.13612565,19.63350785,0.261780105,4.329257683,5.768257383,0.654450262,-3.074532197,0.779013303,37.94845703,0.288130162,0.008100654,0.193616488,0.385058043,0.568494084,0.423445589,0.158663643,0.087995816,0.099129041,0.026607351,0.440250388,0.021644255,0.016215242,0.009353812,0.068610129,0.021731973,0.028070374,0.544824705,0.108511686,2.402618292,0.683742425,1.553712815,0.662058421,0.910128105,0.029261047,0.008909171,0.00329906,0.007891978,0.011966666,0.110359394,0.009687059,0.228682515,0.367749479,0.168580503,0.065966284,0.021988761,0.078182262,0.070852675,1.815294405,0.080625458,3.703884681,8.050329831,1.372591505,1.386892963,1.305480139,1.109632015,1.225492047,1.125262888,1.109101122,1.211960221,1.313461015,0.095355069,0.033291538,0.016360852,-0.008250615,0.021637568,0.316492912,0.000585487,1.263518148,4.063636195,1.269886579,3.913360385,1.016634647,1.050355195,1.279873962,1.434359866,1.223704808,1.287924223,1.312471492,0.064886129,0.192927408,0.005749849,-0.020393492,0.051659518,1.353841768,-0.00203273,1.989464987,4.108427479,1.399477186,2.908834016,14.73338109,1.14407918,2.407355462,0.922100725,2.294699042,0.910810522,1.189014563,0.147178754,0.245008742,0.896583624,0.022286592,0.386041402,-0.291516776,0.105959558,-0.362099206,2.149651032,1.020052795,42.50550215,139.350707,2.04223775,7.622007598,2.37039125,3.854522607,1.442156113,1.244579613,0.031966041,10.37347307,13.27138218,0.062861461,1.255839849,4.652882605,0.18823914,3.936718281,2.940061565,100,0.72641294,0.029884947,0.398055321,1.018536281,1.257702025,0.799706623,0.397043899,0.284967785,0.216479307,0.074255896,1.19651901,0.064811938,0.046696828,0.024697593,0.161166663,0.05746276,0.087575427,0.874624245,0.190360891,2.865808479,1.194141252,2.075629002,1.147440003,1.324223606,0.086539136,0.022504513,0.005836197,0.016379616,0.032363327,0.227129551,0.020646269,0.457484196,0.706167213,0.780165289,0.157355372,0.040991736,0.148099174,0.189090909,4.193057851,0.138842975,11.87305785,22.77553719,1.592780012,1.515678447,1.265620981,1.161875177,1.369450966,1.211991517,1.240429244,1.290559411,1.344819808,0.6958026,0.052650386,0.014050096,-0.001603221,0.051399556,1.041843751,0.046605658,4.846110255,10.93716138,1.537049508,4.83988098,1.213174792,1.192533864,1.468784983,1.419777158,1.4254648,1.359245295,1.346405253,0.595435322,0.937889559,0.001230505,0.013189787,0.112375892,2.755878571,0.051157109,6.251261315,10.94483335,1.521398417,2.839639253,15.74365338,1.376905033,2.227484136,1.065322642,2.964779194,0.997343962,1.223713929,0.958908988,0.605623104,2.085568588,0.031805062,0.861734344,0.08774037,0.401792317,-0.560310483,6.6927766,1.125139568,27.74860794,125.4469527,2.604445709,6.524466292,2.148260723,4.965119309,1.40377066,1.248707137,0.190860281,19.0138856,23.66314945,0.175865529,3.614237329,9.423013577,0.756619782,7.946981059,7.439165422UPN1-Rx,0.03954669,0.618359402,0.063426075,0.571758045,2.933956097,0.944239962,0.243116736,0.002190645,0.091624971,0.636278677,0.361704934,0.448601797,0.188174918,0.002086714,0.808553562,0.314104679,0.984061297,0.432160396,0.762452374,1.786492603,0.480947116,0.317805599,0.858119884,0.970251502,2.737227785,0.001012941,0.001698053,0.157987587,0.081670233,0.002164998,0.375681854,0.065898756,0.049919012,0.001054007,0,0,0,0,0,0,0,0,0,NA,NA,NA,NA,NA,NA,NA,NA,NA,NA,NA,NA,NA,NA,NA,NA,NA,NA,NA,NA,NA,NA,NA,NA,NA,NA,NA,NA,NA,NA,NA,NA,NA,NA,NA,NA,343.2061864,1.222904673,0.006914264,0.02523505,21.24819087,0.00534576,0.027813898,0.040041385,1.700013289,0,0,0,0,0,0,0,0,0,NA,NA,NA,NA,NA,NA,NA,NA,NA,NA,NA,NA,NA,NA,NA,NA,NA,NA,17.04623632,1.231106758,0.06977307,0.642143214,2.303550933,3.455134849,0.151138258,0.143447972,0.256197086,0.61160427,0.423762219,0.471638414,0.530888445,0.043506466,0.959117932,0.2181794,0.805819615,0.355053907,2.452268234,1.242592702,3.093154013,0.440318179,1.558847574,2.964864536,2.388567284,0.097959769,0.086698812,0.049058198,0.130477329,0.107714468,0.537364527,0.117005298,0.302043616,0.095360743,0.62305296,0.62305296,0.31152648,0.934579439,0.62305296,10.28037383,0.31152648,4.361370717,0,NA,NA,NA,NA,NA,NA,NA,NA,NA,NA,NA,NA,NA,NA,NA,NA,NA,NA,NA,NA,NA,NA,NA,NA,NA,NA,NA,NA,NA,NA,NA,NA,NA,NA,NA,NA,0.842674493,0.798338534,1.376058365,0.802079177,1.136520358,0.825632622,0.942571608,1.131571643,0.807397878,-0.62305296,-0.422249747,0.491686372,-0.332169801,-0.221446534,-3.453064595,0.290883159,1.461922456,0.602409639,NA,NA,NA,NA,NA,NA,NA,NA,NA,NA,NA,NA,NA,NA,NA,NA,NA,NA,4.745317098,1.285701274,0.096680732,0.714326542,2.378851471,3.489587579,0.926732813,0.167201932,0.280202635,0.970878253,0.68839898,0.560777989,0.57772737,0.057253348,1.205105329,0.285027203,1.040616746,0.449982591,2.483852055,1.342188418,3.04466766,0.5234144,1.674404981,2.973646194,2.639097224,0.151448703,0.075512994,0.067811841,0.142301165,0.156538842,0.653020285,0.113585162,0.51339576,0.170118902,0.877192982,0,0.877192982,1.754385965,2.631578947,17.54385965,0,10.52631579,0.877192982,NA,NA,NA,NA,NA,NA,NA,NA,NA,NA,NA,NA,NA,NA,NA,NA,NA,NA,NA,NA,NA,NA,NA,NA,NA,NA,NA,NA,NA,NA,NA,NA,NA,NA,NA,NA,0.877552468,1.57017733,1.478877135,0.852253825,0.991213652,0.800683609,0.7063271,0.698626864,0.619218084,1.250466592,0,-0.877192982,-0.690556178,-1.56774916,-9.033221351,0,-4.143337066,0.186636805,NA,NA,NA,NA,NA,NA,NA,NA,NA,NA,NA,NA,NA,NA,NA,NA,NA,NA,2.358896681,1.33677799,0.126379926,0.829603143,2.421281543,3.701819396,0.378399623,0.295613948,1.241080672,0.872044552,0.576470295,0.554213294,0.629706339,0.096014339,1.232637131,0.329188068,0.898758174,0.420198025,2.416451266,1.352281362,3.872467196,0.602729906,1.790513343,3.001662641,2.464136303,0.10190386,0.081771469,0.037265573,0.199785813,0.221174361,0.848409685,0.112162027,0.461137125,0.326550103,0,0,0,0,4.255319149,25.53191489,0,4.255319149,6.382978723,NA,NA,NA,NA,NA,NA,NA,NA,NA,NA,NA,NA,NA,NA,NA,NA,NA,NA,NA,NA,NA,NA,NA,NA,NA,NA,NA,NA,NA,NA,NA,NA,NA,NA,NA,NA,1.567361255,2.162527476,2.001749385,0.851154094,0.80002731,0.897667966,1.607871083,0.657536033,1.842538755,1.886792453,0,0,0,-2.368526696,-1.003613007,0,3.291850662,14.37173826,NA,NA,NA,NA,NA,NA,NA,NA,NA,NA,NA,NA,NA,NA,NA,NA,NA,NA,24.68444116,1.303959955,0.120862159,0.736469254,2.323352986,3.540812935,0.435833306,0.206159084,0.331597146,0.757473853,0.698559428,1.657991271,0.643057479,0.110096354,1.473056523,0.385541096,0.965393496,0.524163379,2.46046742,1.362953221,3.214809408,1.183518754,1.770773923,3.036111259,2.720314746,0.2776127,0.115583209,0.061807661,0.152858948,0.268225588,0.952952654,0.184650189,0.920691486,0.122757006,3.057553957,0.35971223,0,0.71942446,1.798561151,29.67625899,0.35971223,31.11510791,0.35971223,NA,NA,NA,NA,NA,NA,NA,NA,NA,NA,NA,NA,NA,NA,NA,NA,NA,NA,NA,NA,NA,NA,NA,NA,NA,NA,NA,NA,NA,NA,NA,NA,NA,NA,NA,NA,0.781033946,0.932085755,1.212298681,0.842813681,0.819195286,0.736222217,0.951803565,0.689746477,0.723622658,-0.702481493,-0.17855281,0.543478261,-0.53826504,-0.530445209,-13.19075175,0.364925451,-13.90496299,0.183766031,NA,NA,NA,NA,NA,NA,NA,NA,NA,NA,NA,NA,NA,NA,NA,NA,NA,NA,25.80975327,1.784517806,0.165883355,1.069719598,2.492165165,3.862799627,0.559783508,0.705899462,0.926022726,0.863156066,0.693048419,1.811268523,0.79620189,0.167799608,1.594806565,0.492892518,1.078924721,0.622919525,2.321177296,1.450427406,3.492744162,1.522464029,2.027094199,3.246629703,2.734433486,0.440584966,0.179322521,0.096693959,0.232192691,0.413576118,1.111184413,0.224546668,1.069151507,0.182605496,8.415147265,0.841514727,0.420757363,1.402524544,4.207573633,42.7769986,0.701262272,40.53295933,1.122019635,NA,NA,NA,NA,NA,NA,NA,NA,NA,NA,NA,NA,NA,NA,NA,NA,NA,NA,NA,NA,NA,NA,NA,NA,NA,NA,NA,NA,NA,NA,NA,NA,NA,NA,NA,NA,0.754415543,0.973667515,1.110485021,0.947518117,0.825460174,0.794863485,1.0202754,0.711029679,0.957088888,-2.7666117,-0.004694643,-0.002347321,-0.774909481,-1.27870334,-18.50921617,1.390787937,-20.03086728,1.388440616,NA,NA,NA,NA,NA,NA,NA,NA,NA,NA,NA,NA,NA,NA,NA,NA,NA,NA,6.285781194,1.888035926,0.106231389,1.990339088,2.320727179,3.912249256,0.470040517,0.519392359,0.713074327,0.403876749,0.506635206,1.613759241,0.699609274,0.119934689,1.43489578,0.345904954,1.059206418,0.556014181,2.198881715,1.432467661,3.50171153,1.286800562,2.032422884,3.331699723,2.559739766,0.3457932,0.131188048,0.059653441,0.215193023,0.354897435,0.949983337,0.192250613,0.890217917,0.126094375,4.347826087,0,0,1.086956522,3.260869565,32.60869565,0,30.97826087,0.543478261,NA,NA,NA,NA,NA,NA,NA,NA,NA,NA,NA,NA,NA,NA,NA,NA,NA,NA,NA,NA,NA,NA,NA,NA,NA,NA,NA,NA,NA,NA,NA,NA,NA,NA,NA,NA,0.807348862,1.417276063,1.973254545,0.962358633,0.842768711,0.945794259,1.086686899,0.791014126,1.272796487,2.514919011,0,0,-0.106564365,-3.260869565,-11.0400682,1.960784314,-11.37041773,2.39769821,NA,NA,NA,NA,NA,NA,NA,NA,NA,NA,NA,NA,NA,NA,NA,NA,NA,NA,8.350141996,2.035066072,0.293669497,2.277054464,2.525310618,3.938157674,0.710220651,0.710927935,1.036206073,1.651376517,1.187836511,1.826009926,0.859519039,0.235311839,1.777671236,0.635145781,1.367277386,0.786797983,2.344151619,1.622707647,3.55793698,1.722983798,2.144908008,3.299468592,3.068552954,0.541799158,0.255156516,0.173621062,0.313668192,0.527700226,1.415835093,0.346695415,1.124450299,0.229291392,13.56589147,1.550387597,0.775193798,1.937984496,9.302325581,56.97674419,5.426356589,42.63565891,2.325581395,NA,NA,NA,NA,NA,NA,NA,NA,NA,NA,NA,NA,NA,NA,NA,NA,NA,NA,NA,NA,NA,NA,NA,NA,NA,NA,NA,NA,NA,NA,NA,NA,NA,NA,NA,NA,0.702159408,1.163652194,1.409514135,1.165725966,0.87185258,0.905229035,1.146103859,0.901052328,1.050101293,-5.873583781,3.834227788,5.378652355,4.985092427,-1.610017889,-16.97674419,4.573643411,-8.020274299,1.520572451,NA,NA,NA,NA,NA,NA,NA,NA,NA,NA,NA,NA,NA,NA,NA,NA,NA,NA,0.872879875,2.102740681,0.472316502,3.40717591,0.977381664,4.302519127,0.785825314,0.633288992,0.755647933,2.438082352,2.59403947,0.975746337,0.486742871,0.380331968,2.36276197,1.09405693,1.369849,0.763457001,2.605137291,1.514084595,2.831812064,2.445681258,2.468814049,2.992582378,4.540283808,0.556433494,0.456325364,0.378693705,0.268999367,0.92319436,1.571698025,0.646070089,1.443533554,0.11815516,9.523809524,9.523809524,4.761904762,0,33.33333333,76.19047619,14.28571429,52.38095238,0,NA,NA,NA,NA,NA,NA,NA,NA,NA,NA,NA,NA,NA,NA,NA,NA,NA,NA,NA,NA,NA,NA,NA,NA,NA,NA,NA,NA,NA,NA,NA,NA,NA,NA,NA,NA,0.866897384,1.695911569,3.391353502,2.625864769,1.159308288,1.417470345,1.349583826,1.364467898,0.777631038,2.240896359,19.88795518,48.17927171,17.64705882,-3.921568627,17.92717087,3.361344538,18.20728291,0,NA,NA,NA,NA,NA,NA,NA,NA,NA,NA,NA,NA,NA,NA,NA,NA,NA,NA,0.230076011,1.985278812,1.866665805,3.909680148,1.628104456,4.609360677,0.997008229,1.257719152,1.146291669,2.934038807,3.171050401,1.119892832,1.251181519,0.421940493,2.354738854,1.422587985,1.412536106,0.960146774,1.682157786,1.772141834,3.351223271,1.897996118,3.058307939,3.085587637,4.438179351,0.451596811,0.307525477,0.333230122,0.502580029,0.779837555,1.698019874,0.607520323,1.626556817,0.406519608,14.28571429,0,0,28.57142857,14.28571429,71.42857143,14.28571429,71.42857143,14.28571429,NA,NA,NA,NA,NA,NA,NA,NA,NA,NA,NA,NA,NA,NA,NA,NA,NA,NA,NA,NA,NA,NA,NA,NA,NA,NA,NA,NA,NA,NA,NA,NA,NA,NA,NA,NA,2.055059129,1.802037435,4.365389114,1.318803527,1.812913418,1.64620487,2.513961589,1.122482999,0.003394145,19.04761905,0,66.66666667,-28.57142857,52.38095238,-4.761904762,52.38095238,-4.761904762,-14.28571429,NA,NA,NA,NA,NA,NA,NA,NA,NA,NA,NA,NA,NA,NA,NA,NA,NA,NA,0.059039577,2.068763325,1.980982613,3.649841179,2.389194201,4.31873597,0.975103569,0.315895754,0.499140029,3.873690975,4.813449417,0.865717698,1.657277323,0.102818961,1.359316003,0.565065867,2.131174258,1.007656661,1.933075754,2.555312924,2.706083409,0.645380398,3.184888791,2.428838148,4.43263902,0.127468868,0.00200218,0.309313107,0.001839257,0.103118183,1.650461314,0.766675293,0.290617569,0.904786508,0,0,0,0,0,100,0,0,0,NA,NA,NA,NA,NA,NA,NA,NA,NA,NA,NA,NA,NA,NA,NA,NA,NA,NA,NA,NA,NA,NA,NA,NA,NA,NA,NA,NA,NA,NA,NA,NA,NA,NA,NA,NA,2.840968212,78.74854382,0.002842823,379.4617805,2.922776779,0.547697536,0.267420092,3.793308817,0.432167037,0,0,0,0,0,-100,0,0,0,NA,NA,NA,NA,NA,NA,NA,NA,NA,NA,NA,NA,NA,NA,NA,NA,NA,NA,0.482168757,0.924629726,0.627217527,1.325284815,1.309214646,1.486606092,1.580975619,0.345843716,0.229616841,5.063800975,5.548738913,0.532996806,0.515400686,0.242108689,1.064377185,0.887652604,2.020229029,0.979352833,1.234511408,1.051542523,0.532348194,0.491123193,0.933983017,1.205464353,2.054111664,0.144359958,0.392373906,0.323420491,0.378863248,0.150092381,1.113506756,0.408968269,1.166742524,0.175145069,0,0,0,0,0,33.33333333,11.11111111,44.44444444,0,NA,NA,NA,NA,NA,NA,NA,NA,NA,NA,NA,NA,NA,NA,NA,NA,NA,NA,NA,NA,NA,NA,NA,NA,NA,NA,NA,NA,NA,NA,NA,NA,NA,NA,NA,NA,1.467438264,2.581946375,1.121270351,1.11723157,1.393728412,0.877489419,1.261221996,2.333318759,4.662938329,4.347826087,43.47826087,4.347826087,0,0,-2.898550725,-6.763285024,25.12077295,34.7826087,NA,NA,NA,NA,NA,NA,NA,NA,NA,NA,NA,NA,NA,NA,NA,NA,NA,NA,2.714107069,1.432241227,0.12107463,0.654948402,1.214723343,3.658542699,0.400488597,0.165455331,0.277716638,0.87035085,0.928008508,0.436978007,0.602131598,0.059070297,0.952426143,0.276551558,0.870811006,0.364807078,2.483094855,1.355290936,2.654087639,0.531289173,1.492006399,2.894502256,2.426357219,0.126000927,0.071914949,0.084539314,0.11884887,0.255715655,0.700681651,0.238873458,0.495963232,0.074992888,0,0,1.694915254,0,5.084745763,18.6440678,5.084745763,10.16949153,0,NA,NA,NA,NA,NA,NA,NA,NA,NA,NA,NA,NA,NA,NA,NA,NA,NA,NA,NA,NA,NA,NA,NA,NA,NA,NA,NA,NA,NA,NA,NA,NA,NA,NA,NA,NA,0.41483531,1.558041653,0.501723971,0.591727913,0.504323717,0.782396423,0.464534881,0.556955479,0.558072238,0,2.597402597,-1.694915254,0,-5.084745763,-12.1505613,-2.487343165,-6.273387629,0,NA,NA,NA,NA,NA,NA,NA,NA,NA,NA,NA,NA,NA,NA,NA,NA,NA,NA,5.93742486,1.17072203,0.175768093,1.945685983,2.088152128,3.576622475,0.488083461,0.217323277,0.350788134,1.172237897,1.254449419,0.55603561,0.633957898,0.07093618,1.079692134,0.401779654,1.238853795,0.530573593,2.298618463,1.373436906,2.944766779,0.609405277,1.718772988,2.912419143,2.768948201,0.098389172,0.147902609,0.164175837,0.270222005,0.198289609,0.765786916,0.242264671,0.486075544,0.098219745,0.649350649,1.948051948,3.246753247,5.194805195,1.298701299,18.83116883,4.545454545,12.33766234,0,NA,NA,NA,NA,NA,NA,NA,NA,NA,NA,NA,NA,NA,NA,NA,NA,NA,NA,NA,NA,NA,NA,NA,NA,NA,NA,NA,NA,NA,NA,NA,NA,NA,NA,NA,NA,1.720050791,1.121194422,0.944098869,1.057993733,1.212802767,0.972985531,0.741319773,1.047282469,1.051055149,2.380952381,-0.937950938,0.793650794,-2.164502165,1.731601732,1.370851371,-3.535353535,0.793650794,1.01010101,NA,NA,NA,NA,NA,NA,NA,NA,NA,NA,NA,NA,NA,NA,NA,NA,NA,NA,0.248750546,0.133005687,0.05244825,0.478837376,0.457154361,1.01644636,0.40559519,0.018912727,0.096895246,1.085823284,0.530567691,0.148066342,0.078323959,0.087968073,0.229289633,0.271308985,1.473690107,0.586163205,0.032145012,0.80764857,0.110930781,0.082745297,0.255246,0.418830362,0.763552976,0.267851445,2.52E-05,0.161706714,0.788760844,0.198615955,0.248021644,0.543838263,0.381163677,0.147255528,0,0,0,20,0,0,20,20,0,NA,NA,NA,NA,NA,NA,NA,NA,NA,NA,NA,NA,NA,NA,NA,NA,NA,NA,NA,NA,NA,NA,NA,NA,NA,NA,NA,NA,NA,NA,NA,NA,NA,NA,NA,NA,0.007367096,93.51580707,0.003920853,0.000540825,0.006479703,0.021048797,0.002141689,0.006329209,0.019691082,0,0,0,-20,0,0,-20,-20,0,NA,NA,NA,NA,NA,NA,NA,NA,NA,NA,NA,NA,NA,NA,NA,NA,NA,NA,100,1.516094662,0.15503241,1.117843254,2.318113961,3.663319265,0.478684499,0.394407692,0.5786801,0.909766362,0.780235189,1.314653892,0.682249216,0.124524925,1.388774789,0.41131121,1.032895463,0.542521326,2.379758117,1.391732471,3.263470971,1.105420991,1.836059784,3.085814719,2.684058128,0.313419182,0.149035613,0.094057321,0.205974293,0.319147549,0.966323142,0.212352326,0.842920872,0.153270677,5.220228385,0.774877651,0.57096248,1.549755302,3.670473083,32.95269168,1.549755302,28.71125612,0.938009788,NA,NA,NA,NA,NA,NA,NA,NA,NA,NA,NA,NA,NA,NA,NA,NA,NA,NA,NA,NA,NA,NA,NA,NA,NA,NA,NA,NA,NA,NA,NA,NA,NA,NA,NA,NA,0.695982075,1.061526419,1.221284883,0.869340527,0.767270655,0.763023496,0.921698733,0.749698967,0.938552688,-1.854169479,1.095155075,1.158817792,-0.33423403,-1.566686267,-14.67312179,0.507280696,-12.25496813,1.539783573,NA,NA,NA,NA,NA,NA,NA,NA,NA,NA,NA,NA,NA,NA,NA,NA,NA,NAUPN2,0.139088271,0.066245782,0.022058165,0.082468987,2.25122807,0.453907311,0.232400313,0.033255151,0.016530227,0.22809719,0.088708343,0.094405665,0.014122502,0.035192741,0.02964121,0.078294572,0.014700052,0.018731711,0.055288107,0.203536071,0.039584984,0.16864169,1.266579553,0.265207982,2.366933513,0.152302436,0.014777521,0.004150155,0.027139959,0.033790267,0.349340301,0.026577348,0.476965952,0.44932348,0,0,0,0,0,5.405405405,0,13.51351351,5.405405405,0.962019726,2.278449464,1.161061816,0.670960964,0.714274611,0.492097626,0.661791065,0.788651566,1.404416788,0,0,0,0,0,-3.364589079,0,-11.47269719,10.92112521,1.259959629,1.167890998,0.542229272,0.370619906,2.124855883,0.968915906,1.972873609,1.492321155,1.870063287,1.515151515,0,0,0,0,-0.85995086,0,9.213759214,15.80671581,1.435557214,7.485458784,37.53837702,1.537554666,3.499649961,1.532794728,2.163204261,2.942687912,1.461378931,0,2.173913043,4.347826087,0,2.173913043,7.638072855,0,34.31257344,16.33372503,1.10952452,16.56801156,87.12017965,1.29662133,8.207999452,1.838599058,3.930606839,1.407792264,1.382505741,0,5.882352941,11.76470588,0,5.882352941,14.20243773,0,10.01589825,10.2808691,0.225344563,0.061181233,0.018897014,0.11907757,1.846736462,2.280658858,0.162187871,0.017917298,0.094906629,0.148947164,0.117982949,0.075884645,0.009015448,0.065564464,0.021569366,0.147074888,0.015486313,0.015216964,0.055433693,0.142035486,0.070693238,0.143921442,2.013251642,0.41147692,2.936766311,0.188614976,0.028567022,0.003960781,0.035716828,0.099481657,0.201087815,0.051462335,0.512132964,0.965101917,0,0,0,1.724137931,1.724137931,1.724137931,0,8.620689655,27.5862069,1.108889258,0.473038643,0.751397542,0.260750602,0.327398028,2.042497676,0.837495312,1.159528596,1.167692771,2.173913043,0,0,-1.724137931,-1.724137931,2.623688156,1.086956522,3.335832084,15.89205397,1.392904686,1.602808684,0.208110146,0.130025189,1.258926131,1.418882736,0.891378606,1.436122371,1.229417482,2.150537634,1.075268817,0,-1.724137931,-0.648869114,-0.648869114,0,11.80941787,13.27400816,1.455265408,1.729557352,33.00997626,1.154679431,1.89062492,2.978027086,2.012981782,2.487523881,1.31438315,1.265822785,0,2.53164557,-1.724137931,-0.458315146,10.93408992,0,34.41728503,21.78088171,1.625729156,14.83393506,146.7674307,2.259307107,3.626047643,5.237893023,2.12554048,1.476010064,1.07725993,3.174603175,11.11111111,19.04761905,-1.724137931,4.625068418,28.43459223,0,12.01423098,2.572523262,0.043522469,0.131618466,0.083444165,0.193296054,2.149102185,2.554298538,1.062949365,0.040740852,0.116292836,0.787135146,0.304608776,0.135163581,0.033980065,0.160658968,0.095312299,0.239877294,0.065935591,0.031607396,0.143741205,0.363565961,0.161253735,0.197503877,2.614717719,0.804145564,3.075125447,0.26983224,0.015577773,0.053025284,3.82E-05,0.08712123,1.178582371,0.053401842,0.899505838,1.682927363,0,0,0,0,0,11.11111111,0,22.22222222,66.66666667,0.990223049,3.737872188,0.008446603,868.7353542,2.559029658,0.427485661,1.572047193,0.869787971,0.92561184,6.25,0,0,0,0,1.388888889,0,2.777777778,-4.166666667,1.652253754,4.756296025,0.588743655,639.1908812,4.459049208,0.375907163,1.308769711,1.059144235,0.87896392,5.555555556,0,0,0,5.555555556,-5.555555556,0,0,-5.555555556,1.792708325,5.210760789,2.106423523,806.2505307,4.11663889,0.510194678,2.731331208,1.714126305,0.838240077,5.263157895,0,0,0,5.263157895,9.941520468,0,35.67251462,-14.03508772,1.687206378,20.89734965,7.422685528,5298.745924,4.965351597,0.88544086,2.54187172,1.544274592,0.685961023,7.692307692,15.38461538,15.38461538,0,7.692307692,35.04273504,0,31.62393162,-20.51282051,0.012366299,0.272172647,0.084541766,0.314852398,0.638149988,2.56873104,0.358623708,0.236314657,2.616132432,1.091907255,0.17910239,0.063595284,0.027848139,0.105175041,0.030585336,0.509387818,0.019317587,0.020389804,0.109545815,0.252255807,0.196281976,1.207678779,1.453705523,0.79520882,3.42547375,0.112861853,9.52E-07,0.000489908,0.023408017,0.042910914,0.95813381,0.064292926,0.504979631,1.185631678,0,0,0,0,0,22.22222222,0,22.22222222,44.44444444,1.44540934,15998.04264,31.27136706,6.007604102,2.693710696,0.365103461,0.215354291,0.876299274,0.878433861,3.571428571,0,0,3.571428571,0,-18.65079365,0,-11.50793651,-12.3015873,1.440019868,43.55870689,0.430628255,2.67473463,2.583236822,0.272902172,0.434797536,1.023776937,1.495461324,4.761904762,0,0,0,0,-17.46031746,0,-12.6984127,31.74603175,1.717825736,30606.00407,268.0817194,10.70233986,4.382738948,0.364742386,0.618231602,1.178646533,0.787121494,3.225806452,0,0,3.225806452,0,-15.77060932,0,-2.867383513,-12.18637993,3.96679997,952863.8431,3613.582042,5.104427305,18.86748504,0.933450533,5.085957944,1.514013332,0.975507135,14.28571429,42.85714286,57.14285714,0,28.57142857,6.349206349,7.142857143,6.349206349,5.555555556,0.16721291,0.357476778,0.150733108,0.54427196,0.156864439,1.560604408,0.404957169,0.175657912,0.151250462,1.128600394,0.187851013,3.193414885,0.061954473,0.032195003,0.039425035,0.252822487,0.121337837,0.439220523,0.020533349,0.445443836,0.117678084,1.895635626,0.48129419,0.431144563,2.993676618,0.020045211,0.005249796,0.010234156,0.036013038,0.0356832,0.227753671,0.014062006,0.208135133,0.515579084,0,0,0,0,0,1.724137931,0,3.448275862,15.51724138,1.248139337,7.401978045,0.355631458,1.833270009,1.25387696,1.500408625,2.69533483,1.136028809,1.217433529,0,0,0,1.941747573,0.970873786,7.013726147,0.970873786,0.435219284,1.958486776,2.109535952,4.495568538,0.040224074,1.56407168,1.103221622,1.445679195,3.136021661,1.841179288,1.499079942,0,0,0,0,0,4.769368562,0,6.941334528,7.859381997,1.233199434,15.80042786,26.81651684,2.908478971,4.633203705,1.198196726,2.581115286,1.586148548,1.315360508,0,0,6.930693069,1.98019802,4.95049505,6.196654148,0,4.472516217,5.274837829,1.874867962,50.69287438,50.8671353,2.177961239,3.677359249,1.317880618,4.565537007,1.732707531,1.29799134,0,7.692307692,19.23076923,1.282051282,2.564102564,4.686118479,0,5.526083112,2.431476569,0.155404219,1.086051717,0.142563894,1.133304054,0.118995497,2.27755033,0.598897096,1.844576448,1.464847392,1.868938287,0.387750099,0.81631494,0.105692153,0.079430137,0.06786948,0.92730087,0.050859344,0.086240067,0.036009165,0.113789147,0.504207581,2.964254599,1.029272786,1.565960474,4.221679107,0.081279942,0.121331639,0.006300158,0.046135663,0.182371566,0.702437722,0.147576041,0.743568578,1.282423764,0,3.846153846,0,0,0,8.974358974,0,17.94871795,48.71794872,1.840636462,1.387003186,2.914801119,1.409886545,1.049505094,0.962495408,1.159290594,1.133318855,1.442266266,1.724137931,-1.25994695,0,0,0,7.40495137,0.862068966,5.32714412,22.83377542,2.059426249,0.715318367,2.444638772,1.462649891,1.150573065,0.992406191,0.698411388,1.279274291,1.236900684,1.98019802,-2.856054836,0,0,0.99009901,2.906829144,0,7.793856309,6.727595837,2.619113757,2.88912889,67.95356661,2.58117088,1.9081278,0.991490603,0.966829398,1.448533038,1.307403634,3.448275862,5.349248453,12.64367816,0,1.149425287,9.416445623,0,17.68346596,15.64986737,1.922837008,5.706015103,148.3873488,2.922687853,2.429903711,1.349918451,1.866340158,1.341924323,1.245554283,0,15.33192835,31.50684932,0,5.479452055,15.68317527,0,16.29785739,15.66561293,0.099721717,1.363531905,0.035226169,2.926662906,0.146692962,2.970820549,0.383801482,0.949963986,0.844897762,0.379424254,0.153592327,1.667843015,0.054011044,0.085849963,0.053887647,0.341577545,0.120731905,0.110883578,0.08964668,0.046334361,0.510190712,3.098827048,0.816112153,1.218769576,3.88767733,0.174543909,0.209791195,0.004043414,0.047653166,0.199943545,0.46968176,0.04272738,0.59617582,1.729603625,0,3.225806452,0,0,0,9.677419355,0,16.12903226,74.19354839,0.497305799,0.159933347,4.142399642,0.422068561,0.62950086,0.68636569,0.798638712,1.278899931,0.83411155,0,-3.225806452,0,0,0,-7.351837959,0,4.8012003,-16.0540135,0.735129112,0.207834063,4.336584481,2.613937151,0.754092878,0.78066972,2.037498,1.104405432,0.791971007,2.702702703,-3.225806452,0,2.702702703,0,-4.272013949,0,-2.615518745,-14.73408893,0.626996393,0.695456202,54.74225586,0.931964349,0.925209092,0.639147524,0.875400625,0.959535752,0.937890892,0,-3.225806452,5,0,0,-9.677419355,0,3.870967742,-6.693548387,0.369153691,5.030680283,393.5304534,2.826126521,2.728196128,1.682339256,5.713776749,1.881274344,0.847488945,0,32.88530466,47.22222222,0,11.11111111,15.32258065,0,28.31541219,-21.41577061,0.779920658,1.769306855,0.100390547,2.746044221,0.059982609,2.54249664,0.68004623,1.635953601,1.445217006,1.990278764,0.44433351,0.971203122,0.125702276,0.131483878,0.057208225,0.726170923,0.123697906,0.080887021,0.059149417,0.103053809,0.77849553,3.523725634,1.259423854,1.946376533,4.353901126,0.157542167,0.08388716,0.033106601,0.13271249,0.252258836,0.797658885,0.190107133,1.114659665,1.905687551,0.406504065,0.81300813,0,0.81300813,0,15.44715447,0.406504065,38.61788618,78.86178862,1.209348222,1.05998962,0.415827942,0.789439387,1.176864248,0.970482386,0.897001421,0.99410193,1.014586977,0.717091441,-0.363569928,0,0.085868274,0.898876404,-1.065132,0.267653238,-0.640358089,0.014615876,1.271566319,1.284529942,0.467005976,1.017365216,1.160916362,0.945361166,0.7920181,1.021941247,1.015156454,0.118430318,0.236860636,0,0.236860636,1.57480315,-1.798860508,-0.406504065,2.326995711,0.403303246,1.701359462,4.737942067,17.7351547,1.628322375,1.497157937,1.077642018,1.099038016,1.135972792,1.06176697,1.71551185,7.94030752,15.91511936,0.247999827,1.856763926,6.303508658,0.123999914,7.801211964,2.570572125,1.399415147,14.07172309,51.67277022,2.906795861,3.039326824,1.620803808,2.336292182,1.258754207,1.084820373,1.022067364,42.99651568,60.47619048,2.520325203,18.57142857,31.69570267,1.974448316,13.28687573,4.947735192,5.367541343,2.258396997,0.068091625,3.116670274,0.020256693,3.470435164,0.48955684,0.497227677,0.523388682,1.514935356,0.319380136,0.0932829,0.104598587,0.091198802,0.061112113,0.304814986,0.084779942,0.032488404,0.043728739,0.106258743,0.527603669,3.643063611,0.9587612,1.277767813,4.120418573,0.107146381,0.034133633,0.016278151,0.067056932,0.243427116,0.605163344,0.114626151,0.887838915,1.617953799,0.141242938,0.141242938,0.070621469,0.353107345,0.423728814,10.24011299,0.211864407,29.0960452,64.26553672,1.104157673,1.249175596,0.968596577,0.923052915,1.002648816,0.965430867,0.845394831,1.066218197,1.019512468,0.158286373,-0.012873233,-0.027831567,-0.181947738,0.175329809,0.371782598,-0.083494702,2.868011285,1.074642994,1.155517568,1.230165136,0.927913658,0.925912491,0.982751775,0.948248865,0.866945524,1.063259212,1.018855278,0.038370892,0.038370892,-0.070621469,-0.218396972,0.698857626,-0.54096616,-0.032250577,2.605795844,0.889380205,1.711897914,9.646817618,42.14504942,2.274559855,1.694400664,1.032571707,1.298316928,0.976066651,1.038407725,0.697771221,7.200130948,22.21569211,0.223714889,6.655453148,1.348770068,0.417396212,-0.464687044,3.43241818,1.087192034,21.38011931,81.95794084,2.349528445,3.182095687,1.433105909,2.162616975,1.229777473,1.008524916,0.02710723,25.36380757,41.42769503,-0.100582092,19.6941163,15.68581293,0.714061519,9.961193859,0.549278092,0.262902012,1.72206467,1.981421034,2.361201183,0.087806541,3.867314331,0.586400211,0.69997124,0.633510956,3.484096372,0.782480776,0.08659409,0.298538367,0.154227882,0.131652744,0.580488494,0.076590583,0.051696253,0.053564898,1.16365335,0.458759184,2.72446115,1.006580367,1.039871547,4.138597873,0.174002307,0.065976042,0.011594878,0.119407496,0.163477271,0.975149318,0.142119593,0.731904025,1.692555669,3.076923077,0,0,1.538461538,0,30.76923077,0,21.53846154,61.53846154,0.77694809,1.243418371,1.553882121,1.046441684,1.260409148,0.813377579,0.932827389,0.870137277,1.058952088,-3.076923077,0.763358779,0,-0.011743981,3.053435115,-10.92190252,0.763358779,-4.744568409,4.110393423,0.43827313,0.594943696,1.194283829,0.636156506,0.996939633,0.921561861,1.197477396,0.815364452,0.991426143,-3.076923077,0,0,-1.538461538,1.538461538,-3.846153846,0,-6.923076923,6.153846154,0.965089019,5.228290674,112.279026,1.335410068,6.352264214,1.17035155,1.467246251,1.005221602,1.088601827,-2.214854111,6.034482759,43.10344828,-0.676392573,34.48275862,5.437665782,0.862068966,-1.710875332,3.978779841,0.609331893,5.722590554,79.97649619,0.822818963,4.449444944,1.026509026,1.463245685,0.906646177,1.069003077,-1.291208791,12.5,28.57142857,-1.538461538,21.42857143,1.373626374,0,-0.10989011,8.104395604,0.198399417,1.700588652,2.487850141,1.876345731,0.086523667,4.422673323,0.22975848,0.017961485,0.036859921,5.639797354,2.86386692,0.027250441,0.232939485,0.113849861,0.62507692,0.113995574,0.024017483,0.022196323,0.221143232,2.103484114,0.049484759,1.702006444,0.372925285,0.162466599,3.010344377,0.017144706,0.018334596,0.001755621,0.00866418,0.058927097,0.643078175,0.044835602,0.297304158,0.51792812,0,0,0,0,0,15.87301587,0,1.587301587,15.87301587,1.26505335,1.291052777,2.638009841,1.900017321,1.121812353,1.012667981,1.723773517,1.406655217,1.424006581,0,0,0,0,0,-2.665468703,0,6.90326445,5.825097335,3.34082863,2.192793147,2.16506766,0.683083196,0.759602435,1.006557699,1.680697249,1.036464865,1.098654625,0,1.162790698,0,0,0,2.73163529,0,3.063861203,-0.756736803,2.016102307,20.79988026,1054.361119,2.437083284,23.92187188,1.2429212,3.698433114,1.684745762,1.872656211,0,9.638554217,62.65060241,0,54.21686747,8.223369669,0,8.05125263,19.06674316,1.186985537,9.173568862,349.1495378,2.321243139,8.441366971,1.234272399,2.255317636,1.19013334,1.4881728,0,6.451612903,17.74193548,0,16.12903226,5.094726062,0,1.638504864,11.54633897,6.594870054,1.421603473,1.153050717,0.315176438,0.029791185,0.922291523,0.240590576,0.046510748,0.065985368,4.383973876,1.226083088,0.024516628,0.428097205,0.048343273,0.139393858,0.08802099,0.01274849,0.017949161,0.047705491,1.615585461,0.063570738,1.450321986,0.217024681,0.163231412,3.687732539,0.033458622,0.024980842,0.005880414,0.028784202,0.044477539,0.688123019,0.086046073,0.301690619,0.598937328,0.033489618,0.301406564,0.066979236,0.234427328,0,19.65840589,0.435365037,5.894172806,17.07970529,1.215244775,0.909452868,1.189850002,1.143556206,1.010149598,1.005410888,0.98283272,1.109572964,1.051843555,0.029337607,-0.008212847,-0.02509442,-0.045945652,0.062827225,0.446306148,-0.163113728,0.974937141,1.852231881,1.099724127,0.860596725,1.069358236,1.104100706,1.040708853,0.983249682,1.03982251,1.09505566,1.061934712,-0.033489618,-0.111252328,-0.066979236,0.061368151,0.042256497,-0.009134819,-0.012800067,1.099277437,2.104744318,1.642106605,11.92339493,246.5775367,1.773984921,21.65871357,1.207150102,1.704227262,1.427226273,1.334459785,0.111894438,7.525101796,47.64322188,0.056340785,33.31717955,6.098802732,0.218863216,4.428095185,7.97481373,0.898262341,9.466226273,126.1226635,1.198236491,9.37377028,1.055290006,1.296354513,0.919088073,1.033705629,0.059968326,7.549060726,20.64953167,-0.016358792,12.52336449,1.494242081,-0.030380613,-0.504764707,0.833067294,12.84288414,0.444093514,0.126392449,0.372118026,0.011194656,3.291754933,0.183409096,0.091023158,0.072650308,0.938031147,0.15893416,0.027289938,0.029736514,0.019066095,0.020728473,0.173359838,0.009330233,0.010631571,0.021735297,0.419708137,0.083606614,2.107395532,0.553510423,0.387676962,3.083913848,0.018195475,0.017991462,0.005318496,0.017573917,0.041238749,0.207805864,0.028445596,0.248069078,0.611091647,0.027847396,0.278473963,0,0.167084378,0.083542189,3.703703704,0.027847396,5.235310498,18.43497633,1.295067617,0.810205879,0.825120417,1.166494819,1.124440786,0.991309675,0.99903081,1.060629767,1.110731555,0.044893102,-0.132992966,0,0.032951993,0.025568559,-0.466751531,0.099448476,0.165671498,2.805249166,1.237104926,1.008050739,0.974115209,1.050980219,1.091037241,0.987679714,0.866561848,1.101726391,1.083416094,0.085961405,-0.012920093,0.037936267,0.003628824,0.049234746,-0.441184736,0.029057004,1.19488677,2.126480423,1.757186797,3.908880672,54.04840428,1.499701649,3.989509939,1.009752903,1.426386973,1.026837506,1.134108634,0.298749868,0.987090438,8.675239845,0.0982759,3.713151014,-0.498968043,0.25792521,0.337255331,3.385803421,1.135009895,12.78979072,119.6269189,1.333267188,7.06849147,1.218078629,1.561742407,1.181321294,0.943253977,0.127472303,6.063747109,19.49262231,-0.037651295,7.708329414,1.421846387,0.07569907,2.116488621,-1.194489661,11.11632111,0.690553913,0.041279758,2.643762206,0.014392254,3.110845544,0.278540696,0.219008328,0.192354207,0.932396579,0.177088754,0.059985289,0.03545718,0.028851033,0.024131759,0.230315059,0.02902626,0.01611015,0.01617044,0.137820842,0.186235159,2.889623378,0.501031582,0.705008955,3.50805195,0.029311421,0.022590812,0.007216102,0.029130677,0.073506889,0.275007594,0.043998509,0.388668414,0.939581169,0,0.208681135,0.083472454,0.208681135,0.125208681,3.589315526,0.125208681,8.848080134,31.96994992,0.913108124,0.860413588,0.794878412,0.924835473,0.823020387,0.932326954,1.034565649,0.998814143,1.041587335,0,-0.076580739,-0.083472454,0.055519657,-0.072368523,-0.392485935,0.218252349,0.372527528,2.244052725,0.866275362,0.801694557,0.74122583,1.067542795,0.911596815,0.862246223,0.849358576,0.981522742,1.031143095,0.054347826,-0.018463744,-0.083472454,0.063057995,-0.043686942,-0.763228569,-0.043686942,0.47257204,1.453963127,1.548000096,4.338228351,37.99934974,1.706820323,1.809480741,0.979066524,1.144065646,0.941375805,1.101106539,0.223713647,1.329350185,7.550755734,0.070960923,1.049287963,0.269744877,-0.041316064,0.575857227,4.495374468,0.950871484,15.32834323,121.7056281,1.899591292,4.382254226,1.403656153,2.131384336,1.234092287,1.045697779,0,9.801782764,28.37833431,0.035476521,6.362409038,3.28197851,0.328226966,4.754989277,1.898204949,61.99200577,0.227801116,0.036056877,0.664011952,0.009988848,0.663531409,0.105290174,0.090638166,0.063245723,0.853494857,0.072476188,0.0236083,0.017941955,0.009124549,0.01512667,0.114465559,0.008474414,0.006089049,0.008993857,0.37115362,0.047383044,1.577484449,0.376264155,0.262961108,2.7768965,0.007562989,0.009462823,0.0031266,0.01389485,0.015381801,0.136884558,0.015788919,0.123548157,0.269230048,0,0.13225414,0.010580331,0.206316458,0.031740993,2.036713749,0.058191821,1.745754642,6.104851082,1.17498224,1.19939213,0.87386778,1.058907028,1.032946212,0.973898854,1.057748852,1.223966248,1.204797803,0.008624779,0.005742324,-0.006267942,0.009303017,-0.005866657,-0.173761487,0.002181632,0.725244539,1.924818158,1.113474075,1.278890711,0.959689777,1.321515122,1.111593902,0.955524,1.030845835,1.239129483,1.218875909,0,0.051947368,0.002270937,0.140667778,-0.01460597,-0.177563646,-0.006786749,0.888755296,1.850083805,1.840107169,5.37716049,76.58055031,1.395885207,5.405585883,1.100106583,1.280399024,1.469916092,1.326430842,0.01179709,0.662083257,6.819934808,0.021760617,1.564798527,0.334501351,0.020455446,1.919208,2.825546087,1.174955196,14.93546567,156.6815573,1.605510589,9.375912752,1.281495211,1.904987713,1.439667508,1.020715832,0.004243402,3.287927478,14.87951557,0.073748042,3.35025001,1.027022142,0.026676209,1.971465081,0.243277578,100,0.569015638,0.189585112,0.92562159,0.023505614,1.451145338,0.176373858,0.141299471,0.122132356,1.338366869,0.24973403,0.052114851,0.074923579,0.02364949,0.035877331,0.149700029,0.016890341,0.012579956,0.019103065,0.48536983,0.102349115,1.880402559,0.441268766,0.385635372,3.081399046,0.020511523,0.015535704,0.004914657,0.020966659,0.040057209,0.24480152,0.033486208,0.227228282,0.484464857,0.023375409,0.190342617,0.023375409,0.220396714,0.063447539,4.745208041,0.106859013,4.885460496,14.506111,1.284105871,1.119068358,0.962460295,1.105640174,1.132223064,1.060691397,1.084984825,1.200542641,1.192610527,0.04293596,-0.023336207,-0.013551503,0.008009111,0.034791526,0.363223327,0.033131654,1.384647813,3.690219771,1.238844616,1.132707396,0.967630379,1.195851483,1.132652132,1.026636108,1.041842401,1.193044828,1.174010301,0.031261257,0.018270109,-0.010957985,0.082588435,0.065693672,0.182025853,-0.00255265,1.551732173,3.146499143,1.721728778,6.486957587,81.51825201,1.679546838,5.26230698,1.11382351,1.409258824,1.244498586,1.220880566,0.13303115,1.860049622,12.23254482,0.053314765,5.423001299,1.051610063,0.086205334,2.055080573,3.954750703,0.985019315,13.26148532,121.943028,1.608921787,5.688604127,1.178967252,1.66036606,1.181633185,0.956351976,0.036028851,5.600158359,18.28728058,0.051165618,5.61673124,1.775116702,0.082668865,1.88662516,-0.843131169UPN3,0.632922168,0.023368681,0.016476997,0.032707416,2.248409726,0.225935556,1.756411791,0.013956428,0.01108423,0.038454047,0.058002041,0.09830958,0.008668647,0.025692045,0.013268872,0.045814235,0.02336543,0.249605999,0.034894829,0.13168978,0.059266257,0.020016552,2.306927239,0.123898112,1.625396712,0.043281292,2.57E-05,7.22E-05,0.025247224,0.008471412,0.429017015,0.07865933,0.284220124,0.244505763,0,0,0,0,0,14.92537313,0,8.955223881,7.462686567,0.290784109,194.2911314,131.2440882,0.581782177,4.572666004,0.61756858,0.352448799,1.221760365,1.215596984,0,0,0,0,0,-9.043020193,0,-1.112086626,-0.599941469,0.377305346,425.3217398,64.09897511,0.872602431,4.045469513,0.72986837,0.453404218,0.932788308,1.075590658,0,0,0,0.632911392,0,-6.697525033,0,-5.790666919,-3.665218213,0.657488514,1078.821815,1447.418683,1.769165976,8.340948285,1.028097598,0.916044964,2.010270803,1.429569105,0,0.653594771,3.921568627,0.653594771,0.653594771,-3.814262023,1.307189542,6.077455858,1.034045459,0.350484826,7375.904716,7237.184471,2.651359576,41.31390908,1.572561239,0.82346235,2.008582871,1.103949827,0,5.755395683,16.54676259,0,8.633093525,5.937936218,0,6.872114249,-3.146139805,0.011687431,0.026835808,0.02559717,0.024006549,1.693942182,1.543084335,0.339406582,0.001640159,0.02627938,0.030527318,0.055799883,0.015033815,0.041702892,0.010272191,0.000939256,0.018185415,0.010454691,0.08968346,0.194922262,0.060078304,0.03982502,0.0181827,2.414730445,0.013262108,1.98226818,NA,NA,NA,NA,NA,NA,NA,NA,NA,NA,NA,NA,NA,NA,NA,NA,NA,NA,NA,NA,NA,NA,NA,NA,NA,NA,NA,NA,NA,NA,NA,NA,NA,NA,NA,NA,NA,NA,NA,NA,NA,NA,NA,NA,NA,NA,NA,NA,NA,NA,NA,NA,NA,NA,NA,NA,NA,NA,NA,NA,NA,NA,NA,NA,NA,NA,NA,NA,NA,NA,NA,NA,NA,NA,NA,NA,NA,NA,NA,NA,NA,NA,NA,NA,NA,NA,NA,NA,NA,NA,0.593006362,0.26403173,0.062769114,0.177332147,1.018458889,2.211050265,3.604761508,0.010281598,0.054971501,0.239792266,0.138508302,0.163127655,0.048515656,0.102262013,0.034748158,0.180291188,0.126984326,0.930866109,0.315485454,1.451665127,0.431968601,0.195513983,3.274729302,0.405840791,1.271708551,0.021420788,0.018851918,0.005597469,0.040238958,0.059210529,0.265580703,0.042778947,0.078373024,1.235291923,0,0,0,0.714285714,0.714285714,0.714285714,0,1.428571429,46.42857143,1.88200121,0.403593624,4.480955442,1.200584832,0.557559331,1.169985107,1.580958799,2.033596308,1.089008562,0,0,0,-0.714285714,-0.714285714,5.119047619,0,1.071428571,3.571428571,1.281648921,2.756255279,4.241834004,1.033531003,0.851160395,1.613994523,1.755310462,1.321394558,1.092621556,0,0.636942675,0,-0.714285714,-0.077343039,3.744313012,1.27388535,-0.154686078,6.43767061,0.600445144,0.750654368,6.845762646,1.193835742,0.785189407,1.108523823,0.929034383,1.760986561,1.122855739,0,0,1.442307692,-0.233516484,-0.233516484,4.093406593,0.480769231,0.494505495,5.975274725,1.800919959,4.284005467,16.19676474,1.828349455,1.636159071,1.356939731,1.179490082,2.246616506,1.182538199,1.162790698,1.744186047,2.325581395,-0.714285714,0.448504983,3.936877076,0.581395349,1.478405316,10.54817276,0.003872359,0.273422448,0.042323666,0.144840589,0.253221982,2.891453502,2.886016467,0.016157363,2.615121933,0.276199681,0.133840213,0.054259388,0.060262584,0.179988308,0.014618019,0.149843497,0.10952178,0.65744333,0.009255034,1.872978004,0.256123142,0.049751997,3.525207316,0.186621008,0.577584566,0.000102797,0.000397951,0.000523124,0.004013258,0.001947988,0.292567068,0.001500642,0.037972251,1.418269526,0,0,0,0,0,0,0,0,50,15.6769642,1.849121419,2.028656401,1.48958748,1.831988006,1.484168029,81.68477674,5.16393268,1.091085464,0,0,0,0,0,0,0,0,16.66666667,137.9714145,66.82385094,256.4419817,14.20521403,0.049621113,1.475966124,0.074966626,3.803282331,1.084903584,0,0,0,0,0,14.28571429,0,0,7.142857143,5.747396078,3.572864023,1.441782685,20.3302667,30.26772508,0.002204071,0.162523085,1.68858308,1.254722141,0,0,0,0,0,0,0,0,16.66666667,NA,NA,NA,NA,NA,NA,NA,NA,NA,NA,NA,NA,NA,NA,NA,NA,NA,NA,0.379665277,0.435762425,0.235487062,0.441559115,0.245371687,1.858517976,3.161993225,0.02447213,0.091584246,0.37236685,0.214231798,2.013908952,0.092604188,0.130824079,0.060669991,0.408405594,0.201688714,1.674130611,0.56074941,1.288785604,0.968905587,0.780216269,2.23813941,0.416452719,1.914142856,0.05377014,0.031283511,0.011829335,0.073304525,0.074856407,0.48427262,0.058937037,0.173635145,1.479962222,0,0,0,1.470588235,1.470588235,10.29411765,0,2.941176471,58.82352941,0.435166351,0.544865352,1.259586564,1.051707432,0.327719689,0.864703764,2.245994468,0.787201994,0.771754985,0,0,0,0.31512605,-1.470588235,-1.365546218,1.785714286,0.630252101,-19.53781513,0.069069868,1.89965671,1.502071872,1.829147212,0.340734043,0.908114039,1.667427013,0.86521777,0.996092065,0,0,0,-0.171886937,-1.470588235,1.394194041,0,-1.642475172,0.916730328,0.259333054,2.101462284,9.319896359,1.29470466,1.230557972,1.219096387,1.853343495,1.29450877,0.954054637,0,2.02020202,3.03030303,0.549613785,-0.460487225,3.847296494,1.01010101,2.10932858,0.772430184,0.306089652,3.486183933,24.24560143,1.759260751,2.804489775,1.086553544,1.61303218,1.085537747,1.019870852,0,2.564102564,7.692307692,1.948215184,2.802916038,0.816993464,0.854700855,-1.231774761,2.714932127,0.018227139,0.560592281,0.327543068,0.491094549,0.194813152,2.659281255,3.055709317,1.350949527,1.644171754,1.540367627,0.296599591,2.568832999,0.078540736,0.128913456,0.055207261,1.691997422,0.177607554,0.961835325,0.2392385,1.463986807,0.606773045,1.478257896,2.312720962,0.595190162,1.680617396,0.001556941,1.126378323,0.002027309,0.000338483,0.001203582,2.118023461,0.101544826,1.015585553,0.896148075,0,66.66666667,0,0,0,100,0,33.33333333,33.33333333,0.232939456,1.022751931,3.558339871,211.0805266,8.077065181,0.869425435,2.862700679,0.939792378,1.492748263,0,-16.66666667,0,0,0,-50,0,0,16.66666667,136.3623044,0.591615357,3.117820881,36.4403297,91.70705008,0.781231446,0.234060286,0.698231701,1.187490922,0,-46.66666667,0,0,0,-40,0,6.666666667,6.666666667,0.97679558,1.433902203,80.71887564,2.380728861,1.045234095,1.076343172,0.670406861,0.957041003,0.036244326,0,0,0,0,0,0,0,0,-33.33333333,0.557967723,0.332341612,118.0336214,9.293605862,16.0064884,0.430353128,0.022555372,0.986864864,1.882503115,0,-66.66666667,0,0,0,-80,0,6.666666667,26.66666667,0.018212395,1.231133182,0.368595682,3.168007004,0.464467367,3.008007893,2.608726166,0.660879394,0.761014874,0.112816237,0.151378292,1.987733925,0.131096433,0.185568499,0.092723264,1.77392315,0.16886985,0.679011221,0.839317751,0.261306241,2.428707501,1.765339011,1.169045818,0.517575244,3.51045905,NA,NA,NA,NA,NA,NA,NA,NA,NA,NA,NA,NA,NA,NA,NA,NA,NA,NA,NA,NA,NA,NA,NA,NA,NA,NA,NA,NA,NA,NA,NA,NA,NA,NA,NA,NA,NA,NA,NA,NA,NA,NA,NA,NA,NA,NA,NA,NA,NA,NA,NA,NA,NA,NA,NA,NA,NA,NA,NA,NA,NA,NA,NA,NA,NA,NA,NA,NA,NA,NA,NA,NA,NA,NA,NA,NA,NA,NA,NA,NA,NA,NA,NA,NA,NA,NA,NA,NA,NA,NA,0.007831958,1.390827879,0.872445113,2.715780298,0.440026135,2.560664857,3.385140134,1.054174932,1.501150022,1.781596223,0.350208483,2.854549024,0.228117415,0.02628078,0.4420524,1.612779866,0.210620529,1.455700444,0.983011345,0.796353333,1.361534706,2.143220358,0.933639465,0.301357957,3.974681457,NA,NA,NA,NA,NA,NA,NA,NA,NA,NA,NA,NA,NA,NA,NA,NA,NA,NA,NA,NA,NA,NA,NA,NA,NA,NA,NA,NA,NA,NA,NA,NA,NA,NA,NA,NA,NA,NA,NA,NA,NA,NA,NA,NA,NA,NA,NA,NA,NA,NA,NA,NA,NA,NA,NA,NA,NA,NA,NA,NA,NA,NA,NA,NA,NA,NA,NA,NA,NA,NA,NA,NA,NA,NA,NA,NA,NA,NA,NA,NA,NA,NA,NA,NA,NA,NA,NA,NA,NA,NA,0.070260413,2.131179254,0.60394851,3.443345492,0.034900971,3.687298191,3.036826267,0.039961826,0.283769763,1.196848337,0.505374696,0.174500629,0.293925496,0.320382009,0.204484194,0.199058771,0.140213536,0.908251355,1.440759481,0.576994628,1.631492427,1.859805972,1.267950003,0.317582586,4.297478324,0.003563077,0.107445548,0.326556116,0.173421104,0.000384998,0.943118363,0.139952748,0.288787202,2.46933472,0,0,0,0,0,0,0,0,100,29.38617303,0.237483164,0.084842181,0.131271964,139.4405313,0.313914436,0.043414285,1.012588739,0.585685557,0,0,0,0,0,4,0,8,-40,3.937668194,0.229232663,0.143841471,0.126240831,278.5180281,0.601716803,0.433222547,0.573648174,0.76378059,0,0,0,0,0,6.25,0,0,-25,0.112395798,0.004915881,1.485249676,0.011163109,1826.004309,0.553540379,1.047706253,0.000827124,0.595005279,0,0,25,0,25,0,0,0,-50,0.026994753,1.673226852,1.619594279,0.379827874,672.2726331,0.693780292,0.629716584,1.043722564,0.758619783,0,5.555555556,16.66666667,0,11.11111111,11.11111111,0,5.555555556,-27.77777778,0.022653184,1.195740953,2.834610545,3.33123079,0.772375251,3.929289923,2.697112882,0.231791603,0.291783994,2.700114067,1.782647677,0.072539346,1.249300631,0.118954949,0.130724236,0.134399593,0.127185705,0.563315152,0.331469702,1.534518198,1.353406087,1.619034939,2.726347193,0.270515738,4.659102778,0.000170351,0.001282011,0.001214079,0.253492828,0.000127033,0.471726739,0.040833321,0.03475291,1.153522063,0,0,0,0,0,0,0,0,40,8.442244945,0.367829241,0.517803992,0.100134819,510.8395055,1.774629561,0.020016797,8.921879353,1.769800667,0,0,0,0,0,28.57142857,0,0,45.71428571,6.557441435,0.625040838,1.021955973,0.01958421,1350.808733,1.422787738,2.111000531,0.029763296,1.488984211,0,0,0,0,0,33.33333333,0,0,26.66666667,367.0237298,1.281009973,53.40725122,0.151116521,2711.000837,1.314292659,2.581144401,0.001298777,1.05703275,0,0,0,0,11.11111111,11.11111111,0,0,4.444444444,329.4776356,0.214019865,132.4648491,1.942079384,1069.135576,1.087310123,6.029977697,14.62650975,1.87216055,0,0,0,25,0,0,0,0,60,0.029615862,1.374470247,2.915696563,2.653519724,0.666722837,4.090955295,3.000037042,0.030139887,0.066009222,5.011159991,4.179913056,0.062384953,0.949683855,0.159824277,0.57978668,0.086279128,0.059334071,0.425083321,0.106054453,2.174559151,0.713551135,1.60590209,1.824286413,0.243594351,4.455131264,0.001069786,0.000219593,0.00040554,0.013280053,0.005744787,0.262299227,8.49E-05,0.131496089,1.104699643,0,0,0,0,0,0,0,0,50,75.33651472,195.8246896,5.523825695,3.064479908,8.415736643,3.889124564,4.297390614,3.404432657,0.918538939,0,0,0,0,0,33.33333333,0,16.66666667,-33.33333333,0.917317086,3.173219726,44.26530019,0.028045443,0.204321586,1.574000393,844.9015916,1.152731972,0.627758022,0,0,0,0,0,12.5,0,0,-37.5,0.412002195,787.0506322,85.48132514,0.112815422,0.06995992,1.345180085,50.93137328,1.284835254,1.016923727,0,0,0,0,0,0,0,0,0,16.05396102,4.171017485,656.4319675,10.46274065,55.74656401,3.212060571,1108.514828,2.23028927,1.342175397,0,0,0,0,20,20,0,0,10,11.2001306,1.110106795,1.516542849,0.40410612,0.052832243,0.663937854,2.655104388,0.008399645,0.045820541,4.105839428,2.439302131,0.05934741,0.480861234,0.080665608,0.170673423,0.034944577,0.062924331,0.818711433,0.104301074,1.453298752,0.096455894,1.629262277,0.197462127,0.111831681,4.01046487,0.012223878,0.021662264,0.025455707,0.066154113,0.02607425,0.642880495,0.084831737,0.122426662,0.806309997,0.042122999,0.379106992,0.336983993,0.968828981,0.084245998,16.51221567,0.758213985,0.758213985,27.33782645,1.471399805,1.03331664,1.063580427,1.036357638,1.104544844,1.042721416,1.335181143,1.127060547,1.062888184,-0.003512961,-0.147446761,-0.1439338,0.189472178,-0.084245998,0.476201319,0.515917289,0.168426942,2.893833778,1.322892477,0.983053501,1.14549878,0.865936891,1.224248264,1.071756487,1.31870906,1.063780675,1.116837505,-0.012650556,-0.113855003,-0.071732004,-0.173073012,0.063116218,1.642809382,0.538573519,0.067014427,3.077734997,1.411209461,1.442319539,8.15675105,1.020341491,10.96734452,1.239284989,1.278878042,1.028852098,1.341042823,-0.042122999,0.130836914,5.348890561,-0.229410317,7.309940641,6.843215233,0.134187851,0.134187851,12.25931786,1.705271118,1.697386617,12.81341507,1.044439684,14.14822293,1.082872317,1.350985496,1.044113374,1.21610451,0.070331316,0.239391742,9.418427871,0.183827753,10.40211892,2.661245112,0.563124222,-0.055374513,6.82017186,33.18476784,0.39835448,0.06988828,0.11513446,0.024720716,3.239795548,3.510106402,0.00427183,0.029709871,0.207980656,0.124047016,0.048142327,0.026162673,0.091478281,0.028505141,0.068510946,0.107538149,0.630893254,0.063885454,2.067004671,0.151190642,0.067481277,3.78777176,0.332691091,0.281245233,0.00541682,0.012072799,0.012274095,0.026276553,0.044245379,0.207497918,0.02923963,0.043189656,1.29489486,0.020772746,0.083090985,0.062318238,0.2700457,0.166181969,1.994183631,0.186954715,0.2700457,49.14831741,1.34218165,1.296666333,0.962304783,1.151899945,1.307407412,1.059307591,1.011518094,1.092512947,1.136513317,0.034659626,0.10168359,0.030069049,0.081025992,0.147934808,0.260066184,0.034774775,-0.011361295,8.131800848,1.131467779,1.073952921,1.2430445,1.367905871,1.24754074,1.00358593,1.119364316,1.024726662,1.104442219,-0.007253752,0.011541975,0.032314721,0.216638091,0.023083949,-0.006891486,0.096944163,-0.067260787,5.184520229,1.368174698,1.223445805,1.806829444,1.466687199,1.189061518,1.080127158,1.085589336,1.194449253,1.143760811,0.03080688,0.020068267,0.208474798,0.142591308,0.233560133,0.417163887,0.070943415,0.000747337,8.466124888,1.271866477,1.641894784,2.796223176,1.508991232,1.432021306,1.056314256,0.969166614,1.129252384,1.196165009,0.004521297,0.157202426,0.633267951,0.109364949,0.263816766,0.484632608,-0.009896413,-0.029752289,10.21680211,1.997323341,0.573957493,0.344621487,2.584156961,0.155689903,2.895619461,2.860950964,0.024803983,0.083688959,0.416493384,0.354960117,0.124300051,0.14369322,0.083870194,0.079448763,0.255970703,0.128020568,0.726340398,0.90178196,0.883597448,1.267232603,1.113541728,1.762736218,0.357554304,3.063695169,0.017982383,0.00831244,0.015028057,0.062538741,0.01936118,0.364084061,0.037285138,0.105427322,1.251290371,0,0,0,0.854700855,0,6.837606838,0.854700855,1.709401709,48.71794872,0.79189019,3.974156547,2.354667984,1.126691993,1.767188974,0.958884261,1.579811103,1.078200658,1.157829665,0,0.606060606,0,-0.248640249,0,-2.595182595,-0.248640249,-0.497280497,5.221445221,1.25759016,1.995772942,1.210948175,1.059710358,2.89577087,1.002975362,1.777429717,0.974400078,1.220267859,0.512820513,0,0,0.170940171,0.512820513,-2.222222222,-0.854700855,-1.709401709,7.179487179,1.310117578,2.238341402,7.574319642,0.785415154,4.855225493,1.027217377,2.066550365,1.801767561,1.279086885,0,0,2.941176471,-0.01436472,1.260504202,-2.635926165,-0.01436472,0.391438627,12.6265891,1.185893908,4.993916793,21.29212208,1.083731326,8.70844485,0.991304128,2.540715483,1.55193886,1.251083712,0.423728814,0,10.16949153,-0.007243228,3.389830508,-0.905403448,-0.430972041,0.409242358,9.33289874,51.81945306,0.109719487,0.088573673,0.205012913,0.031435634,0.489858555,1.807114148,0.003032619,0.012316397,0.275068862,0.075040755,0.036592325,0.024896452,0.02397365,0.014311891,0.057691017,0.024079289,0.287430938,0.270118005,0.739962947,0.261003269,0.236239942,1.217746432,0.098315009,1.50348394,0.002928995,0.005282038,0.005761769,0.014484778,0.009339803,0.101052376,0.018143546,0.03996027,0.409477025,0.022333892,0.089335567,0.022333892,0.256839754,0.067001675,1.150195422,0.167504188,0.5360134,12.60748185,1.163422135,1.784347182,1.606747248,1.121481644,1.300180216,1.197094333,1.179706896,1.058437502,1.222236177,-0.009255158,0.028373039,0.043059778,0.004734925,0.024549463,0.340780252,0.015598088,-0.156730115,3.688620684,1.393433719,1.546609009,1.26101577,1.200157046,1.459435296,1.20494594,1.471095173,1.0768936,1.281275469,0.016770615,0.0084257,0.016770615,-0.022212714,0.040535719,0.306447457,0.155107993,-0.027654812,4.187903814,1.835554736,2.780489853,17.68611083,1.231215988,8.244517598,1.336389516,1.498060844,1.514711535,1.432105403,0.015207169,0.079599206,2.652466671,-0.022208126,1.781895556,0.38898806,0.170365357,0.149110954,6.688623261,1.7877257,6.065102442,40.41889152,1.336534923,13.61292006,1.424650213,1.473027044,1.639850296,1.491378091,-0.001759877,0.394153786,6.767091065,0.072344486,2.96766554,0.53687381,0.182254068,0.317808223,7.791654038,100,0.37722542,0.319448388,0.236035585,0.057079828,1.473617311,2.537996208,0.005503833,0.026377757,0.877959888,0.479985787,0.056070826,0.101822129,0.057416746,0.045942814,0.062918669,0.060960519,0.502918709,0.181233101,1.300630292,0.21212532,0.418405352,1.934383818,0.184894138,1.524690285,0.005618869,0.010034032,0.010561411,0.02626584,0.02283359,0.216560524,0.031714622,0.055263631,0.741323203,0.024167724,0.138964413,0.078545103,0.374599722,0.114796689,3.752039152,0.259803033,0.555857652,26.08905806,1.375888289,1.449960111,1.268481539,1.161127642,1.350279806,1.154765812,1.265966413,1.165785796,1.218657872,0.006788195,0.0467711,0.014322653,0.071165508,0.033791721,0.656083681,0.117859176,-0.011033482,6.971863185,1.27267728,1.285242451,1.301056766,1.181804534,1.386773621,1.14744911,1.361157835,1.096651633,1.229354964,0.00814842,-0.005083244,0.013786738,0.045510153,0.032934256,0.679889199,0.20185617,-0.061882305,6.420983025,1.521926888,1.803278803,8.785690279,1.30856871,4.583192652,1.321356712,1.383189362,1.355708483,1.338272141,0.010527393,0.082216956,2.306744168,0.02439412,2.170744121,1.985665766,0.160875256,0.168402908,10.41887844,1.589855609,3.042119691,16.90474607,1.400502252,6.378040207,1.253285337,1.3634687,1.3742798,1.391284421,0.026072057,0.336029878,5.064181547,0.127798086,3.232999612,1.331313212,0.187787741,0.193171807,11.52683598UPN4,0.044263038,0.128811663,0.044662507,0.231794078,2.467257699,0.335760628,0.490731922,0.013147296,0.007100104,0.261567466,0.053778752,0.114895321,0.003796132,0.034067784,0.027954538,0.070390065,0.010434505,0.197286889,0.060423518,0.113369441,0.280830625,0.204941279,2.868386776,0.139566091,2.583998149,0.031814277,0.000292083,0.000964502,0.010991229,3.44E-05,0.968642053,0.007775607,0.472047036,0.217837447,0,0,0,0,0,21.42857143,0,7.142857143,0,2.97970222,313.3569529,40.65870305,0.037062708,1457.724168,1.324376302,12.5464023,1.231600888,1.999030256,0,2.702702703,0,0,0,11.003861,0,3.667953668,5.405405405,1.661360126,37.72653864,33.20739786,0.00782655,1080.476421,1.26606292,7.49052281,0.90235025,1.216091548,0,0,0,0,0,7.839721254,0,7.491289199,4.87804878,8.501256998,436.3139662,239.6127515,6.832123991,3543.734268,3.577111437,42.69657484,2.602035775,3.492025542,6.451612903,6.451612903,6.451612903,0,3.225806452,46.31336406,6.451612903,41.24423963,22.58064516,4.241910556,1063.477542,522.5176597,2.772373705,6648.896103,3.375237075,36.56262142,1.637857126,1.523036245,2.857142857,8.571428571,17.14285714,0,8.571428571,52.85714286,2.857142857,18.57142857,2.857142857,0.021166274,0.306789664,0.029808992,0.390018236,1.390056287,3.21113229,0.130101804,0.028235741,0.008201805,0.426575152,0.074457895,0.080912265,0.014810284,0.036748633,0.015572701,0.070941975,0.002821428,0.115930134,0.035889435,0.138208094,0.822303118,0.576905865,2.142555938,0.131579688,3.352285756,0.00076611,0.002299399,0.000351327,0.000640247,0.000162657,0.982941499,0.000831979,0.321154517,0.121285496,0,0,0,0,0,25,0,0,0,95.59382653,0.049535988,1.034787706,2.320496572,463.9527767,1.704636004,87.15410091,1.112793751,4.563691219,3.703703704,0,0,0,0,23.14814815,0,11.11111111,14.81481481,9.437900155,33.50971913,2.177171119,5.193905839,272.2537557,1.633810323,110.9315524,0.897728837,4.606708626,0,3.333333333,0,0,0,8.333333333,0,10,16.66666667,17.52868042,84.37200565,2918.083664,0.541209657,1526.718871,2.365507257,255.4203504,2.418475046,5.381062146,0,0,30.76923077,0,7.692307692,28.84615385,0,30.76923077,23.07692308,22.98153241,439.7134896,4714.017995,8.285825244,6284.972172,3.353747165,117.508267,1.113147858,2.177402627,0,37.5,50,0,25,41.66666667,4.166666667,8.333333333,4.166666667,0.0228151,0.534345299,0.031873818,0.534790525,1.397469505,3.323562673,1.990767684,0.048466322,0.084470949,1.189394923,0.177517461,0.22848101,0.030198605,0.103734168,0.094766309,0.651125881,0.070651642,0.594845857,0.196198169,0.382190116,1.040341545,0.793946209,2.361471644,0.335571852,3.498757995,0.001182813,0.000134124,0.000888388,0.027185048,0.01241193,0.612029552,0.03552549,0.316548922,0.975089451,0,0,0,0,0,14.28571429,0,0,35.71428571,39.70471908,92.11193882,15.40965297,0.987154946,9.431211725,1.40167264,5.276003254,0.739624125,0.982338456,0,0,0,0,0,-0.649350649,4.545454545,4.545454545,-3.896103896,96.01226785,467.7180839,2.555120688,1.952757736,10.82280913,2.090919735,4.864766149,1.156214335,0.905182462,0,0,0,0,0,20.71428571,0,15,-5.714285714,123.3723764,5978.753552,1251.605912,2.934286314,24.52976391,2.819754152,5.76691189,2.846813818,0.737111264,5,27.5,30,2.5,10,28.21428571,5,32.5,-13.21428571,113.9286082,9282.198254,2250.647368,4.056587333,61.73834602,4.819578654,9.209528954,2.68330773,1.256546738,0,42.30769231,57.69230769,0,23.07692308,58.79120879,0,34.61538462,6.593406593,0.000899539,0.329810864,0.060488971,0.732500978,0.236162413,2.99834538,0.794956802,0.062448705,2.669350665,1.251588969,0.205038031,0.120853596,0.037122649,0.010745834,0.024675929,0.345855958,0.008938098,0.458038092,0.077043579,0.139526617,1.396594944,0.870603594,1.338488526,0.185137061,4.469566965,0.001143719,0.000335936,7.00E-05,0.265775068,0.000546132,1.49814827,0.001611652,0.001594118,0.951657718,0,0,0,0,0,33.33333333,0,0,33.33333333,84.1803283,357.7266508,15.41196384,0.002143324,120.3781922,0.131976659,14.81353399,169.3367658,0.874549841,0,0,0,0,0,-33.33333333,0,0,-8.333333333,0.567574789,496.7904316,21.0951886,0.00266304,0.401584171,0.502576537,0.938060376,694.6831781,0.969304738,0,0,0,0,0,-33.33333333,0,50,16.66666667,21.26189754,4612.454437,43280.72261,0.195235376,2643.891158,2.049494534,354.8950594,1006.897627,2.072080292,0,50,83.33333333,0,50,50,16.66666667,50,33.33333333,43.6556812,4193.780898,37049.87776,0.280380593,2167.983533,1.330163506,72.0181956,223.0428568,1.09770464,0,28.57142857,85.71428571,0,57.14285714,23.80952381,0,0,9.523809524,0.337031199,0.508337375,0.072096055,0.977976389,0.077489442,2.406759401,0.949248989,0.143401297,0.102172823,1.826822881,0.252450754,1.921726838,0.02351301,0.096156596,0.123981186,0.317999474,0.059404121,0.754214581,0.133300096,0.184207387,1.976903812,1.805369883,1.11702628,0.192476791,4.549075237,0.027675415,0.013194516,0.017099456,0.010149908,0.064672667,1.013954992,0.070414724,0.365040212,1.079014524,0,0,0,0,1.342281879,29.53020134,0.67114094,7.382550336,38.9261745,2.03508527,3.985509157,1.596016362,3.83299609,1.006750508,0.945165907,1.852929217,1.42072314,1.417395843,0.364963504,0.729927007,0,0,-0.612354872,-3.25282908,0.423749571,4.661245285,21.65776711,1.473751327,2.988785374,1.543935993,3.776517975,0.740487079,0.839493328,1.418932698,1.109250054,1.374505557,0.460829493,0.460829493,0,0.921658986,-0.881452386,-6.949556181,0.250518047,0.451551047,20.52083011,8.030832097,100.1585589,156.9616316,6.795481702,9.319675687,1.856220673,3.56192176,3.377115753,1.760577177,1.265822785,46.11211573,77.93851718,0.904159132,16.74090076,27.25099215,2.945495588,40.71871549,35.39570615,3.651779877,124.765658,173.8266739,8.824130564,14.76461951,2.400658967,4.281705777,2.901262179,1.492864091,0.869565217,54.49275362,77.39130435,1.15942029,31.41134131,37.4263204,1.937554713,32.03773952,23.39266608,0.044708604,1.126326387,0.12659229,0.996342168,0.165960739,2.732746547,1.306472861,1.28851672,0.924843731,2.315137017,0.375412928,1.793284003,0.079296687,0.188585532,0.267391139,0.796641587,0.107782466,0.842690938,0.274668473,0.294050821,2.441213779,2.28342604,1.46250092,0.354370803,4.735795529,0.006338428,0.771934208,0.131134013,0.237480602,0.081672846,1.801414997,0.238691503,1.117211814,1.119924544,0,25,0,8.333333333,0,50,8.333333333,41.66666667,41.66666667,23.24182935,0.333633512,0.376540074,0.452954452,2.210001399,0.852811227,1.337290325,0.769428783,1.805748908,0,-20.34883721,0,-8.333333333,0,-10.46511628,-3.682170543,-23.0620155,37.40310078,26.05369145,0.260807897,0.080747361,0.280703813,2.841475158,0.693995613,0.657060774,0.668175438,1.879147848,2.222222222,-20.55555556,0,-6.111111111,4.444444444,-10,-8.333333333,-21.66666667,42.77777778,51.59838558,2.021837525,21.73618838,0.443198498,9.463255679,1.088289143,1.515093393,1.352367762,2.189377178,2.631578947,31.57894737,78.94736842,-7.01754386,21.05263158,10.52631579,-1.754385965,16.22807018,47.80701754,23.06190126,1.915779186,16.93888761,1.068304758,10.45877919,1.333505016,2.216627079,0.859247545,1.642443796,2.380952381,25,64.28571429,-5.952380952,28.57142857,14.28571429,-3.571428571,-3.571428571,17.85714286,0.216643823,1.478416066,0.067481464,3.043987491,0.108193728,3.22009641,1.085864878,0.400661258,0.324484764,0.419815603,0.235033731,1.601263933,0.051997029,0.136052432,0.139729323,0.242068627,0.088478328,0.613894913,0.254002669,0.142937958,3.032661376,2.430754504,1.747509724,0.393752034,5.079242965,0.071794988,0.039505792,0.022837383,0.027870894,0.087278273,1.586898118,0.279676569,0.935149581,1.893763145,0,0,0,0,0,49.05660377,5.660377358,30.18867925,84.90566038,1.853931802,2.589363413,0.866236931,1.616388267,1.61691092,1.079771601,0.854885973,0.920216761,1.157316925,0.602409639,2.409638554,0,0,1.204819277,-0.261423051,-3.853148443,-5.489884065,1.841327574,2.267738248,0.983528525,0.978595269,0.554028495,1.558131189,0.867896414,0.608976059,0.806074287,1.101648916,1.734104046,0,0.578034682,0,0.578034682,-7.438106664,-4.504307994,-11.69156942,-0.512596794,5.167963934,42.81246648,137.1188757,3.84175939,8.032911385,1.438150863,1.258819018,1.728441914,1.242197247,6.371191136,57.61772853,87.81163435,0.831024931,17.72853186,22.13453196,-1.228244395,36.0163069,3.736998902,1.637416678,54.48854338,157.482443,4.299255569,12.9659343,1.798442154,1.822383924,1.612442469,1.147203776,0.930232558,72.09302326,90.69767442,0,42.79069767,33.7340939,1.781483107,26.5555068,1.140851251,3.252226681,1.708078585,0.167645932,3.094781612,0.137380972,3.188591529,1.496763203,0.648709537,0.473357716,2.791215878,0.5559433,1.731455124,0.090403371,0.293911255,0.433817456,0.507661858,0.137009399,0.856994933,0.401595434,0.249274918,2.987947187,2.627872246,1.885567871,0.503220538,5.144933116,0.18420267,0.078770605,0.034236981,0.053126436,0.157303737,1.887070756,0.278001901,1.046049003,2.172228502,1.647446458,1.317957166,0.164744646,0.329489292,0.494233937,54.36573311,2.965403624,35.74958814,85.99670511,0.969559556,1.866909801,1.509536584,1.100832201,1.233664716,0.868143836,0.945889372,0.949424874,1.051332734,-0.459113725,0.374516726,0.123336017,-0.005398546,1.054199624,-6.61636329,-0.264647413,-2.116170782,4.424612862,1.010248127,1.173699989,1.538725845,1.212493905,1.300148779,0.805839001,0.913465012,0.923995813,1.086563217,-0.472895071,-0.306537917,0.194146056,0.420918539,0.54981174,-9.014999019,-0.453168714,-4.265085691,5.096280211,2.372362469,22.25120694,88.86697247,2.32110026,5.916817183,1.192066615,1.574813793,1.610714992,1.12757701,5.298319479,60.07119602,80.74867115,0.526838016,30.71413904,14.9016313,4.57027668,30.7394699,6.37246711,1.086074587,26.07496751,97.92955764,3.683249608,8.449795039,1.481047195,2.115427685,1.516639074,1.055635482,-0.092422535,64.03292003,83.44769555,1.424896673,50.98104517,22.18929081,8.757084414,25.77353786,3.596596328,9.347992658,1.97746196,0.090481902,3.332369068,0.056608693,3.490188199,1.123053065,0.380631577,0.271467199,2.874317561,0.609352105,0.558481232,0.06785884,0.174367206,0.421869711,0.297267201,0.091922257,0.569654552,0.308262896,0.190597877,3.009407406,2.20794136,1.761834164,0.398494087,5.244059334,0.121492736,0.036852706,0.026543555,0.046843605,0.136950533,1.530935409,0.21595437,0.827042801,1.821855389,0.71942446,0.119904077,0.119904077,0.479616307,0.659472422,45.98321343,1.918465228,26.25899281,73.26139089,0.944766183,2.262143248,1.454991712,0.968257704,1.051904956,0.928778871,0.897079712,0.882532178,1.077277467,-0.094613415,0.363820603,0.132035861,-0.046279614,0.126580183,-4.473589324,-0.023876898,-5.408443577,4.406653051,0.927095757,1.495727193,1.523695053,0.933502809,1.012660398,0.838246655,0.846854914,0.854566747,1.112172705,-0.067868986,0.192108404,0.118693702,-0.039128099,0.111381942,-8.514185256,-0.037213507,-6.822450638,6.439444205,2.31527402,41.12301248,104.2617046,1.795962797,6.066407556,1.302966576,1.570215429,1.570968852,1.153484839,3.163141224,52.12985659,75.79755151,0.094790671,27.32691201,13.76574945,2.900171087,22.31030833,7.772541673,0.987060623,54.77424954,123.4321899,2.985921272,9.116831894,1.645247486,2.016875954,1.472329567,1.066800284,0.250764285,63.7185154,83.29868827,0.861008142,46.26238328,25.33447929,5.807765148,18.68720582,3.54227819,0.48599695,1.761866404,1.875735009,3.340502666,0.328266612,3.607244173,1.298383092,0.631660764,0.408388875,3.409258384,0.97996983,0.673369831,0.394369597,0.262877579,0.549286005,0.608318339,0.117633269,0.677505193,0.376368665,0.389396468,2.852682477,2.219151693,2.284037923,0.501617802,5.508121508,0.098106259,0.060297188,0.026619927,0.05417383,0.101444364,1.232534617,0.224767551,0.759513187,1.746625782,0,0,0,0,0,39.56043956,3.296703297,26.37362637,68.13186813,1.919774708,2.474705618,1.906806427,1.224169472,1.737771983,1.287395129,1.139170717,1.005213156,1.270485515,1.238938053,1.946902655,0.530973451,0.707964602,1.061946903,8.75814451,-0.110862589,-2.656812214,15.93892833,1.863764878,1.399080482,2.551222049,1.290600255,1.67015374,1.243833447,1.136272417,1.000102728,1.325316982,0.9375,0.625,0.625,0.625,0.46875,9.50206044,-0.327953297,-4.029876374,17.64938187,3.480530705,21.07501465,93.67923385,1.859131872,7.890047613,1.582478218,1.590785903,1.547231155,1.270870576,4.789272031,43.48659004,69.73180077,0.766283525,26.62835249,21.93381331,0.726285209,18.26238895,14.43518168,1.268355499,25.07812631,99.60619941,3.029634994,10.1404403,1.724536548,1.817281805,1.386798972,1.137309673,1.111111111,47.03703704,68.14814815,1.851851852,38.51851852,20.06919007,4.481074481,9.181929182,8.534798535,0.023709109,1.881671896,2.60235759,3.093988928,0.413345485,3.421449754,1.216609992,0.11742299,0.149332757,5.422175064,4.299221017,0.230228237,0.71465817,0.127253509,0.505348999,0.27700109,0.091884435,0.411187454,0.233747777,1.608052028,1.149412722,2.296626063,1.858882932,0.32429286,4.911159992,0.208786259,0.000221583,0.001118356,6.52E-05,0.041139273,1.919045262,0.427790469,0.450435386,1.285109029,0,0,0,0,0,57.14285714,0,0,57.14285714,0.261399975,95.56725865,21.56418187,659.8451173,3.223535484,1.216083677,0.448508971,1.68554088,0.947983852,0,0,0,0,0,12.08791209,3.846153846,30.76923077,-14.83516484,0.110483347,600.2657223,4.553441533,163.3967896,1.465271656,0.982860379,0.737024975,1.232698069,1.120374881,0,3.703703704,0,0,0,2.116402116,3.703703704,18.51851852,-5.291005291,0.265060582,1845.969845,2390.897882,253.3689794,30.46813877,0.418447577,0.66608988,2.189606441,1.146464698,0,15,75,0,40,-32.14285714,10,30,-7.142857143,0.762999885,1342.8167,1101.403629,1242.162465,8.917526303,0.774701344,0.30582437,1.728957769,0.94540634,0,6.666666667,33.33333333,0,16.66666667,-17.14285714,0,23.33333333,-20.47619048,6.67117995,1.696189876,1.971529084,0.7845681,0.050868672,0.825486607,0.795731956,0.037968809,0.074334771,3.97365453,2.243369036,0.074595955,0.284532738,0.045697509,0.168012054,0.082443058,0.030523008,0.291916081,0.082542043,1.18424733,0.338254237,1.611837784,0.296066691,0.102905997,4.019586405,0.030617543,0.013809893,0.010652506,0.029266935,0.037630858,1.328901606,0.093236085,0.315368044,0.480708678,0.169082126,0.072463768,0.024154589,0.193236715,0.265700483,41.61835749,0.579710145,5.700483092,13.52657005,1.370849047,1.649563561,1.454636767,1.127244021,1.254838863,1.081285414,1.247362754,1.127496386,1.350438966,0.17439768,0.140730594,0.106130854,0.114710697,-0.099882646,4.692195633,0.344132091,1.074359973,5.945181699,1.279550125,1.516128491,1.48184015,1.321326572,1.37106905,1.088218428,1.292287674,1.126489101,1.390509309,-0.047026712,0.122824893,0.073489741,0.148518442,-0.058206281,4.945782632,0.506583032,1.232264376,7.283877895,2.550482128,41.71047886,265.7219747,3.755032318,34.99758266,1.214549485,2.730338059,2.205378921,2.467587566,0.461477496,17.57194565,77.28695902,0.842682663,45.87775183,15.19956842,2.809547822,15.63720411,29.98204385,1.27638886,18.15929839,101.1695633,2.021571808,12.08184199,1.052815477,1.45103735,1.194900185,1.617013762,0.037422779,6.884170202,31.08064665,0.348838659,13.78953958,4.587114892,0.775478291,2.585526201,11.67993486,7.668542084,0.532911507,0.066431225,0.617077689,0.012709493,3.066745285,0.558229662,0.072934838,0.051683284,1.455687828,0.179790131,0.144614513,0.015445968,0.031107014,0.073598716,0.154652974,0.016365261,0.225290095,0.090678752,0.188210241,1.637518415,1.069382457,1.170438468,0.123984425,4.596560533,0.017029369,0.007786162,0.010917512,0.014296839,0.027214571,0.827368799,0.045858328,0.2256351,0.713220115,0.149521531,0.119617225,0.149521531,0.149521531,0.179425837,22.6076555,0.388755981,3.767942584,22.1291866,1.412133884,2.264077332,1.069209898,1.306265152,1.278205406,0.961110176,1.14732776,1.086617033,1.219051781,-0.050132066,-0.04862475,-0.050132066,0.134448368,-0.037440888,-0.6425838,-0.062190597,0.363819449,7.190705489,1.316361308,1.624936149,1.141497368,1.188509725,1.332905933,0.854409027,1.223732959,1.042163669,1.238228227,-0.010654072,-0.057898354,-0.072372943,0.081924233,0.052019927,-3.36679761,-0.00301304,0.089486825,7.758176458,5.167242653,128.1610615,197.9019985,2.164988069,19.21561451,1.972576388,3.436932106,3.03237364,1.789503877,0.563914854,34.24423533,65.24881378,0.054317436,14.68383219,25.70217973,1.32688866,18.484478,24.75377586,1.60537761,161.442632,232.2578283,2.888074858,25.78360114,2.500071476,3.19869121,2.406091494,1.313308338,-0.066685216,41.61331849,72.06717827,0.098987415,22.55085912,35.85821594,1.151999486,12.10349545,9.961601999,33.68909774,0.575270083,0.042414025,2.795131391,0.035509626,2.96307578,0.789011977,0.134863015,0.096530285,2.153020538,0.323180808,0.327336014,0.024087325,0.074337565,0.160543001,0.190703947,0.039091368,0.363760741,0.139170366,0.126958658,2.385580543,1.713054123,1.260384798,0.191040208,4.981940615,0.042433723,0.015845325,0.013912807,0.024423148,0.050254259,1.11127213,0.097857316,0.474410842,1.248957634,0.189933523,0.077700078,0.112233446,0.259000259,0.233100233,31.40809807,0.828800829,11.27514461,46.87904688,1.14356095,2.233451888,1.189920339,1.034577312,1.046470191,0.936566346,0.968835089,0.966643892,1.105851113,0.027908436,0.126087562,-0.006826046,0.05370836,0.012850366,-2.287547145,-0.031218172,-0.40764171,5.157072723,0.90638321,1.311413299,1.287673485,1.006089569,1.022748846,0.785653891,0.903116324,0.882266264,1.09706446,0.015421198,0.050162296,0.019503545,0.039345279,-0.031620129,-7.521081918,-0.015131179,-1.852075137,4.490630365,4.041972536,78.89911343,183.7969601,2.250891143,12.46328996,1.681057566,2.43377022,2.308907698,1.399882141,1.683054478,43.74566675,71.92951858,0.176729588,19.26093287,23.61417617,2.406655875,28.89979767,20.19733591,1.297510337,96.59744663,211.6069111,3.131107675,17.87169027,2.106491458,2.587520492,2.009626277,1.176837742,0.101746482,51.2473097,78.80499346,0.28878902,31.24344087,33.77171198,2.493505577,22.64866288,9.440093732,38.16746962,0.209596388,0.030458178,1.225032274,0.010027612,0.98284879,0.276525317,0.037086519,0.025949095,1.375660872,0.080431732,0.087870876,0.007897465,0.019874177,0.03913441,0.098677473,0.010464732,0.169909128,0.041948646,0.118794458,1.153867198,0.698919001,0.538662399,0.052673654,4.146832918,0.011553776,0.005776887,0.005627154,0.009440734,0.011961215,0.608174423,0.027275038,0.15776976,0.413664647,0.042760931,0.053451163,0.060577985,0.131846203,0.064141396,17.2005844,0.203114421,2.280582974,11.17485657,1.127913981,1.861650332,1.277516835,1.08282273,1.036242516,0.964397058,1.097803594,1.046038843,1.31849197,0.019257967,0.012215905,0.008737253,0.035969637,-0.031307862,-1.21065335,0.037664828,0.119913177,5.238262248,1.008368291,1.409704893,1.102526199,1.311803559,1.043282506,0.804727356,1.078123177,0.97428293,1.28276305,0.014379415,0.012480004,-0.029810107,0.057156478,0.010580594,-3.790184857,0.113355185,-0.144413135,4.749718171,5.374563409,162.8509575,421.17933,2.459234222,26.53946227,2.56707883,3.861264733,3.922063435,2.221603164,0.353454805,31.85404459,69.66530541,0.098605806,8.034023074,28.82108618,0.83594113,16.94396623,20.40515475,1.557848637,197.2607557,455.7768067,2.818419412,34.24774191,3.136492775,3.437685005,3.027611587,1.51944824,0.026587197,37.67494539,73.16802962,0.103334403,11.83057006,36.90904594,0.559714982,11.47446738,8.339103507,100,0.726043744,0.247245779,1.912828033,0.035167521,2.104159511,0.639309247,0.128471034,0.09601057,2.078044132,0.446438251,0.280655482,0.051523618,0.065911269,0.146689768,0.167412666,0.034613968,0.314334433,0.121048461,0.24420488,1.757963779,1.367236788,0.971752728,0.15803852,4.583993734,0.026819227,0.011234085,0.009496885,0.016868359,0.03041715,0.850601358,0.060686081,0.285381573,0.708884729,0.136669681,0.090443172,0.078384082,0.182896191,0.156768164,24.44980404,0.498442368,6.069741734,23.69611094,1.774420346,3.118751279,1.793913016,1.449479903,1.777332657,1.155595695,1.502793632,1.36153247,1.554113678,0.121455392,0.160642127,0.042465384,0.09517491,0.11778305,3.783212504,0.305265247,3.139456904,16.2909828,1.754389272,2.208848059,1.9759286,1.570694491,1.914848849,1.055402806,1.536609629,1.349238198,1.624775184,0.122262193,0.090681588,0.044066459,0.124505689,0.128949766,1.378331523,0.396977217,2.907413586,18.2572303,5.79044578,101.1614172,269.3972636,3.43009311,21.16342803,2.090221754,3.640225063,3.335471502,2.127732378,1.6695359,39.02552147,72.39633713,0.289744937,20.15639992,29.22096501,2.47376541,27.67151903,32.6949447,1.729814246,114.6957232,276.5508579,3.618980038,22.62191715,2.458295764,3.2231693,2.529987777,1.546446839,0.136356517,42.37937556,72.08837557,0.314486318,23.05283286,34.92508467,2.073939252,17.89364901,16.0197044UPN5,0.064719263,0.057701271,0.016327684,0.162284357,2.886165667,0.405891143,0.019450702,0.081731899,0.022459674,0.355269111,0.063804815,0.163542967,0.01833155,0.064180711,0.023158558,0.197596415,0.014944657,0.108687196,0.093432694,0.303642936,0.507302156,0.090853869,3.3950817,0.156791507,2.148716065,0.247451147,0.017361626,0.002560415,0.008286895,0.094867987,0.510510352,0.026487485,0.473386938,0.702766049,0,0,0,0,1.694915254,13.55932203,0,13.55932203,20.33898305,1.24122685,3.50898165,0.868935541,6.348232425,1.424800057,0.684202762,0.38539152,1.448928208,1.23450629,7.142857143,0,0,0,0.686037127,-11.17836965,0,5.488297014,12.99435028,0.95900724,0.758414263,0.03602006,2.076566808,0.38193828,1.35152086,0.839155619,1.248503088,1.03403852,1.515151515,0,0,0,-1.694915254,3.107344633,0,1.592193118,-3.672316384,1.879174131,4.912411267,61.03295001,18.15478647,1.498462405,4.630703017,8.082611731,2.918187365,1.16028807,8.163265306,2.040816327,0,2.040816327,0.345901072,49.70598409,0,37.46108613,2.109996541,1.280672203,9.515134376,101.1545171,2.597439073,2.65965143,3.624993978,5.132062108,1.47332608,1.019583915,4.545454545,4.545454545,9.090909091,0,2.850539291,45.53158706,0,9.167950693,-2.157164869,0.268978477,0.216982605,0.012981969,0.440977475,1.596780444,2.969877135,0.020180067,0.317980111,0.070348733,1.199184154,0.165770564,0.330710312,0.025484778,0.064809621,0.07228491,0.2966447,0.015104361,0.081492229,0.4919442,0.135309222,2.967637486,0.859819311,3.686314962,0.410471845,1.61077052,0.092321675,0.055010012,0.011670334,0.021006347,0.096953529,0.259230618,0.026349993,0.294840923,1.00554611,0,0.495049505,0,0,1.485148515,6.435643564,0.495049505,7.920792079,34.15841584,1.605005427,0.630084153,1.620962703,0.866369235,1.266741633,1.384248479,1.70662555,1.15984495,1.209408576,1.123595506,-0.495049505,0.561797753,0,-1.485148515,-0.255868283,0.066748248,-0.05562354,9.661808878,2.06023213,0.399586335,0.933813226,1.10795996,1.364985979,1.603122245,1.546132883,1.157993062,1.138814884,3.977272727,-0.495049505,0,0.568181818,-0.348784878,2.655265527,-0.495049505,-1.102610261,9.591584158,1.854458021,2.621646212,28.0022474,3.121565797,1.406779446,2.247546263,1.480884159,1.873334968,1.209167725,1.401869159,1.374109374,6.542056075,2.336448598,-0.083279356,7.115758305,-0.027759785,8.434348108,10.70139724,1.592102943,8.244088799,72.46842572,3.111207735,2.745119598,3.622556435,3.578287012,1.838475846,1.262201497,1.219512195,14.13909684,24.3902439,1.829268293,4.002656363,17.95460034,0.72446269,7.932866457,12.18304757,0.01298315,0.387287315,0.02406509,0.470731186,1.689663234,2.64557661,0.400762922,0.669366926,0.100169328,2.837938156,0.481460449,0.53777256,0.052128815,0.072763995,0.206101081,0.649249038,0.016017101,0.144372623,0.741056548,0.186779384,3.614879708,1.238055267,3.456737223,0.523987225,1.617654733,0.138658909,0.051185591,0.057931763,0.000362941,0.099909776,0.23898779,0.018770571,0.420542908,1.077075719,2.857142857,0,2.857142857,0,0,5.714285714,0,14.28571429,40,1.367619848,0.984253562,0.40495071,58.02737759,0.13764783,0.392025955,0.635747111,1.008261382,1.311495964,0,0,-2.857142857,0,0,-5.714285714,0,-11.42857143,17.14285714,1.119373506,1.106794335,0.116869293,76.48940654,1.085976087,0.808036221,1.46763386,0.715236134,1.198995301,-2.857142857,0,-2.857142857,0,0,-3.011583012,0,-8.88030888,16.75675676,2.276532258,7.132141616,10.98647649,16.57607816,1.712155748,2.031014222,2.699439899,1.189995332,1.088839514,6.666666667,9.523809524,25.71428571,0,0,3.80952381,0,0,2.857142857,0.500405557,11.68828313,16.34536018,17.82691756,2.064684244,2.416850167,3.916460185,1.379725421,1.161612927,-2.857142857,26.08695652,31.92546584,0,0,11.67701863,0,3.105590062,3.47826087,0.003228305,0.23297115,0.013364306,0.594626957,0.516486135,3.210540717,0.044860923,0.583386265,1.881318641,1.756526237,0.352986944,0.399857732,0.022598267,0.072096341,0.13864488,0.472739147,0.023200421,0.103068385,0.185229958,0.115571951,3.785413,1.263726565,3.806957773,0.487372522,1.629180117,0.141039351,0.036560257,0.015887608,0.045392263,0.049696889,0.135943342,0.033077064,0.311530681,1.427588671,3.03030303,0,0,3.03030303,0,0,0,3.03030303,57.57575758,1.313567842,2.382869163,0.019091748,1.534276064,1.291348117,0.833810585,0.119963162,0.613594637,1.207152846,0.417972832,3.448275862,0,-3.03030303,0,3.448275862,0,0.417972832,18.28631139,1.72881883,1.871950762,9.352203034,0.640092481,1.728462161,1.073847308,0.51524509,0.786325814,1.086848536,-3.03030303,0,2.777777778,-3.03030303,0,0,0,-0.252525253,-7.575757576,1.405089294,3.984884995,23.59231556,1.393074679,4.47176592,3.120908544,4.068913693,1.431467734,0.954034715,1.96969697,5,5,-3.03030303,5,10,0,6.96969697,-7.575757576,0.746382237,12.50526722,62.67417956,0.481995149,2.696201063,4.342205438,1.051923112,2.45491063,1.314504955,-3.03030303,12.5,37.5,-3.03030303,3.125,12.5,0,21.96969697,14.29924242,6.661882446,0.247784874,0.015583462,0.903077508,0.235943502,2.920166562,0.059730765,0.576570849,0.130506696,2.101864752,0.466806334,1.925140736,0.02748609,0.089391644,0.137647379,0.519581374,0.022904952,0.146391096,0.271767189,0.059101497,4.086263662,1.786298787,3.922802998,0.524491531,1.572827383,0.158990789,0.045795139,0.01913123,0.016290486,0.090659764,0.181431638,0.020644044,0.409702181,1.651936919,1.132370168,0.351425225,0.156188989,0.156188989,0.429519719,2.479500195,0.136665365,8.336587271,65.93127684,1.195350845,1.258127021,1.215831766,1.264488132,1.073917617,1.118110135,1.016577655,1.092626588,1.085834886,0.429795464,0.097964889,0.036406774,0.122004891,0.191066628,0.730429186,-0.029667719,1.721191458,6.634526707,1.342788201,1.290058144,1.214831029,1.040026616,1.18063517,1.104461939,0.897203,1.110529693,1.106654909,1.107998341,0.004521174,-0.072436895,-0.009622825,0.366125172,0.807769487,-0.094789318,1.608973868,8.063698029,1.618440357,4.203747884,24.23548997,2.43790004,1.280664552,1.612661917,1.717026971,1.917580983,1.1359166,2.032673399,2.647037102,12.1708228,0.036020135,0.416200425,3.350843218,0.029915875,14.81820514,10.58076826,0.943824649,7.900815649,45.46280183,2.209934835,1.761961924,2.63183292,3.356501648,2.001292908,1.134742282,0.172514332,8.976735594,29.62691805,0.143581775,0.91063193,9.93453613,0.498143311,18.37827783,10.17522994,6.51317685,0.409740495,0.025029715,1.083032189,0.219495902,3.186300716,0.081593732,1.91512592,0.577820785,2.492819638,0.676749772,1.746705881,0.048655129,0.1353633,0.184409545,1.008206587,0.030454791,0.168934129,0.143040877,0.066451278,4.370062148,2.203020257,3.889958646,0.732179289,1.952354686,0.235655843,0.084094955,0.022558792,0.021270388,0.126608676,0.217682238,0.023116598,0.555161769,1.983258653,2.475815707,0.721429743,0.114772914,0.196753566,0.557468437,3.295622233,0.147565175,12.87096245,80.17707821,1.181934174,1.111644044,1.011486853,0.936725799,1.031480003,1.025357459,1.105819386,1.055883139,1.054520903,0.883469183,-0.02938822,0.072654999,-0.110248376,0.365253593,-0.340028231,-0.003389857,1.070790719,4.208734939,1.214503631,1.141251147,1.042267061,1.168254521,0.995204487,1.017745376,0.945330954,1.067108824,1.078430037,1.20098192,0.049511696,0.033485055,0.070110778,0.272776188,-0.019121121,-0.014133003,1.391454152,5.87184692,1.508786838,3.263288288,25.05673234,2.87672956,1.249986809,1.640963238,2.17403849,1.78761841,1.10312814,3.318505091,3.844955522,16.59666224,0.186976288,0.574534632,3.189412303,0.216978187,19.32397231,7.620312427,0.919835618,5.984313704,47.05496198,2.343887563,1.728509428,2.706653349,4.245412233,1.70718168,1.092734012,0.123779161,12.79983967,37.81567948,0.225258588,1.501950874,13.0109274,0.645817675,20.02910507,6.031564599,0.876501103,0.453744457,0.015304562,2.788980517,0.253911291,4.060138568,0.054383236,1.027106775,0.285953239,0.717511244,0.226509499,1.900324129,0.034805188,0.091933715,0.074339661,0.683725966,0.032984529,0.113905726,0.136924166,0.026336469,4.223165625,2.165893526,4.2062213,0.658051352,1.37660766,0.165777434,0.053690374,0.01530164,0.01682146,0.115739252,0.128168688,0.007669771,0.308718075,2.147877771,1.326699834,0.497512438,0,0.165837479,0.995024876,1.658374793,0,5.804311774,85.73797678,1.232724903,1.316523747,1.50793923,0.725435985,1.178877606,0.938520183,1.249304654,1.135513704,1.035607735,0.830162911,0.090722856,0.196078431,-0.165837479,0.377524144,-0.874061067,0,0.274119598,1.124768315,1.287061965,0.944821697,1.627282625,1.530817975,0.920495651,1.097541424,1.459814529,1.159027346,1.065605862,0.289099089,-0.497512438,0,0.013695734,-0.097358807,-0.222109084,0,0.83841713,4.02863004,1.855851785,5.339976957,39.32789163,3.880753712,1.302300472,2.366545483,5.699459334,2.735493115,1.048379594,2.506252111,4.822853695,17.44851259,0.234620187,-0.02248483,3.490366626,0.171624714,20.11102003,3.735707428,1.009025535,8.712108834,66.36837429,3.159126924,1.437393487,3.692337304,7.659769747,2.587149964,1.060055931,-0.315139141,12.36375924,35.98265896,0.267688532,0.739079171,11.6364229,0.433526012,20.06274025,3.279364258,26.64819238,0.733076545,0.043192533,2.627112651,0.37232732,3.531414239,0.118050443,1.732494397,0.582962566,2.71879434,0.874282712,1.978149562,0.076046357,0.207307294,0.297799436,1.028811631,0.05429182,0.206291296,0.228729014,0.081100683,4.430054779,2.405619211,3.989859204,1.00871056,1.998621138,0.298060414,0.112192561,0.040938382,0.032581174,0.181887642,0.270243198,0.030716602,0.646063092,2.124825918,3.597849375,0.764037676,0.287019445,0.26276428,1.107652504,3.549339047,0.18595626,15.60011319,87.32263411,1.193155219,1.149943572,1.130237171,0.988321093,1.040258233,1.00624571,1.093986825,1.062504663,1.047342958,1.351709263,0.136200519,0.098296515,-0.059597684,0.128861437,0.293311927,0.010204592,1.746110713,2.837797443,1.226579226,1.157772388,1.093929375,0.949004111,1.038918156,0.990367367,1.042097854,1.05721064,1.056745074,1.397457747,0.285776347,0.064077298,-0.057668163,0.300210672,0.27796307,-0.008669786,1.447197964,3.25337312,1.433213808,3.148730432,16.15273809,2.490472027,1.09452189,1.560012819,1.885461825,1.689482055,1.054499073,3.941518972,5.891192376,20.22410926,0.480615679,0.484676166,4.465088683,0.214325257,21.9647676,2.947445945,0.87813575,4.828523647,25.92541968,1.867682216,1.449950951,2.156541408,3.337306329,1.56858733,1.063488031,-0.432670277,13.68962489,36.90088603,0.157948966,1.778361729,11.8676389,0.694789228,20.12905757,3.37842357,2.521377889,1.246773871,0.040575624,2.903730075,0.19483099,3.978343239,0.096729317,1.583103926,0.401219162,2.751073405,1.109814635,0.681211066,0.087519874,0.135709477,0.335094322,0.780230884,0.047189329,0.142887362,0.271876705,0.119077471,4.505545893,2.049852127,3.796038858,0.944387555,2.063933465,0.183790252,0.090423349,0.038433011,0.027690688,0.137620565,0.251115717,0.032107251,0.470967216,1.862507609,1.906640368,0.624589086,0.230111769,0.295857988,0.690335306,3.484549638,0.230111769,9.204470743,75.90401052,1.240935282,1.169916746,1.388032639,1.106730625,1.070529836,0.98648513,1.036823584,1.076350343,1.05479563,0.583608657,0.185491922,0.459957238,0.094181016,0.389772705,0.025801397,-0.020090766,0.696519356,3.843964278,1.29927057,1.082918157,1.085338685,0.934239859,1.092801668,0.987610989,1.022664429,1.044428933,1.095468924,0.840944173,-0.050917589,0.192593545,-0.054312094,0.094688849,0.108445531,0.071820599,0.125239402,5.738501558,1.411506451,3.157529496,13.69747466,2.007010101,1.255325713,1.569579534,1.85294466,1.313409218,1.066478411,2.228697978,5.202478583,15.93530177,0.205395145,0.876080734,4.347530562,0.020514798,7.399539282,4.5471173,0.815206514,4.477103708,20.12768498,1.60732917,1.343548797,1.795422297,2.217864878,1.20125846,1.082159684,0.09692152,9.838456328,25.90523997,0.060330792,1.046084997,7.201113763,0.437742194,6.156170397,4.28298859,0.180210093,1.175478897,1.265718809,2.567051862,0.343399918,3.602479892,0.116874303,2.139167282,0.615045862,3.601871217,1.524726977,0.678253115,0.433822599,0.184163381,0.472624047,1.101165673,0.057172927,0.193808638,0.18883504,0.612403458,4.233510584,2.199489271,3.570719611,0.825586727,3.166836013,0.179892398,0.093139509,0.043760602,0.042571101,0.164345505,0.350049314,0.046353437,0.571793101,1.881176975,1.80878553,0.516795866,0.516795866,0.258397933,1.291989664,5.943152455,0.258397933,14.47028424,74.67700258,1.51131544,1.336278554,1.313894056,0.88956097,0.810033998,1.374288056,1.289430906,1.007958443,1.012701946,1.902554676,-0.104424732,-0.104424732,-0.052212366,-0.054876262,5.190868164,0.360158768,-1.274407949,0.580729375,1.285645602,1.70388957,0.834303291,0.751185175,0.93132142,1.31865795,1.320355183,0.915625808,1.031204973,1.258699133,0.914696977,-0.107797911,-0.053898955,-0.882991709,3.872798465,0.355099,-1.382349677,1.805615003,1.613737877,2.510445481,17.33573163,1.482989595,2.255959688,2.480872059,3.107257158,0.909564409,1.007617807,3.09918993,2.550688797,21.5690937,-0.258397933,9.137458189,16.14273712,0.968595932,-0.973351722,4.46410171,0.829882015,4.465914242,17.62048575,1.20150356,1.177119625,2.07704718,1.88504745,1.006454133,1.0351521,0.331887253,9.574947254,25.78289832,0.047412465,0.848683119,13.62871299,-0.258397933,2.349287628,2.081407202,0.043423472,1.985311511,2.58635352,2.544274001,0.25920532,3.841241433,0.13901766,0.377323095,0.12762691,5.51257918,4.638751217,0.380120146,0.581875855,0.145432939,0.782524012,0.337703223,0.051717015,0.177978882,0.25626175,2.358841565,1.756813058,2.017224444,2.184049164,0.456393109,4.460546378,0.061851824,0.498941072,0.008431482,0.007273373,0.040351039,1.096298043,0.166915049,0.39422501,0.946194553,0,13.04347826,0,0,0,36.95652174,4.347826087,4.347826087,32.60869565,2.93956731,0.571612652,2.161874136,10.89329516,2.42788758,1.390488351,0.824334425,1.512742743,1.153755482,3.076923077,-6.889632107,0,1.538461538,0,15.35117057,-4.347826087,7.959866221,1.237458194,2.429149973,0.637448102,2.366222145,1.269251805,3.377226195,1.346436633,0.722717467,1.628836365,1.21752232,0,-5.351170569,0,0,1.923076923,13.04347826,-4.347826087,14.88294314,9.698996656,4.040103144,1.941626541,156.0258896,4.66499215,16.50840636,0.868905542,0.386874164,2.148537576,1.633699809,3.333333333,20.28985507,40,0,20,-10.28985507,-4.347826087,15.65217391,40.72463768,2.338644832,1.119282354,69.29127854,4.668020276,6.465600289,1.185316708,0.893253434,1.818637898,1.108288633,2.083333333,3.623188406,20.83333333,0,6.25,10.96014493,-4.347826087,14.40217391,6.974637681,1.82890108,2.090283541,2.425505814,1.013522987,0.113845804,0.927253866,0.087274344,0.16219251,0.112905675,4.097496258,2.460775427,0.147462664,0.660713396,0.083418356,0.358959218,0.208522418,0.028152871,0.152413582,0.090611536,2.35139579,0.592588036,1.875927183,0.736922261,0.225319375,4.175786586,0.104086118,0.067664902,0.020744369,0.038846296,0.093406731,1.365721339,0.132756314,0.355040239,0.858119144,0.990990991,1.171171171,0.09009009,0.18018018,0.585585586,45.99099099,1.396396396,5.900900901,27.20720721,1.063226496,0.879806983,1.185427567,1.244370335,1.051279801,1.066395016,1.046013511,1.115836185,1.129050288,-0.32521203,-0.461006946,0.087450966,0.308057725,0.213349168,3.409807944,-0.641846907,0.268650808,6.836290352,1.110691221,0.849196468,0.951604022,1.087625962,1.102205371,1.023723572,1.029758509,1.101726418,1.142446893,-0.212444278,-0.392624458,-0.0035849,-0.050422395,0.149708532,2.408662988,-0.401586708,1.40878768,5.708017706,0.990665223,9.165869771,131.1710887,4.117116335,18.70615384,1.144466456,2.022709817,1.724917494,1.650944808,0.018573302,16.84158122,73.07675369,1.785813444,52.81505203,9.853854918,2.535590851,11.5273669,27.09672478,0.827320964,1.73567443,23.6013116,1.414770506,3.612841964,0.89537363,0.9756272,0.941142573,1.31602561,-0.387742731,1.149014444,14.61988671,0.144645806,7.859890052,-2.510712569,-0.375514726,0.224389122,12.97840764,11.86829835,0.277044534,0.022730919,0.501021938,0.078952386,3.3262982,0.056694339,0.574387076,0.099975773,1.718455794,0.383608684,0.395169639,0.022397903,0.046872475,0.087225389,0.361636435,0.013272735,0.076173901,0.173445674,0.255747294,3.755243666,1.226466254,3.718612653,0.377676799,1.421543772,0.080928312,0.033717263,0.011962707,0.012944862,0.067182661,0.135649109,0.014720986,0.252324502,1.294321617,0.497058227,0.314465409,0.071008318,0.1115845,0.557922499,2.089673362,0.121728545,3.966321769,48.29580037,1.385949926,1.329016081,1.65555477,1.128053961,1.331449702,1.268031714,1.115865774,1.143958873,1.129450404,0.441964714,0.054011948,0.166719009,-0.040266302,0.369214075,0.703622728,-0.026637615,0.657474736,7.867280581,1.4945796,1.436974651,1.269511561,1.105108424,1.345714913,1.205917401,0.893121538,1.205384644,1.158389966,0.631810368,0.154839513,0.017779099,-0.010113166,0.228480342,0.675420499,-0.032941128,1.043825364,8.477411203,1.516665419,4.217614341,27.93212808,2.309345977,1.466373267,1.722961213,1.842140314,1.690610731,1.1348814,0.880428903,2.273540713,8.513936722,0.124953694,0.471714345,2.655004529,0.086981626,6.163078537,7.638525501,0.90247316,9.079292533,60.535561,2.050541588,2.238426123,2.978514962,2.962532985,1.691897676,1.156176816,0.046132022,7.528671846,23.49814907,0.113640725,1.575092869,8.588652022,0.063751052,6.301298793,8.275476794,23.18590798,0.242056744,0.017426221,2.384381987,0.195967501,3.406928195,0.060919439,0.777369272,0.177467843,2.080785452,0.621112813,0.733862889,0.033950735,0.075242876,0.159210992,0.432064681,0.025896355,0.10032029,0.197301654,0.056385323,4.282932996,1.656629289,3.815238197,0.594272759,1.51107493,0.125573704,0.04155608,0.016582959,0.017084739,0.084764195,0.151043332,0.018308535,0.334237427,1.559301029,0.947564546,0.287463402,0.079850945,0.122438116,0.425871706,1.841895129,0.095821134,5.493745009,61.58104871,1.249009169,1.415669951,1.451428307,0.992133203,1.109097657,1.109688852,0.915671,1.097440239,1.077272676,0.407052957,0.083510686,0.178706753,0.023703192,0.113726967,0.37270776,0.010974437,0.885885141,6.014926784,1.344228587,1.41101158,1.333070055,0.971445273,1.088502541,1.144271186,1.021889594,1.113341613,1.118054531,0.492706564,0.119201382,0.038759617,0.00746869,0.009033688,0.468186769,0.005845062,0.702244824,8.721125818,1.387939112,4.109744229,25.16631043,2.199561148,1.229164056,1.805023832,1.83209121,1.768207621,1.091835025,0.986066596,2.131170931,11.14542027,0.196642931,0.218672008,3.205967028,0.089245873,9.873198194,6.185383965,0.818008778,8.274788562,47.6634299,2.02651249,1.727177729,2.790368547,3.250684623,1.695740574,1.11148656,-0.103059733,8.42924362,26.79666237,0.084258867,0.932422748,9.23115749,0.329384087,9.979000517,7.632912196,19.31719927,0.109300024,0.010219821,0.767930554,0.04864813,1.092845377,0.02352777,0.503936083,0.065166747,1.71145873,0.165915908,0.295160073,0.012245787,0.028460034,0.05768236,0.320693694,0.009829172,0.057590717,0.07417919,0.132880851,3.176899334,0.666458061,2.444713596,0.18340275,0.937458803,0.04446063,0.017006178,0.007657726,0.007089615,0.027197356,0.094584523,0.009428648,0.152730725,0.636260119,0.323647871,0.129459148,0.057537399,0.043153049,0.215765247,1.438434983,0.115074799,2.315880322,20.12370541,1.314173238,1.548248835,1.240543404,1.082268493,1.217560649,1.202339115,1.04062062,1.188134742,1.17409921,0.066778203,0.082728935,0.027337834,0.041722184,0.064323023,0.420332629,-0.030199565,0.493489904,4.031786019,1.418137752,1.601191917,1.180726938,1.023758426,1.277608077,1.156278175,1.17281247,1.236779635,1.228177396,0.056277911,0.100263417,-0.0045245,0.018695334,0.155325051,0.355168127,-0.053226416,0.414284018,4.942560716,1.735494344,5.211095725,38.75556082,2.174636336,1.947955269,1.80390676,2.04358415,2.137245489,1.261952361,0.362151607,1.085598623,7.202991859,0.076116425,0.43276252,1.40912372,0.01910336,4.594294855,6.659745952,0.960247358,11.64417927,79.49312266,2.208534307,2.173299464,2.943509482,2.742430401,1.953486371,1.249872306,-0.017429278,4.738631304,19.00653295,0.129585644,0.530151838,5.57318562,0.034108618,4.075451336,5.951985546,100,0.446050067,0.09269085,1.704056017,0.210129521,2.900075157,0.071037055,1.02755571,0.284571486,2.217471636,0.62621443,1.082528232,0.059897145,0.105693685,0.179476192,0.61408966,0.029635719,0.127313776,0.179603675,0.163109373,3.946760052,1.682640354,3.526004938,0.603796796,1.640048729,0.169221717,0.063487264,0.023245872,0.020788943,0.107597359,0.218308786,0.024172778,0.412453664,1.573805549,1.725474535,0.482757001,0.150347679,0.165617365,0.638977636,3.709359143,0.176188686,8.633245631,62.07009961,1.299287977,1.287208793,1.300998274,1.084176868,1.142695572,1.110153317,1.100069883,1.140995866,1.109981656,0.886277172,0.107296715,0.130574309,0.004816477,0.208489952,0.565591784,-0.016333496,1.758517126,7.243580943,1.367112666,1.306902041,1.223484663,1.055209125,1.152695591,1.104528536,1.078239399,1.153891557,1.138608815,1.02862694,0.17609055,0.049087255,-0.004170037,0.231175977,0.634286243,-0.021864035,1.763487435,8.735237653,1.481574269,3.665169183,23.12787052,2.488427223,1.585544295,1.561580988,1.89384457,1.769972388,1.107192412,2.040587178,3.712903282,15.09911532,0.27812966,1.708379819,3.370013695,0.169805371,13.52580874,6.677247559,0.913550143,6.150323113,37.0040183,1.996315487,1.705115989,2.250883404,2.993430363,1.68504785,1.122298155,-0.057599263,9.702034578,29.1900039,0.140701557,1.452743001,9.541122215,0.39143903,13.28543607,7.288005968UPN6,5.619055487,0.550207172,0.003739055,0.621877427,2.861431688,0.342324876,0.040814966,0.171313123,0.102906656,0.025067901,0.071001393,0.259745664,0.009016534,0.012266174,0.00699166,0.028608145,0.005380332,0.00612051,0.021504287,0.030918669,2.050194396,1.289236352,0.298049878,0.251335586,4.182412935,0.013422869,0.007745757,0.003438379,0.005274247,0.022082528,0.343496968,0.024777476,0.238377669,0.255501967,0,0.028835063,0.028835063,0.028835063,0.028835063,8.30449827,0.057670127,4.094579008,4.296424452,1.323796934,0.928756174,0.826047586,1.094291113,0.958064443,1.18990989,1.061776165,1.188380489,1.398019647,0.032451728,-0.012609199,-0.028835063,0.036068393,-0.028835063,2.047602979,-0.025218399,1.065245753,3.070117816,1.267394954,0.968783257,1.178750045,1.083316012,1.088294627,1.132979734,1.083937923,1.279074776,1.39890875,0.016278691,0.003722319,-0.028835063,-0.028835063,0.036279701,1.527831211,-0.041391436,1.733192439,2.898757055,2.636660761,18.79724322,71.76910557,1.975392954,2.854080434,2.604039065,2.662601571,2.193399464,1.536531407,0.085280573,3.348275631,6.145478428,0.005277166,0.312287229,20.81028938,0.129947134,10.31783784,4.589811263,1.716915945,16.94917513,74.20814734,1.661021727,4.190202258,2.451368331,1.862356106,1.674598073,1.528085135,0.016761649,3.541396247,7.547430441,0.021449885,1.027148845,18.27947759,-0.024146828,5.358991223,4.268778364,4.701936273,0.569851743,0.005573007,0.804802721,2.347601912,2.269813096,0.062611871,0.272002753,0.188226204,0.030964146,0.098911875,0.229094257,0.010260655,0.013462517,0.008659652,0.034359898,0.007904549,0.008203552,0.026952342,0.075601901,2.442635654,1.252866033,0.463068704,0.447921234,4.663619655,0.017730677,0.007913499,0.00397801,0.006712655,0.027734535,0.363825172,0.033461094,0.275478862,0.45149983,0,0,0,0,0.089405454,8.493518105,0.044702727,4.470272687,8.493518105,1.073417629,1.326717462,0.828486413,1.008802734,0.962086415,1.10168241,0.965865141,1.009567686,1.192494978,0.020267531,0.040535063,0,0.020267531,-0.069137922,1.397037226,-0.044702727,0.49527251,4.254759155,1.205332576,1.009701228,1.120325457,1.639666763,1.019685505,1.101151899,1.013605206,1.066914391,1.275233195,0.021626298,0,0,0.08650519,-0.024526561,0.892295044,-0.044702727,0.611907244,5.866343487,2.192046836,18.60491048,65.54411106,1.830758374,2.721794474,2.617328938,2.674012962,1.820545089,1.325115805,0.044622936,2.766622044,6.470325747,0,0.312200972,22.25168493,0.156100486,8.894296702,6.901394881,1.362661475,20.24389999,76.83327148,1.590804148,4.688512068,2.560212593,1.865535103,1.410736267,1.313078725,0,3.985906188,9.028848271,0.066064743,1.496148389,20.68507692,0.08742676,3.743777082,5.732423318,0.179315198,1.021074112,0.015513032,1.126209959,2.605418914,2.525750831,1.09298882,0.35100875,0.290124857,0.228235349,0.334166132,0.369183672,0.035548559,0.048169485,0.033269418,0.061616669,0.037183158,0.034998558,0.088475565,0.174310208,2.252134368,1.404057619,0.844282075,0.922029561,4.775794207,0.070978229,0.023502551,0.011963487,0.013729378,0.084733572,0.660770762,0.13704367,0.530188171,0.895889225,0,0,0,0,0,13.7254902,0,13.7254902,26.47058824,0.738100282,1.837630285,0.28580777,1.685722847,0.778947597,0.912575524,0.524675763,0.742065506,0.908831944,0,0.552486188,0,0,0,0.0866645,0,-6.543169754,-1.608709782,1.29379039,1.041309773,0.562365312,1.777785852,1.062645751,0.908035518,0.837724765,0.863894874,1.090177245,0,0,0,0,0.571428571,-2.296918768,0,-4.582633053,6.672268908,1.702896361,10.29074609,29.02705322,3.015506835,2.387581131,1.874872296,1.877584933,1.182022622,1.17958066,0.512820513,4.615384615,7.692307692,0,0,31.40271493,1.025641026,1.659125189,7.888386124,1.189777031,7.155701181,24.06332434,2.71807899,2.481711739,1.657118308,1.474965368,1.056846174,1.100461199,0,3.314917127,8.839779006,0,1.104972376,22.18611201,1.104972376,0.0866645,6.126096848,0.097792837,0.539811057,0.00773124,0.904059069,1.913403992,2.80932999,0.218766918,0.830248813,1.65762036,0.079381012,0.155969842,0.243218604,0.01512371,0.020637811,0.012644707,0.060859396,0.012462386,0.017273771,0.018024151,0.111697366,2.668690022,1.240351161,0.569957363,0.688870089,4.704754879,0.034354336,0.018000528,0.003697604,0.014010703,0.037302939,0.389968415,0.046062095,0.308409648,0.810313788,0,0,0,0,0,6.666666667,0,4.444444444,23.33333333,0.782852591,1.743597836,1.552915941,0.768366903,0.818117858,1.147898691,0.950663206,1.123229693,0.917880341,0,0.485436893,0,0,0,4.012944984,0,2.35167206,-0.03236246,0.818921362,0.717983144,0.225931427,0.775299266,1.128902895,1.110831182,1.111594907,1.081355734,0.995388559,0,0,0,0,0.507614213,3.485617597,0,2.66215454,-0.998307953,1.156793185,11.05794701,81.09026412,1.991572426,2.804756881,2.588282077,2.256529928,1.748029628,1.065821175,0,5.474452555,9.124087591,0.364963504,0.729927007,24.72019465,0,9.424168694,1.484184915,1.151326002,10.51306113,80.7990176,1.740085289,4.283417355,2.492205628,1.818089647,1.508492632,1.192702208,0,3.571428571,8.163265306,0.510204082,1.530612245,24.96598639,0,7.290249433,6.768707483,3.217118091,0.552217308,0.012109466,0.910479952,1.724347943,1.39536792,0.120591307,0.427803877,0.314458729,0.073667873,0.146509651,1.996736787,0.0148236,0.055082627,0.015699996,0.256514308,0.015289929,0.036502766,0.040042887,0.074513059,3.46629251,2.597519065,0.255289425,0.485193029,4.760882707,0.065596031,0.017738895,0.004168644,0.0177267,0.082301009,0.789144101,0.069491936,0.780784767,1.040809709,0.072254335,0,0,0,0,22.68786127,0.072254335,22.90462428,35.98265896,0.95010465,1.158688949,2.017718091,0.863983363,0.833157348,0.981248201,0.864061016,0.932856236,1.050674676,0.041446631,0.056850483,0.056850483,0.085275725,0.17055145,-0.715149504,-0.072254335,-0.988762993,2.22086577,1.010638495,1.137108559,1.38940825,0.969430727,0.894349346,0.913559146,0.95535582,0.9544231,1.068506671,0.017137798,0.089392133,0,0.119189511,0.059594756,-2.366049591,-0.042456957,-0.437401393,3.737245689,1.955131587,19.32874366,126.3488965,1.446393696,1.52965241,1.773128714,1.933595175,1.522112344,1.102653794,0.469942742,9.712399811,15.72371523,0.047147572,1.155115512,24.88403878,0.587811671,19.26887879,5.365761597,1.29339473,13.70501677,101.4647498,1.413813443,2.648086931,1.818901708,1.709185734,1.222400457,1.11479001,0.08119835,6.803069054,12.35294118,0.10230179,3.171355499,22.91316175,0.209075588,9.218137871,5.654169685,3.424805896,1.009991012,0.018207484,1.30398233,1.878728253,2.193124463,0.239400141,1.850116193,1.461234694,0.114911219,0.2463531,1.46502261,0.03387447,0.10140759,0.03146477,0.281890981,0.024971211,0.053723459,0.042932923,0.122735839,3.722552683,2.201336748,0.405493102,0.896509179,4.764064983,0.119024943,0.067112227,0.012522609,0.034393011,0.128313612,0.925819847,0.111789872,0.87906642,1.438852032,0.206753963,0.137835975,0,0,0.206753963,26.18883529,0.068917988,28.3252929,56.16815989,1.02347485,0.882991108,1.085092427,0.922328097,0.793466711,0.94490019,0.937979344,0.916289718,1.015789103,0.078756387,-0.066458388,0.023792529,0.118962646,-0.135376375,-1.373227387,0.050044658,-3.29555224,-0.017791106,1.088521225,0.795211328,0.937701194,0.847545533,0.886284575,0.922313017,0.959366116,0.937639008,1.013065766,0.296643973,-0.087496182,0.025169897,0.07550969,0.019775108,-2.579472084,0.082101393,-2.098260432,-0.290988986,2.030376734,7.101732239,49.55554031,1.777390527,1.651786026,1.815538826,2.199226675,1.483746273,1.057626167,2.403602574,12.44705367,19.18505942,0.169779287,1.915487124,31.83323602,1.246871486,19.25535226,4.506712776,1.278689254,5.313276072,41.60077275,1.510532836,2.582908632,1.710214985,1.7169348,1.200491779,1.047420133,0.532824701,8.983634218,15.95696997,0.268937696,5.059942586,24.68521223,0.468957405,9.057046857,2.661961132,14.91365128,1.442906807,0.020304712,3.289244326,1.819156422,3.04049839,0.37814659,1.501937973,1.345197279,0.120169587,0.269848668,1.360892953,0.048006072,0.118240724,0.038529623,0.306938717,0.086721491,0.069165528,0.067226795,0.145614022,3.445541027,2.382839426,0.778091346,1.238918888,4.848976652,0.139266406,0.06780782,0.017269443,0.053543956,0.171822809,1.153785002,0.147537415,1.005043801,1.580200339,0.224719101,0.122574055,0.020429009,0.040858018,0.286006129,35.50561798,0.26557712,32.72727273,64.29009193,1.06064335,1.087882393,1.153789069,1.031518438,0.939058868,0.978888168,0.95186566,0.95444493,1.030602738,0.069634659,-0.008846466,0.039779714,0.005970989,0.061866496,-0.223305963,-0.151849531,-1.713090228,1.87260542,0.971600844,0.987784221,1.119379495,0.94702956,0.971816051,0.918179152,0.907344453,0.96345793,1.005095638,0.092008052,-0.056589232,0.00596492,0.018528323,0.096705848,-2.664971326,-0.04122872,-1.226117993,-0.179237427,1.88644294,8.15548298,45.33173533,1.782309763,1.513967364,1.418294509,1.853104162,1.418523169,1.028178935,1.773644014,15.16183462,25.18759172,0.075087964,1.978350712,22.79475032,1.405409103,20.45783162,1.314873286,1.307454685,9.417380839,60.58668999,1.739866914,3.111829973,1.613351481,1.83964952,1.224584115,1.079211551,0.468471322,18.19163344,32.87407789,0.063994315,10.6186365,28.1921743,1.149929376,12.04467345,4.924098085,1.544182159,1.988262448,0.11623865,3.59214582,1.863672291,3.20515227,0.768634815,1.859769305,1.857260101,0.929372799,0.625622083,1.509460263,0.136972226,0.278477708,0.086590345,0.617840137,0.17935643,0.131229054,0.098905145,0.372009572,3.45947565,2.540850153,1.210639859,1.615499039,5.239574115,0.226468323,0.129449481,0.052223424,0.109142735,0.261677144,1.23725978,0.24287342,1.060524801,1.890965255,0.950118765,0.237529691,0.237529691,0.475059382,1.425178147,38.24228029,0.712589074,36.34204276,76.24703088,1.061403355,1.061119695,0.609103921,0.921363383,0.982305037,0.98888535,0.987394249,0.963868435,1.010390292,0.115837264,0.16220382,-0.237529691,-0.275192627,-0.42584437,-0.400841244,-0.046366555,-3.497272602,0.501803232,0.943572414,1.029927225,0.784440461,0.899554373,1.060752757,0.986755406,1.074725196,0.987981433,1.001036546,0.00161475,0.102375135,-0.169548726,-0.407078417,0.07040309,-0.852749354,0.10318251,-0.584054992,0.231555117,1.715890562,4.832375867,16.4229184,1.703799394,1.338985521,1.298209671,1.737271027,1.417278973,1.019199523,4.230604127,17.35283175,28.85885585,0.308073148,1.948315829,18.38422574,2.78138683,20.64590905,-0.524139313,1.266956315,5.998506058,23.52761641,1.703106553,2.499717285,1.483820277,1.695549264,1.220259192,1.072540384,1.35974039,22.12866749,36.60754073,0.088320899,14.80017397,21.58870563,3.231072898,9.911478371,1.668462079,2.33540386,2.207994224,0.025357046,3.73723448,0.283328697,4.171124491,0.368876881,0.613093881,0.579760778,0.150947883,0.255198093,0.215841914,0.033210151,0.034982145,0.013620907,0.113229285,0.055834943,0.029009285,0.018815754,0.238427237,3.542815438,1.327808012,0.8940519,0.917641478,5.618038628,0.058516035,0.027346396,0.015432406,0.033799562,0.06394432,0.740448712,0.119450026,0.268763955,1.241214345,0.155279503,0.310559006,0.310559006,0.155279503,0.155279503,19.40993789,0.155279503,2.48447205,45.34161491,0.631041583,0.917387121,0.665135782,0.656572162,0.96169982,0.92541079,0.728634225,0.947791592,0.966858831,-0.155279503,-0.167837788,-0.215411528,-0.107705764,-0.107705764,-1.236769477,0.035015454,1.083558398,-2.382528323,0.62794545,0.959880494,0.453161834,0.53602091,0.957707365,0.853937384,0.631946197,0.841959171,0.915044511,-0.155279503,-0.183170471,-0.310559006,-0.155279503,-0.112816658,-3.486371009,-0.027890968,0.063298651,-4.237580937,1.22569472,14.53853784,45.69096936,1.413545912,2.388108266,1.672187086,1.570197037,1.707673903,0.990267688,0.099497567,10.51746647,21.53657475,0.099497567,1.437077185,21.991336,1.118605847,8.088776358,0.199786367,0.923200601,35.34536785,100.6875424,1.490454761,6.754422938,2.041725217,1.380154489,1.620506033,1.034544733,-0.155279503,30.04040491,50.25790367,-0.056416428,9.335575662,32.29545015,0.685056631,6.759225429,1.470050936,0.014698078,1.443454248,3.140064275,4.816492468,1.871489075,4.916469347,0.297234186,0.686673583,0.633499736,1.172041972,1.749856651,0.232035663,1.869549326,0.105578268,0.081897754,0.30344506,0.092742617,0.030008593,0.049466955,0.900881025,3.984126778,1.020072179,3.755272491,0.628239723,5.875290449,0.29398095,0.000443879,0.012463866,0.048541131,0.158958243,0.36926712,0.279867578,0.222795814,0.672746524,0,0,0,0,0,14.28571429,0,0,28.57142857,0.666235274,184.8484254,1.538913386,2.767888129,0.842898062,1.571811318,0.234328398,1.605781617,1.768589213,5.882352941,0,0,5.882352941,0,-2.521008403,0,11.76470588,12.60504202,0.099187268,1.29459781,0.026052128,0.603126659,0.035636037,1.83616108,0.313745379,0.566613599,1.320996327,0,0,0,0,0,3.361344538,5.882352941,0,-5.042016807,0.474048965,405.5361753,37.33160967,1.086038864,0.8991369,2.9972398,0.767785245,1.896418154,2.165602728,0,0,11.76470588,0,0,26.8907563,5.882352941,5.882352941,36.13445378,0.299028227,827.1917815,80.95101261,1.113800947,1.329699928,1.886520884,0.577453293,1.290907637,1.3650258,0,8.695652174,30.43478261,0,4.347826087,7.453416149,4.347826087,8.695652174,1.863354037,0.000754655,1.919821034,2.22667575,2.540955189,1.229778349,3.792014353,0.169976069,0.550531241,0.048810859,6.438447495,4.184984021,0.005461703,0.382614573,0.050782245,0.362933827,0.44486851,0.006820081,0.040973225,0.632036156,1.468413642,1.231946161,0.951674411,0.580306711,0.564717748,4.15632505,NA,NA,NA,NA,NA,NA,NA,NA,NA,NA,NA,NA,NA,NA,NA,NA,NA,NA,NA,NA,NA,NA,NA,NA,NA,NA,NA,NA,NA,NA,NA,NA,NA,NA,NA,NA,NA,NA,NA,NA,NA,NA,NA,NA,NA,NA,NA,NA,NA,NA,NA,NA,NA,NA,NA,NA,NA,NA,NA,NA,NA,NA,NA,NA,NA,NA,NA,NA,NA,NA,NA,NA,NA,NA,NA,NA,NA,NA,NA,NA,NA,NA,NA,NA,NA,NA,NA,NA,NA,NA,0.396117589,1.771798789,1.329695342,0.566106713,0.181538065,0.493376908,0.169379988,0.090773709,0.062128569,3.161639435,1.371420669,0.034461804,0.203502725,0.023664916,0.119866937,0.047159342,0.014111964,0.018705775,0.039478161,1.26333868,0.580673551,1.152901133,0.161171167,0.141258405,3.737424285,0.026703616,0.047603801,0.021406434,0.078509809,0.030797168,1.072316995,0.112535235,0.207111766,0.384398934,0,1.034482759,0.344827586,1.379310345,0,33.79310345,1.034482759,3.103448276,8.620689655,0.991546425,0.734817228,0.607217555,0.371952775,1.513238611,1.116303331,0.88301922,1.031260217,1.146766744,0,-0.340038314,-0.067049808,-1.101532567,0,5.23467433,-0.617816092,-1.159003831,3.462643678,1.335716448,1.237863095,0.328317739,0.219942902,1.553942355,1.080596144,0.88571274,1.138866403,1.05950986,0.149700599,0.013421433,-0.344827586,-1.229609746,0,4.829651043,-0.435680363,0.040264299,1.708651662,1.33932006,12.77684551,66.22353846,0.773928376,38.26481673,0.994437139,1.488275425,2.239274293,1.528261021,0.160771704,17.13271981,42.74198913,-0.736223528,37.13826367,2.541301696,0.894777692,8.311342721,7.617252467,1.684606325,4.642058048,11.34257607,0.386057358,4.550463169,1.244861742,1.114975847,1.174735397,1.260727867,0.142857143,4.39408867,6.798029557,-0.950738916,2.285714286,9.921182266,0.108374384,0.039408867,4.379310345,4.349207262,0.399352877,0.015246767,0.454913843,0.152120592,3.343864081,0.101068412,0.193763481,0.119171926,0.040518439,0.075087931,0.089147975,0.005059395,0.007417365,0.003918294,0.048235228,0.004078621,0.005592835,0.006100088,0.359203106,2.352618539,0.725951741,0.531182673,0.25534644,4.630057928,0.005421499,0.00425163,0.003349839,0.005425754,0.011278252,0.222178936,0.015870045,0.095558238,0.323731451,0,0,0,0.039698293,0.039698293,5.081381501,0.079396586,0.555776102,7.542675665,1.189327474,1.770612485,0.758002965,1.081959993,1.497190361,1.186905175,1.16551727,1.145298899,1.378028166,0,0.043497173,0,0.025547466,0.047296052,1.595434506,0.051094932,0.575150388,4.701778446,1.272149289,1.125107616,0.837889407,1.140160165,1.320821193,1.181480353,0.930575119,1.133664776,1.46382061,0,0.023623907,0,0.031173429,0.031173429,1.462440848,-0.055772679,0.578171453,4.954371347,2.527568696,24.20594744,58.30984469,1.912683935,3.10483844,2.892229728,2.428689037,2.038405914,1.599005353,0,2.20232333,4.985479187,0.105509839,0.226516615,14.03768917,-0.00679252,2.856614992,6.590915816,1.577494419,57.97637604,115.7824518,1.482474158,7.471645055,3.286931902,2.146246662,1.737921024,1.508106301,0.023078698,6.969766905,11.47011309,0.006459104,1.529653196,16.91261804,-0.010160491,2.075195512,5.519867608,25.64721938,0.479246307,0.007624531,3.161779379,0.991957029,3.006105335,0.139298476,0.329665335,0.300064381,0.063630737,0.126151124,0.21003629,0.010147046,0.016488916,0.009277196,0.080784385,0.024083069,0.011800793,0.025125823,0.07706596,2.468891142,1.289948574,0.534072706,0.554874726,4.715489552,0.023568765,0.01130464,0.004730901,0.015040201,0.037656746,0.476102371,0.041071468,0.318953829,0.587747884,0,0.040908161,0.01022704,0.102270403,0.020454081,12.79402741,0.061362242,5.89077521,14.97238699,0.830552814,1.1154409,1.06935628,0.894095831,0.78867876,0.993722613,0.792052873,0.928784962,1.129737603,0.00440451,0.029564002,0.016200021,-0.04501177,0.050018083,0.146423613,-0.043744201,-0.578935886,3.478106314,0.911289257,0.928649961,0.858403608,0.887617809,0.793712293,0.944383398,0.820888467,0.990795519,1.166686086,0.012541282,-0.003284316,0.006494669,-0.03120314,0.00880891,-0.737675249,0.001344167,0.074694461,4.663079753,1.534314499,11.88588172,61.4888912,1.528677142,1.513657509,1.635017265,1.859321157,1.61160437,1.199178095,0.026663823,2.225516753,7.722281492,-0.038277229,0.198189264,11.16608351,0.13061728,7.926417623,5.590752941,0.986752465,20.70092015,108.1060918,1.419870698,3.546268731,2.030336654,1.69964919,1.310417945,1.216486484,0.004464884,6.509076212,16.30892285,-0.02636738,1.301151492,18.77716516,0.041330083,3.824811699,5.883084724,33.55371583,0.16372306,0.004901791,1.409624565,0.330733534,0.732384417,0.042068196,0.218659659,0.154121949,0.053099796,0.053939363,0.163798936,0.003386808,0.007489125,0.006454631,0.085810714,0.008355045,0.004261944,0.008547083,0.067820544,1.771541511,0.994207404,0.235748587,0.202191152,4.2370999,0.005472754,0.005669913,0.002465423,0.005316629,0.007692615,0.201256665,0.010550712,0.123541674,0.192031798,0.003500298,0.05600476,0.021001785,0.05600476,0.010500893,4.791907312,0.007000595,1.235605026,3.356785327,1.307613407,1.020022036,1.184516957,0.978256045,1.120723674,1.266666403,1.153026374,1.20493757,1.56990039,0.002425453,-0.020450258,0.005664091,0.006215618,0.001350608,1.403464677,0.010776656,0.616191957,3.191168808,1.44533341,0.979053373,0.925308782,1.081915504,1.196173416,1.249648918,1.166941039,1.30873205,1.61543673,0.005469385,-0.020126031,-0.015021997,0.000803229,-0.007510998,1.462951266,0.001969087,0.944027815,3.478112718,3.060569083,12.77839653,71.1261382,1.662108983,3.575717488,2.675297575,2.72816615,2.652281375,1.792962857,0.008119503,1.291892056,4.217320316,0.00499919,0.300328761,10.89482288,0.022048905,6.366649215,4.628922319,1.713580957,18.72984754,97.57320946,1.514363041,5.207830519,3.198270435,2.420755347,1.913938893,1.821565413,0.002454387,2.718878379,7.169280169,0.006519431,0.331893486,14.88534877,0.010863459,3.191703158,4.795178231,100,0.642531679,0.021724125,2.035653435,1.118042313,1.995181182,0.155435289,0.571213902,0.486236847,0.105495326,0.144810285,0.52726237,0.019720488,0.039734523,0.01629109,0.1372278,0.029080505,0.023185758,0.028297808,0.113638106,2.484570609,1.447863902,0.457690686,0.54888721,4.561709184,0.028384224,0.015695479,0.005267201,0.013891951,0.037051711,0.40225863,0.037888278,0.293126096,0.484890216,0.037596677,0.064451447,0.023274133,0.066241765,0.059080493,10.85648811,0.062661129,6.645660269,14.50157548,1.533981145,1.49502026,1.381409474,1.316122888,1.343392248,1.315747269,1.310913606,1.303220481,1.502371535,0.045774324,0.006865916,0.007864433,-0.000951222,0.043375436,4.042813781,-0.005406345,2.912875214,9.486169988,1.500814633,1.37255318,1.280919545,1.279947491,1.407688667,1.262449221,1.307273075,1.35097171,1.515968174,0.057649057,-0.007304006,-0.011243093,-0.004081391,0.053209215,3.294020199,0.018548392,3.386221987,9.716908208,2.965215592,13.93479124,69.75022358,2.355934942,2.777845364,2.313123614,2.840223056,2.244618465,1.596591819,0.534501259,5.31975363,10.61440066,0.027887695,0.978435326,19.54418962,0.457142664,14.14021613,11.49175179,2.064054596,17.90903121,96.93122391,2.33103911,5.214661462,2.650678211,2.688933347,1.862443401,1.677309548,0.164830474,7.813420797,15.81541611,0.028553389,3.247887939,23.78225348,0.34811787,9.552461602,12.96235793UPN7,0.473714841,0.966250155,0.124068548,1.239481299,2.592299716,0.242674273,0.021166405,0.044618646,0.046737758,0.046194948,0.086311246,0.207945869,0.060208093,0.180122218,0.026852003,0.301593537,0.027244334,0.076054879,0.595125604,0.235720577,2.283751651,0.6361554,1.531518452,0.257632187,4.327878756,0.226816259,0.0436538,0.003129407,0.023210315,0.04062475,0.767360047,0.088251432,0.315687084,0.657354983,4.141104294,0.460122699,0,0.306748466,0.306748466,21.3190184,0.920245399,5.521472393,22.08588957,1.185276917,1.48454668,4.293975971,0.819651374,1.062367106,1.146631375,1.053200374,1.082571158,1.105736465,0.224516442,-0.050845755,0.136425648,-0.03389717,-0.03389717,4.056152127,-0.238117159,2.254789545,1.106470593,0.980612121,1.393470801,2.446854493,0.754184347,1.007923125,1.058080959,0.853945492,1.112026541,0.987103931,-0.157587811,0.08932785,0.137362637,-0.169385829,0.105339446,1.895267309,-0.096069575,1.896110025,-2.717757702,1.281837979,12.34852331,223.9082495,1.255708803,3.1550978,1.308694545,1.302979983,1.841683907,0.813957829,2.208102055,16.04781381,22.06349206,-0.148018308,2.70912455,8.998441913,-0.126594605,13.52614665,-6.847794332,0.932856528,37.4227056,512.3243116,1.26983898,5.029333121,2.389651319,2.054884684,1.682109768,0.860475834,-1.276165686,51.10877225,52.11459754,-0.306748466,3.922446622,33.7969434,1.671841914,10.44032843,-4.89625792,0.279323541,0.532522725,0.038335332,0.753284772,2.267931495,2.776822791,0.032173602,0.116076781,0.088016673,0.065717911,0.105225468,0.286004338,0.046635202,0.113496255,0.033048126,0.12320843,0.04210281,0.129714836,0.429258065,0.449275099,1.587628141,0.657003628,3.183591778,0.626541014,4.076802588,0.274663547,0.054858436,0.010623244,0.02099477,0.115662347,0.623108831,0.103255343,0.365876099,1.188704464,6.081081081,0.337837838,0,0,0.337837838,16.55405405,1.351351351,8.445945946,43.91891892,0.86277995,0.682275667,1.35329248,0.975135261,1.151900461,0.923794569,0.699979471,1.012571171,0.887699838,-1.364099949,-0.337837838,0.314465409,0.314465409,1.863420024,-1.145249023,-1.036885943,-0.584310726,-3.352881183,1.027412682,1.401106051,1.089607812,1.750445571,1.162558477,1.089883744,0.623468338,0.902804893,0.932692896,-0.75895223,0.222386252,0,0.280112045,0.502498297,0.812892725,-1.071239307,0.517639488,-2.182224241,1.061233213,9.763690188,57.18894504,2.769688616,1.948407356,1.280534209,1.140915877,1.808339629,0.956641724,-0.010793541,15.31711424,18.53035144,0.319488818,3.176539159,3.573741473,0.246092738,12.95980485,-1.426906139,0.804218763,24.76797102,137.7468445,4.698296641,5.141959421,2.290209817,1.673686994,1.889052047,0.877025064,-3.341355054,44.18271011,48.28767123,0.684931507,14.38818956,25.22676786,-0.323954091,9.019807479,-8.302480563,0.005207829,0.513886066,0.11159794,0.731200624,2.069598845,3.414431915,1.439155312,0.078035485,0.093161182,0.494413181,0.096595556,0.276566723,0.055015148,0.213879455,0.013260977,0.323975317,0.068076068,0.290248726,0.767270516,0.86778201,1.500705576,0.534811004,3.675113834,0.826196823,4.07949704,0.313006401,0.005815509,0.161808568,0.073937063,0.512659778,0.799289448,0.131385727,0.319599531,1.791284084,0,0,11.11111111,0,22.22222222,22.22222222,0,0,77.77777778,1.222025472,6.119870173,0.008233285,0.000313727,0.721676055,1.102651261,0.302878504,1.177434655,0.936438117,14.28571429,0,-11.11111111,0,-22.22222222,6.349206349,0,14.28571429,-6.349206349,2.240649768,27.81203647,0.000939009,0.02363785,0.19742584,1.7069849,0.06732158,2.109035242,0.886664358,40,0,-11.11111111,0,-22.22222222,37.77777778,0,20,-17.77777778,1.459637542,197.089202,5.711783527,7.031466073,0.930522959,1.718005075,0.068366969,0.839469333,0.61880063,0,50,5.555555556,33.33333333,-5.555555556,11.11111111,0,0,-27.77777778,0.436379059,202.259805,8.531569321,2.799250173,1.672149597,0.678437697,0.269386074,0.461816627,0.173539865,0,50,22.22222222,0,27.77777778,-5.555555556,0,0,-77.77777778,0.001444432,0.283166919,0.052623759,0.587891589,1.698954208,3.699802443,0.073970577,0.369844369,1.735132027,0.157199966,0.125296856,0.321975912,0.012956481,0.089726921,0.022956214,0.240706594,0.070305882,0.223614232,0.335461005,0.710130534,1.183740781,0.451441501,3.871416321,0.773043982,3.728683474,0.025750957,0.019829918,0.000263639,0.000499082,0.037070774,0.319336058,0.020268579,0.150470332,1.897122955,0,0,0,0,0,0,0,0,70,5.414860189,2.812478983,0.82215318,113.8914571,2.648594904,1.748713915,0.388655893,1.320808745,0.736224955,0,0,0,0,0,18.18181818,0,0,-33.63636364,17.42952972,0.050957538,0.957547172,58.40804724,9.581595701,1.146882111,0.753417381,2.139474893,0.868920351,0,0,0,0,0,16.66666667,0,16.66666667,-3.333333333,8.64252623,34.97924756,1930.327737,1.429942545,7.903084953,2.76307068,1.945819137,5.20909956,0.651540865,0,18.18181818,9.090909091,0,9.090909091,27.27272727,0,27.27272727,-24.54545455,10.76118742,110.9042076,10269.24194,733.4422148,13.65257399,5.136445756,12.24239574,9.972059561,0.674338442,0,62.5,75,12.5,12.5,50,12.5,62.5,-20,0.301519081,0.760570216,0.208200053,1.270690023,1.625083691,2.23506017,0.106609137,0.17667227,0.155431924,0.130962823,0.160176322,1.982460624,0.108501593,0.471075808,0.067215706,0.438005667,0.083471449,0.287688786,0.622741887,0.526649386,2.544647461,1.371436048,2.770774024,0.652190934,4.590062252,0.357149076,0.122045274,0.010497602,0.036571493,0.141286029,0.760309346,0.1215343,0.504439657,1.697024245,7.098121086,1.043841336,0.208768267,0.417536534,0.208768267,22.75574113,0.835073069,12.7348643,66.80584551,1.1156449,1.148305828,2.131341474,1.060673604,0.897320785,1.131494436,1.110799022,1.099776375,1.018100117,1.683240922,0.38985042,-0.208768267,0.120097874,0.68728908,4.663613711,0.240195748,2.856533549,1.294512911,1.097656009,1.5180603,2.699044107,0.982192011,0.864241974,1.10689892,1.088799906,1.090185631,1.036563682,1.903835862,1.695884691,0.769705314,0.169547614,1.161094746,2.684571984,-0.443683636,3.116407715,4.231336485,1.18898535,6.81326172,77.17393602,2.830644681,2.029506921,1.271876524,1.627999237,1.767409977,0.978890012,3.296889309,24.94368465,26.19455814,1.037764921,5.404537346,8.22138985,1.036028802,17.61856605,-2.148880855,0.92741811,14.48842874,150.3919045,3.299571277,3.422588842,1.901347466,3.032163441,1.758463698,0.937333639,0.736930461,59.16234423,54.01803586,0.407205734,11.33762349,20.33704238,6.175236209,16.33730065,-3.713062006,0.123933313,0.655195207,0.096028692,1.192066518,1.507120415,4.054677646,0.110588672,1.826597252,1.172071829,0.180506648,0.121155362,1.895454176,0.073271829,0.320350769,0.049170462,0.597061871,0.065339005,0.240753966,0.27756862,0.49286859,2.03171618,1.344317675,3.392753819,0.93733118,4.486896232,0.45266124,0.24896324,0.010289951,0.057206214,0.215920503,0.655961765,0.07508024,0.363511836,2.027316736,13.36898396,5.347593583,0,1.069518717,1.604278075,18.71657754,0.534759358,10.69518717,80.21390374,1.018106408,0.78030144,2.337508361,0.325434064,0.98561561,0.97448411,0.980251756,1.144582452,0.96209474,-0.068491346,-3.377150233,0.492610837,-1.069518717,1.35138695,-1.47519823,-0.042148521,2.112694608,-6.322278128,1.004463125,0.740230335,1.299380867,0.970532852,1.01118151,0.854076813,1.002732683,1.028481319,1.023717427,-0.868983957,-2.462978198,0,-0.588749486,1.761106541,-3.812731386,0.907548334,-2.522110243,-5.213903743,1.301522419,3.685292684,51.6685541,2.200822296,1.176105692,0.964085667,1.734225931,2.480359818,0.959722442,1.524633064,27.09921493,15.42553191,0.526225964,1.587211287,2.560018205,1.592900216,16.43247241,-3.618159062,0.785164872,6.855923966,158.774188,3.086449649,2.413374432,1.833500361,3.321497334,2.55700952,0.982135233,-4.846256684,52.03877005,56.25,0.635026738,11.46390374,15.37433155,4.010695187,23.96390374,-3.509358289,22.92595894,2.17356715,0.100199556,4.374944998,1.887772629,2.206033147,0.068084606,1.070630586,0.772397019,0.059646028,0.147639668,1.287971181,0.209957609,0.431288098,0.133496108,0.778326144,0.105376421,0.162678216,0.52972065,0.345691456,4.031006304,2.740510975,2.815998514,0.877832373,4.83311198,0.810828167,0.187248192,0.017128551,0.049635815,0.119146268,1.241970568,0.12533879,1.119215153,1.990094263,25.19112437,1.536453478,0.07458512,0.488532538,0.697370875,40.20883834,0.913667723,38.75442849,81.64833116,1.064122615,1.555483465,1.112437542,0.987168813,1.025214344,1.095689803,1.042986335,1.071508088,1.025557631,2.469686348,1.604567782,0.045040281,0.013894149,-0.024050757,4.38751138,-0.025021883,3.53144204,1.604112618,1.088840165,1.607996878,1.113649683,0.979276472,1.017144734,1.10631379,1.040373477,1.04330784,1.022686861,3.261196304,2.89898956,0.026680703,-0.046338445,-0.045894081,5.357406389,0.021353374,2.20084577,1.29175323,1.192224767,7.505306831,71.25963044,2.809717207,2.072234068,1.220395589,2.029957508,1.662915262,0.994952674,8.039632721,50.60383926,42.44721233,0.769999044,2.427259259,12.71261193,2.479238735,26.72077567,-0.609154924,0.830147214,13.77783215,140.3902574,3.863780169,4.1192393,2.079967738,4.25511752,1.753641881,0.98309864,-7.163703715,84.23137232,80.42733622,1.304721412,9.915087022,39.22566994,10.00715395,26.86063864,-0.553402556,2.235046767,2.784064226,0.959639807,4.641891875,2.044311195,1.210844577,0.101765795,0.805819121,0.829821163,0.492856442,0.313350276,1.304919929,0.452273531,0.828585625,0.176924531,1.092198596,0.153464664,0.203651989,1.068914212,0.557536999,4.463946588,2.443779603,2.422881051,0.934925541,5.500292883,0.60291294,0.258326924,0.023553678,0.061326895,0.10539945,1.533867431,0.211329574,0.895696998,1.994041044,16.73693859,2.713107241,0.036663611,0.421631531,0.531622365,54.17048579,1.943171402,28.76260312,81.81484876,1.105485156,1.288182431,1.217131582,0.999399589,1.117181516,1.040329308,1.016309038,1.09908069,1.019225685,2.177452432,1.676237708,0.197881539,-0.019554131,0.239025985,1.668013118,-0.234342453,3.269563076,1.297900442,1.177255368,1.260447299,1.309745586,1.010767504,1.130715244,1.067090914,1.042368802,1.086544262,1.020982309,4.1585838,1.730193497,0.152048003,0.075880907,0.240379694,2.820421738,0.252745565,3.266904518,1.698618384,1.389816597,6.03113175,51.41430413,2.130223094,2.155061492,1.166940621,1.630396575,1.536192279,1.022739474,9.878317768,56.74916871,41.18884702,0.599627327,2.365418069,11.81534164,3.100596834,19.69508759,1.553221267,0.967938213,9.514559083,93.36049736,2.680474889,3.786837131,1.700212792,3.160066911,1.374706186,1.020591577,-3.694583217,80.62883491,74.57593969,1.30874037,6.622303255,27.67352247,14.86984513,12.40475226,2.508498345,6.659616819,2.32751965,0.351288831,4.524842498,0.363104544,3.698129112,0.068023925,0.656464414,0.464212773,0.132354736,0.198479088,0.189739623,0.126907815,0.133077496,0.214540434,0.2604507,0.080178389,0.112374522,0.314240244,0.884855094,4.075645234,2.652856958,2.131280437,0.548802893,5.422033238,0.436569065,0.100983287,0.013246684,0.037361124,0.083025898,0.881830982,0.099442929,0.440360116,1.762450733,10.06273204,0.66572782,0.06401229,0.307258994,0.537703239,26.47548329,0.627320446,10.02432467,69.81180387,1.05075223,1.590323777,1.141736769,0.99601368,1.083510625,1.072045118,1.061511064,1.101500173,1.011040604,0.845490894,0.742554792,0.091137489,0.003040565,0.011288287,2.346571845,0.07682086,1.719320156,0.984233847,1.142833178,1.458641388,1.067901184,0.928358005,1.098573178,1.092177498,1.082740856,1.060582359,1.033986392,2.182654967,0.544432736,0.031842011,-0.019696089,0.013458994,3.670694517,0.199422905,1.010901785,2.941610943,1.107065866,10.41904145,82.89832419,2.564579897,3.416664222,1.216621116,1.597553353,2.242074786,0.998082072,1.391640579,33.49143314,37.62610178,0.437354441,5.181561653,8.949104793,0.608420999,22.16832425,-0.309269012,0.744370531,19.73463203,161.7262373,2.600094582,6.960059675,1.790690783,2.699899022,2.446785054,0.987401168,-4.190648248,65.89513554,70.78188519,0.581488824,15.92000189,28.15076651,2.626131388,25.2557896,-1.251257921,0.442037545,2.70327261,2.907396397,4.479705303,0.461161223,3.483799417,0.091733758,0.346397461,0.440053523,0.736811312,0.519597839,0.176329949,0.504692372,0.216776336,0.379378064,0.399379145,0.097926947,0.148581705,0.746541878,1.387334244,4.004206887,2.398578923,1.811895283,0.623465481,5.938491213,0.183086772,0.126204115,0.021532294,0.055960147,0.103629443,1.515031782,0.194353786,0.316614879,2.087243576,1.369863014,1.174168297,0.195694716,0.782778865,0.587084149,56.36007828,1.369863014,4.69667319,82.77886497,1.325886324,1.153751625,1.328900782,0.841130561,0.906736689,1.017287534,1.11833933,1.03327081,0.984361206,1.81963042,0.889621571,-0.195694716,-0.407544343,-0.024232366,0.487951741,0.318692333,1.682313677,0.523198819,1.350326769,1.074215579,1.089297842,0.997566051,1.062096143,1.053467335,0.936206804,1.18526927,1.008656504,2.679432761,0.058226069,-0.019638378,-0.254609851,-0.058915135,4.379358342,0.038587691,1.113185965,0.319726579,1.874998058,6.649299776,38.52384246,2.07417045,2.322864953,1.08960351,1.260790385,1.581609493,0.997813181,4.407914764,25.49249837,27.35986084,0.328332246,3.857360296,6.084366167,0.630136986,8.192215699,-0.556642748,1.188042458,10.29322608,61.67491722,1.119411603,2.92615607,1.116488761,1.446606201,1.166586877,1.062446492,0.289888024,41.77188979,45.65492769,-0.367841106,5.014575602,5.880585623,2.5720457,2.357268719,1.660969054,0.046052057,1.824679023,3.2841251,2.346765838,0.44444181,3.85874951,0.08832718,0.118860367,0.095225879,5.495282782,4.532130045,0.122545518,0.565060747,0.132171176,0.835578379,0.153880212,0.035573741,0.16018098,0.315534663,2.619557739,0.78335131,2.286057656,1.049662932,0.24184919,4.551004137,0.156750757,0.23264389,0.010764392,0.010591054,0.056772988,1.409019963,0.108903078,0.500163354,0.721564735,1.587301587,4.761904762,0,0,0,47.61904762,0,7.936507937,23.80952381,0.688000446,2.273015843,1.157101233,0.942765631,1.795598796,1.01646854,1.032126644,0.959027321,1.199613654,0.167084378,7.518796992,0,0,0,-3.759398496,3.50877193,2.589807853,6.015037594,0.880624389,1.189907263,1.008559565,3.994295181,2.185971255,0.941505551,0.976805259,0.983344741,1.311838495,-0.116713352,2.591036415,0,0,0,-0.56022409,0,6.769374416,7.072829132,1.500063812,5.842121038,153.443574,2.100317897,19.21141537,1.058142174,1.147306824,2.522920235,1.808824592,-1.587301587,26.00732601,57.69230769,0,34.61538462,6.227106227,0,22.83272283,30.03663004,0.925586508,2.062080508,51.10012188,6.301615612,5.397734874,0.877016067,1.076385308,0.964572121,1.438172438,2.210166767,10.42796866,17.72151899,1.265822785,6.329113924,-8.37854129,2.53164557,3.455897127,11.63351417,10.67950711,2.607534337,1.66327899,3.333757003,0.659476434,0.47289878,0.046892208,0.063655393,0.179382924,0.518329689,0.481532086,0.340136563,0.302291149,0.527060702,0.150280837,0.363548359,0.069474888,0.127334681,1.057680611,0.976927179,3.995468869,1.8955656,1.524289598,0.562090328,5.723857719,0.244607388,0.106748516,0.01525397,0.031615738,0.063687017,1.293025033,0.199689401,0.398626345,1.491951662,3.571865443,0.948012232,0.085626911,0.287461774,0.318042813,45.08256881,1.963302752,8.336391437,59.5412844,1.145980435,1.216655397,1.148107358,1.03119989,1.081965332,1.045028937,1.040717926,1.096086084,1.043539656,0.965177121,0.12655048,0.057648117,-0.024790888,0.016265586,1.457936237,0.036577852,1.149609398,2.622168525,1.172752648,1.244543797,1.040615011,1.061054584,1.119577048,1.058459337,1.083747462,1.089601368,1.050828333,0.91603137,0.318257866,-0.003172114,-0.010649241,-0.011782139,2.323049898,0.221749371,1.310819824,3.236264333,1.366207146,9.588322857,74.58617644,1.995281182,4.104149737,1.225550048,1.35169603,1.644582902,1.053526867,2.157736339,33.01188752,37.29254073,0.220753208,5.62737629,13.86340724,1.392308498,11.21248074,3.212823087,0.922896759,14.11965213,105.3303315,1.806986462,4.68028492,1.403682413,1.793634196,1.176277331,1.086157502,-0.889191662,52.0977859,55.39088117,0.127537485,5.247393677,18.73838866,3.809633367,3.165016596,5.317171206,1.128654919,0.248103648,0.083560632,0.29905962,0.08094452,4.010659615,0.172611204,0.030882432,0.037230905,0.176878084,0.098696562,0.073103647,0.025731419,0.114944064,0.025275505,0.093360991,0.043915628,0.183314158,0.585591979,2.149685349,0.465835439,0.235348247,4.281475666,0.402621231,2.088393321,0.095577909,0.048624026,0.017242576,0.032044481,0.279455764,0.41090458,0.039656652,0.327824431,1.548103869,1.41903172,0.667779633,0.083472454,0.166944908,2.921535893,10.68447412,0.250417362,6.594323873,61.76961603,1.280908125,1.413841085,0.995250848,1.185775224,1.044014067,1.177774311,1.094742786,1.073627427,1.032665031,-0.033350426,0.179025602,0.070492134,0.217966562,0.696631928,2.325533575,0.36544099,0.795976358,1.740776583,1.429621893,1.028296612,1.092994522,0.920863893,1.089863222,1.063796443,0.898732501,1.164090614,1.041590736,0.141146587,-0.147720197,-0.009178249,0.055937707,0.495997539,0.608245044,-0.101828952,1.206567657,3.683578624,1.420270511,10.36558298,43.97661612,1.751808249,2.516759053,1.180010918,1.538544716,1.214652316,1.023137157,1.098670877,12.70751541,22.33981629,0.147767916,13.6795656,2.926855538,0.615042905,3.083095482,1.251627089,0.769386152,18.52544169,68.1897213,1.430928353,3.423427129,1.643460336,1.885329287,0.942805002,1.002521323,-0.54739939,25.40195095,32.88007747,0.150012303,22.35580167,7.382086891,0.70045427,-0.730615474,-0.67611365,19.29872958,1.143928656,0.098000454,4.051194201,1.626616961,2.157804303,0.053383207,0.242267754,0.190075517,0.089140957,0.166011992,0.318867795,0.111552542,0.176912881,0.077583216,0.281048699,0.067364214,0.111190086,0.482823707,0.348796808,3.58555299,1.795929217,2.287856338,0.653169724,4.793975983,0.348201945,0.077619355,0.010927587,0.028882388,0.060855688,0.919115618,0.092548775,0.664315104,1.342436677,7.963907415,0.542696482,0.058846607,0.274617497,0.274617497,27.42251863,0.653851183,19.26245587,50.49038839,1.147526072,1.668261967,1.259205983,1.044271868,1.135158191,1.103416294,1.040047811,1.031740953,1.036608121,2.047042963,0.540814555,0.033367099,0.048130471,0.16916096,3.711133604,0.01469818,1.266620269,3.010850734,1.160182418,1.729177274,0.941721583,0.978707683,1.116459604,1.082717079,1.052008288,1.007559612,1.040279607,2.297897167,0.924110437,0.011279621,-0.105145781,0.1052329,3.251861917,0.02403568,0.109914401,2.875670518,1.283859242,11.1820788,96.56598126,2.23396835,3.475572892,1.124843089,1.584195734,1.61749374,0.993280556,3.450938748,28.13739044,35.81556721,0.320144026,3.459798607,5.386585792,0.861646929,15.79987972,-0.524701552,0.846413619,26.78524058,192.4320571,3.701387871,7.608184249,2.135943417,3.329337701,1.793112044,0.999014348,-2.809509776,69.25721917,71.06246917,0.653174078,11.24311832,33.83515439,3.961677611,19.29243847,0.285114166,35.38782302,1.305491595,0.252178982,3.464902488,0.66175314,0.320862813,0.027423492,0.13949148,0.129528551,0.082384561,0.122035715,0.360058511,0.107418267,0.359444166,0.062793775,0.377950453,0.048937214,0.084023348,0.524631539,0.430602609,4.018935079,1.512775186,1.605160725,0.387990026,4.892548107,0.242985794,0.078834166,0.009468882,0.017656894,0.04176754,0.836484736,0.085398131,0.503900945,1.299474643,3.72752908,0.519915404,0.049935378,0.146868758,0.27905064,23.39325579,0.628598285,12.77464458,49.98531312,1.16542415,1.524347408,1.045462538,1.092061003,1.088130614,1.114128664,1.093642047,1.091449501,1.079081786,1.112631818,0.543914384,0.013576848,-0.022490649,0.046449518,3.795269671,0.027694718,1.661155147,4.473774417,1.20134811,1.538542719,1.063343197,1.143095536,1.146696584,1.112795453,1.083117682,1.079871011,1.090371212,1.259486808,0.541151807,0.033833086,-0.007254651,0.039269523,3.309338243,0.010834324,1.435279193,5.313042222,1.254280463,11.44053266,106.5522241,1.932278296,3.235191059,1.237466068,1.538504876,1.645183648,1.005875511,1.970596244,28.85494566,34.15610607,0.10753389,1.936475331,9.256730629,0.589076525,13.58690357,0.154237843,0.718467953,24.0520034,188.4638587,2.849675926,5.686041727,2.171008027,3.150742949,1.39282024,0.953372515,-1.569353043,63.33909278,60.42860689,0.265823211,4.138783065,31.64587102,3.735111884,7.582570766,-2.739975641,100,1.780401092,0.433716061,3.804102291,1.149819501,1.402414511,0.051891066,0.426825665,0.34944135,0.165798669,0.200879503,0.599501336,0.175175852,0.371580167,0.109316303,0.474143491,0.074455894,0.121952139,0.604004741,0.53224344,3.905412156,1.990219822,2.09191924,0.603468389,5.004814195,0.428154377,0.120214558,0.013519014,0.033292224,0.076732921,1.051275467,0.120838132,0.672140022,1.576718978,10.67464097,0.974501758,0.065027843,0.301326202,0.452447245,33.08085434,0.970838218,19.83166032,62.48351407,1.102689619,1.478638597,1.136684078,1.016870735,1.063333592,1.082687776,1.043501236,1.078819056,1.039868207,1.589992631,0.797718087,0.044844755,-0.001063682,0.063366861,3.149425208,-0.004630332,2.149569082,2.649129836,1.144760915,1.509410586,1.093000505,1.025044509,1.087545615,1.091710268,1.058090641,1.063252689,1.048637033,2.210496404,1.210602434,0.031123549,-0.025635486,0.044476761,3.618344968,0.062151069,1.696040644,3.296801275,1.196384149,8.772494974,80.34613952,2.255903506,2.722593357,1.18221482,1.57025854,1.640973527,0.988074585,3.360462385,35.26984899,36.8487648,0.339590871,3.114046787,8.957600687,1.224681602,16.84412835,-1.099881967,0.742641306,16.77716162,144.9144754,2.850403619,4.803818807,1.885396394,2.868949178,1.535456448,0.948812739,-4.355156921,66.88668369,66.05702717,0.537527832,7.645653049,29.05225671,5.131912627,12.5923295,-3.599646214UPN8,0.951419922,0.958072928,0.161170099,0.555904142,3.182268527,0.55642269,0.059596136,0.102467727,0.118852318,0.048019169,0.117253676,0.286124353,0.053584853,0.081315403,0.034182151,0.061963646,0.021719653,0.083530412,0.155984117,0.271853462,0.4075552,1.266126472,1.509532085,0.502198181,3.810648702,0.271415728,0.053499692,0.01164486,0.036591397,0.105291638,1.633458581,0.127735257,0.804776346,1.104284846,3.181076672,0.435019032,0.095160413,0.25829255,0.652528548,56.13104948,1.019575856,24.70092442,39.43719413,0.385625882,2.102707522,4.116004757,1.079441481,0.820948964,0.939235193,1.148254311,0.569839897,0.524507653,-2.637598411,1.195415751,0.991796108,0.285185711,0.977906234,-10.47887557,1.154337187,-13.28788094,-22.04588978,0.278153931,0.538412663,0.295353013,0.64401871,0.382229197,0.668193273,0.931134223,0.535416497,0.596783639,-2.224138873,0.043449867,-0.095160413,-0.25829255,-0.652528548,-21.68128872,-0.062638057,-15.13154643,-16.94915585,0.391650573,1.019458306,4.395806505,0.681602699,0.526498659,1.065777575,0.714633318,0.677411504,0.504881764,-1.865287198,0.489589787,1.469562204,-0.009359407,-0.190224138,0.554583518,-0.379462058,-9.302631386,-23.61215857,0.472327733,7.498729035,45.83424476,1.104378687,1.338310493,1.15151878,1.090886142,0.73928815,0.766173771,-2.311511455,11.52150271,15.3396222,0.176490058,1.521384495,3.216776604,-0.150010639,-9.700924415,-11.17632456,2.435731564,0.995393274,0.216239285,0.636554582,2.632521529,2.806478344,0.045183468,0.207323973,0.187564961,0.066854755,0.13750267,0.212536255,0.090655946,0.116204317,0.051120565,0.184324082,0.037818905,0.100095522,0.250285668,0.454523246,0.594095186,1.642427181,2.084687396,0.702852334,4.322001463,0.334178326,0.054404947,0.012485342,0.046511611,0.139540021,1.908093193,0.154356356,0.749674594,1.683079002,4.36237452,0.415169166,0.11773454,0.396579502,0.87991077,64.50613459,1.109183294,22.48729706,65.86937663,0.506750174,0.972729635,5.981568975,0.91818027,0.814539827,0.935255472,1.012338134,0.773192486,0.737362335,-3.069271071,0.4468998,2.037437874,-0.18106226,-0.017841804,-6.100962175,0.399437396,-7.185572925,-19.96420421,0.347504172,0.692576212,0.760276155,0.721562564,0.593174466,0.738861423,1.106033571,0.656894485,0.763628752,-2.730672888,0.284131533,-0.11773454,-0.163479269,-0.413710303,-20.68329077,0.988718804,-10.13298471,-17.15142791,0.388381096,0.924327354,3.784020163,0.729138293,0.594158614,1.088434995,0.900525161,0.782821685,0.643138905,-3.205582273,0.319550234,1.257910294,-0.099565276,-0.285882319,2.259536819,0.172667574,-7.042557341,-27.47637991,0.534370402,6.553021013,45.7351313,1.491756004,1.556370137,1.148467255,1.34697386,0.871091413,0.773428837,-2.424048529,9.893200878,16.97477647,0.572583494,3.34916412,1.220737658,1.181565605,-3.015931424,-16.97069821,0.063076215,1.070940312,0.282773457,0.699863511,2.567045538,2.799914891,1.353105438,0.187427163,0.155847513,0.439174568,0.246684127,0.23292125,0.125696109,0.153261782,0.144916616,0.394185486,0.079831722,0.162405709,0.30204809,0.813546623,0.747588258,1.713722606,2.162098446,0.840744249,4.314843997,0.339999631,0.046904028,0.01038325,0.055674734,0.191411615,1.697550798,0.146893826,0.679695516,1.752383677,4.929577465,0.704225352,0,0,1.232394366,58.8028169,1.232394366,18.13380282,69.8943662,0.398471124,0.428371926,0.567837604,1.916613656,0.495972377,0.999241168,2.134987044,0.737666049,0.912528376,-4.929577465,-0.704225352,0,0,4.030763529,-6.171237954,14.55707932,-2.344329133,-11.99962936,0.486496833,2.657111591,4.206787461,0.748076018,0.467263437,1.00185113,1.590569282,0.606620434,0.700746211,-0.384122919,3.841229193,0,0,-1.232394366,-8.802816901,-1.232394366,-4.497439181,-24.43982074,0.584469949,0.786951996,9.104172463,0.757779637,0.503917206,1.027806473,1.252385516,0.825034886,0.712068618,-1.504919931,-0.704225352,2.739726027,0,0.137468648,-2.63843334,0.137468648,-4.43517268,-21.94916072,0.371138304,7.477285922,29.25149147,0.352116323,1.450212266,1.041462395,1.906415823,1.096862827,0.722086503,-4.929577465,2.74405051,10.34482759,0,2.215881496,-0.182127246,5.664157358,6.004128218,-18.17022827,0.104936848,0.806048734,0.182376057,0.711322498,2.146358271,3.352529302,0.083387851,0.568859346,1.81086091,0.127504536,0.183301913,0.223157954,0.084633286,0.163653464,0.078282044,0.276203473,0.035402598,0.119894031,0.193878503,0.548881685,0.632570594,2.073912721,2.191170206,0.80710947,4.440453279,0.412788056,0.067340884,0.012029387,0.055136224,0.149956662,2.025340573,0.14733955,0.848905192,2.181701757,5.831480109,0.49419323,0.098838646,0.420064245,0.988386459,68.17395602,0.988386459,26.51346677,84.6058809,0.429726549,1.028394592,3.994053049,1.356028332,0.640891374,0.938955976,1.280906751,0.87751886,0.817971743,-0.474337252,1.291521056,1.68687564,1.365650041,0.797327827,-11.03109887,-0.988386459,0.27224752,-9.605880899,0.605123304,0.123228143,1.134642756,0.363515084,1.413020907,0.784610327,0.994604916,0.813041821,0.88383482,3.97244146,-0.49419323,-0.098838646,-0.420064245,0.972397855,-17.19356386,0.972397855,-10.82719226,-6.17450835,0.543002424,1.002435119,3.464273385,1.079647008,0.849992091,1.169087277,1.389116161,1.044322371,0.783964867,-3.203045222,0.581075588,1.095904484,0.296781633,-0.152066268,5.302746492,1.042676862,1.085099543,-16.86394542,0.546551408,2.341856551,20.05647012,1.346076182,1.026148423,1.123828373,1.421771496,0.99705131,0.805017595,-2.875815084,3.44669347,7.782934753,0.072546592,0.489446053,-1.671492963,0.489446053,0.580129294,-15.14775282,1.773243771,0.972627075,0.560963484,0.990168575,1.01097544,2.058347582,0.189277543,0.067027116,0.134686376,0.168269973,0.250854726,1.860681475,0.084010457,0.288479875,0.092153557,0.774302237,0.087144927,0.23660235,0.197582882,0.415022432,1.084626538,2.328716272,1.148490965,0.492183197,5.040045759,0.332258172,0.057036219,0.018482213,0.058437768,0.136803554,1.839180678,0.217365515,0.75581335,1.803182212,4.552515235,0.406261202,0.143386307,0.489903214,0.848368981,60.42537938,2.270283188,23.62289401,67.69028558,0.21336871,0.775513172,1.582507133,0.92223522,0.682006058,0.495535162,1.161743806,0.522359861,1.056567106,-4.067078342,0.200534914,0.220691363,-0.247184768,-0.241572864,-33.60499103,0.763697395,-12.57920469,2.45534549,0.231163028,0.524066653,1.187192157,0.928007665,0.554037602,0.458358262,1.23574335,0.489674801,1.046320736,-4.346542011,-0.097301367,0.165573529,-0.180943379,-0.745382369,-36.01755239,1.334248223,-14.04513912,3.267489911,0.532581773,2.371224048,21.21717121,1.017962969,0.923545615,0.830383068,1.138456992,0.819468191,0.943728792,-2.642344868,2.949443496,13.12455381,-0.025267179,0.287407994,-12.10323173,0.001270761,-5.29558374,-3.777017638,0.326486974,11.16132302,68.02292151,1.550466206,2.10844156,0.673686655,1.456916521,0.628960569,1.121643164,-3.637373804,20.72518639,35.38074015,0.508432892,6.22317844,-23.40374876,1.723061238,-9.14702047,6.519365005,1.498750045,1.993508078,0.678993708,1.104386549,2.501891454,3.505722455,0.22327122,1.150696493,1.267538517,0.121817764,0.233416919,1.099955396,0.208585059,0.298605791,0.121194076,0.472019448,0.098209696,0.242404461,0.283852745,0.634624571,1.098017683,2.793036943,2.28963006,1.064917803,5.323984493,0.487051515,0.082936398,0.012720264,0.066829131,0.182505547,2.271247094,0.199465366,1.117348451,2.446011388,8.340807175,0.614515861,0.076399269,0.428500249,1.235675137,74.66201628,1.813652217,40.0465039,89.49676134,0.61900141,1.286225408,4.42447167,1.299710508,1.207414633,0.8449657,1.465991579,0.887361605,0.947344395,-4.874140508,0.185484139,1.256934064,0.638166418,0.897658196,-9.328682943,0.319681116,-8.31317057,-5.230094669,0.68520431,1.115290035,1.128324945,1.09511858,1.121590915,0.80349476,1.563459262,0.924131097,0.95526872,-4.194465711,0.361093895,-0.076399269,0.059304629,0.471641936,-14.1742114,2.332689246,-3.461138049,-3.155297921,0.731355819,1.379696137,9.70367727,1.106618791,1.032175148,1.085426722,1.4267142,1.07374348,0.864107034,-2.62434376,1.252862188,3.315369023,0.028816824,0.136276082,2.205361772,2.073542905,4.618130243,-6.874810116,0.803685275,6.550939754,70.05142806,2.053318333,1.72654071,1.110561049,1.755471729,1.016428096,0.92396831,-1.972882647,15.18737093,25.6311479,1.222443147,5.014324863,2.342700705,2.667479858,0.519533833,-3.411855675,6.95990168,2.309239844,0.379378805,3.047431948,1.1450418,3.340058807,0.240892388,0.297001442,0.538279153,0.078757459,0.243787854,1.369564554,0.137198995,0.305460705,0.110256296,0.619486018,0.110533466,0.226489485,0.228636307,0.3635785,2.303392701,2.509228603,1.387774158,0.922653941,5.738476929,0.287053781,0.066382687,0.027135373,0.077535984,0.161738956,1.498178827,0.252357901,0.685464499,2.467509016,3.995032711,0.433123334,0.281681609,0.620911073,1.057063242,47.77380664,2.601768839,20.66876666,87.85437364,0.56224763,0.80699607,1.118647537,0.877031136,0.962081084,0.838011254,1.182526578,0.867578545,0.838678886,-2.501407939,0.004035136,-0.099532246,-0.110892858,-0.29203592,-6.899489699,1.1869379,-5.003921486,-9.347998409,0.552056643,0.87614703,0.989529254,1.010335236,0.981829245,0.845991082,1.120850727,0.895909526,0.836900324,-2.641336078,0.156949557,-0.004000248,-0.030838182,0.296633391,-7.058777136,0.383305788,-3.521942639,-9.201128236,0.838654566,3.995444363,26.95984603,1.074180906,1.177184929,0.918763465,1.149542573,1.038885058,0.890816643,-0.885770614,6.507975856,24.4610379,-0.117298198,1.066869318,-3.43397743,0.52938947,0.088842275,-5.196173506,0.580717516,15.70316011,68.37626786,1.852151759,2.633304207,0.93278671,1.482785785,0.837282071,0.902483879,-2.327510905,34.50787205,52.0785031,0.867031461,9.692038862,-1.775858974,2.015983854,-5.558453678,-4.401320789,1.012739861,2.656004716,1.871947707,3.214943073,1.154080366,3.60304992,0.408376809,0.330842489,0.739524974,0.365801314,0.404704463,1.464176657,0.223415369,0.402235459,0.154151661,0.89095095,0.171906508,0.341668538,0.360745991,0.50241444,2.384937931,2.522869921,1.694198114,0.999203555,6.236724438,0.283501154,0.080230917,0.044792052,0.102439906,0.191260014,1.549253675,0.381190806,0.517595264,2.657233369,4.28125886,0.808052169,0.545789623,0.815140346,1.580663453,52.36745109,5.223986391,13.64474057,90.79954636,0.761907509,1.032942916,1.066103405,1.111067108,1.200565309,0.995770642,1.047397151,1.185475944,0.871855207,-1.710777932,-0.144702252,0.117560294,0.17988453,0.077711339,1.363892192,0.746162863,3.104844834,-4.729894615,0.63926304,1.116499256,0.588062468,1.059608657,1.076179031,1.035972842,1.098675802,1.221835596,0.833384335,-2.959256972,0.419521013,-0.451360917,0.223575424,0.780054205,3.156628229,1.480451758,4.768857161,-7.135712551,1.001605077,3.556444348,18.34838149,1.090010011,1.226326753,0.944886746,1.068658249,1.313399448,0.902048867,-0.75382325,6.078845927,27.16977589,-0.255229932,0.714969245,-1.359612346,0.879037126,5.952123929,-3.453521721,0.766692929,11.02386932,35.97899071,1.656472773,2.259372159,0.985680985,1.283442853,1.070134366,0.900008573,-1.121285193,28.42170425,45.73465804,0.962344842,8.820916533,0.430442259,3.992603471,0.706806498,-3.110277101,19.26779887,2.675030611,0.653026669,3.635675576,0.147720244,4.058299267,0.292733761,0.037184012,0.279332826,0.121244065,0.276236644,0.26215852,0.099269904,0.128030457,0.068103652,0.404193911,0.085469805,0.165671176,0.148277266,0.205815717,2.965269865,1.352136352,0.924130396,0.676715226,6.019797273,0.131905646,0.043191399,0.038654817,0.072347762,0.118925927,0.917775747,0.25638617,0.241714445,2.186036615,1.201711023,0.432749122,0.494332651,0.537607563,0.83387427,26.68231221,2.816198133,3.491952531,79.87383699,0.562183796,0.785504943,0.728341831,0.764308042,0.872456492,1.054060796,0.757127384,1.084243264,0.733320713,-0.700506204,-0.114676833,-0.156983253,-0.103872623,-0.043512824,2.09841068,-0.917402952,0.469493252,-17.93648759,0.520538468,0.733224044,0.493501033,0.738384044,0.829762005,1.021499861,0.728192102,1.107464631,0.68348143,-0.723058908,-0.059400472,-0.331590932,-0.164258913,-0.020165673,1.34755568,-1.102623559,1.007377356,-22.98124652,0.815449155,5.193575521,19.75176039,0.756640142,1.073060199,0.858676826,0.820414228,1.235544954,0.819163189,-0.220382322,5.159956045,25.45442983,-0.138128623,0.390615526,-4.424387765,-0.566958011,1.701273696,-11.38056734,0.713411376,31.48802668,60.52315971,1.544616606,3.605653577,1.191198469,1.089185706,1.152858793,0.865405782,-0.352016254,45.28577917,67.68748553,0.435829163,9.82443294,8.658390642,0.500086309,1.309235392,-7.740525652,3.581399267,2.796494393,3.084726868,3.700696345,0.25274637,4.38763627,0.401214457,0.072152394,0.39840916,0.315741102,0.397188093,0.297678919,0.216179245,0.18593404,0.115400426,0.553929355,0.123573957,0.229524268,0.223148502,0.352977594,2.749416956,1.325442145,1.349179314,0.676871957,6.377963615,0.151238959,0.0460392,0.035596479,0.079839887,0.127599365,1.249832821,0.318548773,0.182748988,2.379845553,1.505943097,0.457161297,0.451782929,0.623890712,0.962727908,41.13376002,3.963857366,2.232022804,83.35932878,0.746462721,1.069526858,0.769835799,0.92490188,1.02132607,1.003430919,0.908631534,1.373701876,0.762142956,-0.708397085,0.094985942,-0.145034463,0.112305607,0.202916263,-0.704312164,-0.221526077,2.00110603,-14.34092387,0.678007292,1.012749185,0.655481435,0.900379767,0.875644135,0.993216355,0.87251387,1.394294603,0.715198036,-0.656686197,0.250552786,-0.239468704,0.225366189,0.028071809,-0.65251444,-0.849915398,2.085033105,-17.61269042,0.967710661,4.071626686,19.53727842,1.003596247,1.178653183,0.89142976,0.895637681,1.443163336,0.828010164,0.109752229,3.178153186,22.74498568,0.126253547,0.479857204,-3.972767519,-0.732466714,1.92262232,-10.36452209,0.718915031,22.33728933,53.69606054,1.543704985,3.072399003,0.993396839,1.042667215,1.303426104,0.840906733,-0.371191324,35.19295691,57.75152676,0.652705033,8.304411572,0.89933691,0.764275022,1.881452373,-8.418430434,0.054933415,2.257643833,2.683923601,2.750793414,0.485694427,3.858231481,0.278928887,0.175008223,0.240351848,5.344001563,5.067541529,0.275343595,0.531693793,0.241678933,0.662198758,0.377125153,0.080293921,0.182833788,0.330720757,1.999994989,1.235381723,1.867283753,1.426157492,0.592687644,5.393726722,0.163564723,0.584437365,0.024916467,0.056493371,0.155412317,1.439374395,0.2906829,0.665685041,1.481799587,2.5,15.5,0,0.5,1,50,3.5,15.5,51,0.631022952,0.881042693,1.56652073,0.66602022,1.297288302,0.889986256,0.684462056,1.110825174,1.027324204,0.357142857,-1.214285714,0,-0.5,-1,-7.142857143,-3.5,4.5,11.85714286,0.812966696,1.625412731,0.23394114,0.868598719,0.893016624,0.879613959,0.854191298,1.516678967,0.929586393,-2.5,6.121621622,0,-0.5,1.702702703,-9.459459459,-0.797297297,16.93243243,3.054054054,0.778092284,2.312199914,26.24489719,0.309502552,2.219206225,0.82872079,1.000738419,1.802419254,0.97208902,1.5,16.5,24,-0.5,11,-22,-3.5,12.5,1,0.485003366,1.341460042,47.83102528,1.076219975,1.974196373,0.725901476,0.30991986,0.942840576,0.959633569,-2.5,8.824324324,35.13513514,-0.5,9.810810811,-17.56756757,-3.5,-7.391891892,3.054054054,7.737490092,2.256533627,2.022077176,1.836209222,0.17166238,1.512514217,0.170078877,0.022711894,0.179904647,0.847704727,0.899604352,0.273143134,0.173887099,0.159384018,0.10798434,0.316743923,0.067898367,0.163977564,0.299468319,0.477313991,1.346336136,1.604839906,0.872945507,0.586314996,6.034220145,0.121193109,0.046385696,0.028100998,0.069684564,0.106915138,1.375948295,0.426919194,0.236147986,1.746858115,1.091982107,0.520617975,0.374017968,0.560087208,0.717964139,46.92515882,5.939179792,3.557869413,63.30301094,0.646333707,0.878876663,0.76499516,0.85325786,0.834937377,0.980305443,0.807883365,1.106345386,0.693251339,-0.604825331,0.128924392,-0.137820743,-0.043405779,-0.24556969,-2.785802454,-1.466194849,1.077501121,-19.68033601,0.545361628,0.85193517,0.45994843,0.825349204,0.783476213,0.936234209,0.810180806,1.044704614,0.655823737,-0.654931494,0.057416707,-0.289427527,-0.066642967,-0.238618305,-4.601741363,-1.554575252,0.431979734,-21.74090746,0.843104789,6.318622853,32.2379724,1.02246345,2.928323448,0.900988824,0.848630519,1.249971322,0.776787096,-0.022162287,7.711364007,29.24309915,0.149372251,7.209963789,-4.076059718,-0.984224837,2.00519365,-13.22418211,0.708433464,19.99716181,59.12527515,1.558835278,4.049120427,1.039922149,0.977991059,1.080368647,0.805630604,-0.372393301,29.41656078,49.27760967,0.410786578,10.34999703,2.33811931,0.994001248,0.759663425,-11.49261688,13.40623677,1.305884058,0.962587646,0.852659583,0.107583818,3.290536428,0.159433043,0.026589598,0.10877058,0.08392946,0.222266259,0.229650668,0.053814338,0.104709264,0.043546241,0.285291008,0.039273574,0.127897639,0.192870091,0.405138148,1.276921021,1.085011956,1.153962569,0.404194558,5.41147676,0.140885969,0.047361474,0.023819616,0.061847132,0.137966346,0.997839668,0.25530826,0.281436683,1.910595343,1.637902145,0.494302949,0.263907507,0.552949062,1.089142091,29.41521448,2.56786193,4.779658177,69.80981903,0.339338791,0.551550024,0.538233389,0.533658427,0.498385905,0.859115397,0.6925658,0.703707434,0.679987378,-1.296931059,-0.248803767,-0.154796759,-0.30744988,-0.625421415,-3.992410331,-0.917561876,-1.956417588,-22.22389432,0.301217375,0.526272374,0.481168676,0.521155128,0.432226425,0.801277021,0.644083328,0.647060515,0.614437952,-1.319535694,-0.186914652,-0.187060432,-0.311429685,-0.660994106,-6.942934315,-0.932117063,-2.111966883,-27.77446938,0.509510889,3.703737092,20.59422969,0.63379438,0.798879461,0.934438981,0.690995238,0.855778964,0.709862338,-0.971172874,4.229145262,15.82210996,-0.120983619,0.263097556,-1.703692269,-0.840000159,-0.178287156,-20.12440256,0.505902967,22.88361832,79.33946993,1.497423054,2.950537754,1.182479947,1.103752387,0.827518987,0.843417434,-1.018351892,35.6805479,55.63329304,0.46816154,9.580890034,8.985428019,0.885557069,-0.695215772,-10.17237066,18.14357621,0.967013613,0.397318041,2.935971925,0.294581497,3.262799403,0.170145672,0.037115369,0.117452281,0.103084256,0.251889696,0.26769419,0.055609858,0.11843404,0.055691282,0.383450256,0.055312289,0.114261143,0.123336887,0.216488309,2.084641868,1.348266494,0.855183863,0.498914118,5.686136543,0.13702728,0.04135157,0.020616202,0.060511811,0.106770132,0.833281301,0.218972602,0.306926361,1.869590831,1.553690835,0.360561164,0.255670644,0.498229972,0.734233644,23.27258424,2.084699095,5.814868231,69.62108299,0.357622451,0.599981495,0.770702146,0.538681282,0.553128057,0.823872339,0.673580942,0.628654738,0.706867076,-1.178983575,-0.063917917,-0.083929816,-0.185973923,-0.390751989,-4.64651086,-0.617095661,-3.113853399,-21.23700805,0.302176519,0.541634578,0.599498693,0.606779781,0.517950654,0.783551937,0.656699244,0.62640247,0.649901194,-1.258531449,-0.089014529,-0.137606889,-0.16765146,-0.25017225,-5.858180462,-0.644321291,-2.804242493,-25.6777536,0.524732883,3.848200268,24.92045433,0.677680378,0.857088814,0.877016216,0.736758064,0.89271922,0.764182104,-0.898221765,3.643945186,16.67386643,-0.139770325,0.156794623,-3.065701815,-0.486993237,-0.458456924,-17.24500762,0.496976897,27.42831541,97.41436914,1.434783438,3.379332378,1.251014649,1.113370528,0.883304166,0.871286033,-1.074718873,37.50158837,58.54105833,0.366256009,8.494738319,8.690032582,0.78913268,-0.838232717,-9.410802621,22.99055785,0.82109795,0.294565537,1.575223792,0.087538539,0.97204004,0.087627766,0.016186124,0.083061161,0.103316507,0.187835502,0.268860332,0.035929859,0.108358479,0.045139551,0.358860214,0.042376564,0.092042292,0.12922801,0.207985075,1.227570243,1.366390641,0.586996329,0.377194011,5.505772858,0.092619273,0.037170033,0.024841254,0.061792594,0.090808621,0.735755277,0.263321797,0.26868316,1.650428631,0.895902265,0.335963349,0.264698397,0.529396793,0.656655638,19.65385594,2.779333164,4.917281751,61.49656401,0.329070769,0.537014488,0.552417475,0.510490504,0.473821872,0.918832533,0.570580184,0.628837246,0.606727268,-0.71071708,-0.071413085,-0.061876527,-0.203118133,-0.400923715,-1.338159294,-1.403671788,-2.201232368,-26.24083209,0.287384308,0.520543539,0.357465971,0.447896497,0.407257488,0.849366247,0.526847208,0.549191244,0.52687241,-0.725482302,-0.116851968,-0.191661269,-0.218989002,-0.431457829,-2.812711695,-1.446405592,-2.768772926,-31.8739225,0.525042464,4.711791755,20.58974433,0.575179198,0.916947892,0.922198818,0.60931099,0.755187356,0.621583425,-0.496143216,4.521382908,16.27875486,-0.167970803,0.54262151,-0.416136212,-1.19672542,-1.20992728,-25.47991651,0.526273365,24.87878258,69.75912747,1.224037483,3.04096266,1.355389994,0.924789579,0.847006768,0.748374464,-0.537662757,29.52220305,49.98387596,0.238259297,5.689301374,10.80381331,0.079271896,-0.603785626,-17.01637685,100,1.694260893,0.856446123,2.207962845,0.424592075,2.687627474,0.186832251,0.095596634,0.237589527,0.217201592,0.3272742,0.398285615,0.097042026,0.146595168,0.070422929,0.383334259,0.065541541,0.146093499,0.184322377,0.31352372,1.775084564,1.508310556,0.997712715,0.564073841,5.661681657,0.212392359,0.054058325,0.027128402,0.068795608,0.132531621,1.346124122,0.276953369,0.456655756,2.062514317,2.763490026,0.494664386,0.318068872,0.539305632,0.924992861,43.1848246,3.186597123,12.09974692,74.99597901,0.329875339,0.623355312,0.790935611,0.684073222,0.638407113,0.711175429,0.7627616,0.572273909,0.671469235,-2.223047225,-0.104902663,-0.052870174,-0.13347126,-0.360441087,-14.20985775,-0.864099433,-7.191561927,-23.75436692,0.275483652,0.565778265,0.510748347,0.636043333,0.549181768,0.650436289,0.707283064,0.527913605,0.602613339,-2.319708055,-0.108472442,-0.204582643,-0.161582809,-0.372806133,-17.1812337,-1.072704376,-7.536584215,-29.66077117,0.516724245,3.384646292,19.80523483,0.728105855,1.007446852,0.818263982,0.755749093,0.813205106,0.689469536,-1.572447254,4.221913806,17.41455667,-0.104867899,1.00190933,-9.124174166,-0.865528113,-3.11689257,-22.67063884,0.427979291,19.25960539,68.31384792,1.450403655,2.804976975,0.898815268,1.075830887,0.672107397,0.791840364,-1.90391381,33.92472664,53.9031772,0.446678852,8.282269294,-4.289000816,0.747860191,-5.622903338,-14.35793328UPN9,15.62426527,0.445685007,0.044460701,0.163128513,2.858252386,0.43362043,0.034161814,0.096731281,0.096313435,0.025317377,0.049194732,0.190999143,0.04392925,0.038285653,0.022070876,0.032449862,0.012659996,0.052907433,0.088688773,0.18607062,0.04265883,0.904324789,1.380707083,0.334049865,2.079358529,0.287674448,0.053587185,0.0119139,0.03884163,0.119645511,1.218457096,0.107814458,0.907486816,1.145141954,3.27745606,0.422635375,0.087371736,0.284466118,0.93873819,42.52362085,0.804632734,29.77141116,40.99766331,0.150286963,0.295566573,0.287902798,0.398929532,0.244424053,0.716561866,0.467396756,0.356947882,0.228634141,-3.001771443,-0.27560358,-0.087371736,-0.155813297,-0.663053573,-13.8524207,-0.2532635,-22.19927368,-35.39207611,0.132167366,0.279571074,0.30102875,0.318855679,0.223716365,0.713761151,0.441825709,0.370478455,0.228177221,-3.046197629,-0.21064848,-0.087371736,-0.22665151,-0.765294366,-14.04029073,-0.438473551,-21.87008142,-35.83289168,0.199096568,1.624610767,4.181490434,0.663827253,0.330622773,1.117909178,0.910103335,0.535463758,0.260809661,-2.813375867,1.507938228,0.989294312,-0.02458121,-0.641726866,3.884398458,0.234906899,-16.20170631,-34.76042552,0.172592957,4.205137565,16.89652257,0.517425528,0.674394034,1.228760126,0.833607405,0.449599088,0.253110697,-2.810489613,4.921536192,5.585405849,-0.163400743,0.565931475,6.905642383,-0.199305857,-19.65380479,-34.61578853,23.26255726,0.601996063,0.081388341,0.308400258,2.331970171,2.605658128,0.02753144,0.242310041,0.186726306,0.034406346,0.087144711,0.172963653,0.074429427,0.067224618,0.034777522,0.088824872,0.021937466,0.072352252,0.180414786,0.254361078,0.10699517,1.495502109,1.796294184,0.581025865,3.046607201,0.37328353,0.059125977,0.012201988,0.049679451,0.154887055,1.347512741,0.126881115,0.848311112,1.713753216,5.435181785,0.431992578,0.070549123,0.349846338,1.073699673,48.66439879,0.895877225,26.76034559,67.90594739,0.225820456,0.444091933,0.589915503,0.500021159,0.368415901,0.982648415,0.765118077,0.623617189,0.424831308,-4.609082653,-0.137957294,0.027462638,-0.111817775,-0.681652628,-2.780892765,-0.013771372,-13.27672756,-45.32123722,0.221436966,0.3842181,0.477514149,0.454142215,0.379952481,0.997547728,0.786525156,0.632478295,0.429328411,-4.825797263,-0.233942608,-0.040079897,-0.182265595,-0.784242026,-2.716805855,-0.073208121,-12.62262469,-44.7950394,0.261553722,1.152128955,5.309047145,0.882803109,0.475027286,1.18667147,1.164130075,0.803520081,0.418817356,-4.441392965,0.872355248,1.264854603,-0.070343233,-0.42152576,4.938085686,0.408470601,-6.232395284,-45.66992254,0.212212598,2.513631167,18.99045848,0.969115436,0.718166308,1.4032509,1.263427878,0.69870315,0.436465482,-4.66107011,3.260900823,6.147724988,0.081625743,0.4110719,12.23661644,0.601584704,-10.31364509,-44.17498292,0.415624667,0.899514174,0.131232893,0.465609361,2.595033903,2.748717298,1.18143248,0.296767197,0.23224759,0.470613421,0.233712118,0.217972793,0.149685127,0.114629704,0.06657171,0.172021471,0.060658002,0.114645182,0.276385655,0.459059575,0.160653034,1.697302567,2.221373742,0.832016683,3.303454001,0.3523545,0.066276358,0.014617921,0.050200662,0.172194876,1.251156211,0.130622703,0.741011707,1.737261749,4.948979592,0.714285714,0.153061224,0.382653061,1.224489796,44.31122449,0.994897959,21.83673469,69.61734694,0.334936777,0.747709834,0.023775453,1.525151437,0.635261049,1.135059195,1.236998959,0.903657826,0.533237666,-4.239759734,-0.005065856,-0.153061224,1.035786655,0.903169779,0.369626574,-0.285678101,-0.560138949,-36.28401361,0.315783534,1.01660174,0.276634934,2.06028897,0.956033341,1.100350326,1.057566969,0.88537416,0.588192141,-4.948979592,0.147783251,-0.153061224,0.479415904,0.499648135,7.412913441,-0.132828994,-0.285010556,-32.54838142,0.328672149,1.511749012,5.798139245,0.909141894,0.526358972,1.256432204,1.712798991,1.006260012,0.559586179,-4.948979592,0.170670038,2.501806032,-0.382653061,-0.339534044,7.901164891,1.659969297,0.287159111,-38.64389561,0.407324954,2.146615114,15.39325261,1.694981831,1.058035217,1.408259694,1.442115546,0.914332293,0.546053494,-4.219052585,2.205422315,6.416281841,0.347273946,0.965291226,8.973447043,1.92481007,-1.398778489,-37.50055862,0.800347071,0.619576985,0.074831266,0.468612262,2.19858064,3.166831258,0.098833252,0.776725129,1.681823551,0.075587607,0.146843358,0.217794789,0.116128067,0.119176243,0.059764682,0.177306258,0.041977811,0.098811685,0.137662934,0.297180067,0.217807202,2.263380839,2.20547417,0.906609692,3.32774404,0.448427829,0.073894894,0.011795992,0.059237898,0.167700038,1.413436952,0.126949037,0.962682642,2.140122398,7.047345946,0.520524889,0.074805972,0.383380607,1.165726397,51.42598884,1.016114453,32.16968488,84.10373095,0.365673214,0.58190267,1.124944099,1.047598646,0.675353826,1.052749591,1.106459017,0.857070494,0.685103301,-4.570565761,-0.365726127,-0.074805972,0.390613201,-0.856128874,-0.651995033,0.377074401,-3.996310267,-27.75698172,0.427909452,0.727887675,1.204897116,0.75120475,0.683756078,1.085188075,1.032695791,0.837401752,0.687945318,-4.344643244,0.200195832,-0.074805972,-0.023020246,-0.264825496,2.267704852,0.064966628,-4.962477673,-26.08571293,0.369169967,0.925884556,4.122697943,1.153158837,0.581249577,1.201998053,1.509409185,1.043824654,0.594854541,-5.778080307,0.295431594,1.194459667,-0.020733281,-0.893740903,4.784346607,1.069107668,3.097767523,-36.14362215,0.319394458,1.880273459,18.45555736,1.298650969,0.799494982,1.378141495,1.65879526,0.857241575,0.645137284,-5.946244845,1.581577214,5.330599433,0.017019794,0.135574904,9.234671819,0.885787449,-4.141656852,-31.9515788,2.901522242,0.895452592,0.292953923,0.527211309,2.702087681,2.325636413,0.121223698,0.25448401,0.274707119,0.071921893,0.15430087,1.636757287,0.113757868,0.106431595,0.059883552,0.127376774,0.053189834,0.165058934,0.2094397,0.329440986,0.136995985,1.889682367,1.980340772,0.722153254,3.259148042,0.442807982,0.06187344,0.01415642,0.049583174,0.152853247,1.613546817,0.157554628,0.978752121,1.645675826,6.725305696,0.475021592,0.07954907,0.336378926,1.077321696,59.87544888,1.184144734,33.12877858,64.78021728,0.38430275,0.810797462,0.772146613,0.797316363,0.636445928,0.984758844,0.973066869,0.767752619,0.605158207,-5.228707056,-0.066858327,0.056505351,-0.200324505,-0.669158431,-3.684972694,-0.09570936,-9.591363615,-29.2700132,0.35541532,0.615300487,0.556391392,1.108743133,0.459825997,0.945406331,0.996283607,0.722061289,0.61008319,-5.399827051,-0.327746187,-0.07954907,0.989099719,-0.930046291,-7.150853891,-0.300492304,-12.21567107,-29.28684468,0.451682708,1.912141954,6.288806862,1.826061434,0.914199226,1.130600399,1.483081654,1.016934106,0.608106976,-3.513015193,1.340620866,1.875758192,0.641274705,0.877985566,0.180417038,1.469486551,1.647757732,-29.72435136,0.341143412,2.970663452,20.08784319,1.643538331,1.149808359,1.24127122,1.72569938,0.839842066,0.632975394,-5.63174555,3.534698943,7.818385316,0.757181219,1.352811961,3.915559621,1.975029021,-5.182241521,-26.50561218,6.101835901,1.468614638,0.194719199,0.854372689,2.53172954,3.378855837,0.1331292,1.588411188,1.514565153,0.083988404,0.181061977,0.804789334,0.197539166,0.21697571,0.090271913,0.330717906,0.057861673,0.152461065,0.194631395,0.488015806,0.371140718,2.714368798,2.398022788,1.17202376,3.77815375,0.545452743,0.094197307,0.014062673,0.073478328,0.198022754,1.640717413,0.160486305,1.229787044,2.493128751,10.060261,0.615760689,0.084705773,0.502046089,1.342141702,60.01384688,1.274454441,45.91517046,90.86763466,0.562750727,0.819497191,1.21953129,1.007326649,0.80313572,1.098976325,1.312770882,0.956033584,0.75189657,-5.609999222,0.169579625,0.089814297,0.19603419,-0.120501214,2.987898321,0.907046432,-0.627212341,-17.30742523,0.520848501,0.899271396,1.042351924,0.790393417,0.801528027,1.079961478,1.316043399,0.947950951,0.774158998,-6.471512214,0.063191785,0.109280648,0.079913174,-0.566196019,1.285862141,0.180443716,-2.171232532,-13.66103912,0.565373834,1.250340749,5.063135085,1.826708954,0.858479768,1.227768243,1.878633002,1.123576512,0.742441846,-5.348219117,0.693139835,1.289639777,0.806854434,-0.491356362,4.056833748,2.521357078,7.487970905,-18.15821058,0.529553316,1.975417588,19.36360684,1.709577625,1.203774924,1.362357166,1.876762302,0.987045857,0.76236507,-6.139912527,2.557854744,7.507080163,1.05364775,1.146968441,9.494553867,2.770349542,0.44450596,-16.0076471,2.257000433,1.959710551,0.113301245,2.500546909,2.507304708,3.73438648,0.172794063,1.135525248,1.181127151,0.051309891,0.173073741,0.829353622,0.217014623,0.202101233,0.104370841,0.253172012,0.103371593,0.142277387,0.194751382,0.601812817,0.65896047,2.639633763,2.481081738,1.317137211,3.904805581,0.461936749,0.088352796,0.014458661,0.075048843,0.191240432,1.486818259,0.149129698,1.176206888,2.528574525,7.767797925,0.563193453,0.08206212,0.494620997,1.346718077,54.11266117,1.166855897,43.11521297,90.01764898,0.649789991,0.776236722,1.418800512,1.11151143,0.867999632,1.178868656,1.383909961,0.904606852,0.760669352,-2.708274115,-0.265574405,0.215556928,0.100617099,-0.453860934,9.280195969,0.321239341,-3.829498682,-15.31526802,0.500823293,0.596283144,1.300877858,1.258286047,0.882359959,1.264565968,1.402657352,0.966826658,0.730290451,-6.54080406,-0.256444987,0.838183279,1.039121335,-0.119724212,11.83825907,0.060137968,-0.783924625,-20.99924407,0.534410412,0.781933651,4.985145429,1.944580744,0.902197726,1.238207472,2.079762434,1.027182435,0.701343296,-4.716154732,-0.093709885,1.0916468,1.383313276,0.296474411,6.685460892,2.354270864,1.016242431,-21.23830625,0.498798451,2.102222644,20.56043114,1.790829299,1.133416759,1.392385941,1.787538362,0.990862777,0.733939569,-4.415842618,2.230102636,7.92538667,0.808917178,0.701699055,10.31936862,1.812659932,-1.774430845,-17.20573091,0.161982438,2.09442729,1.041298321,3.032739879,2.621452761,3.71633698,0.327941178,1.181663203,1.462398666,0.823027564,0.430068412,0.759363126,0.324635726,0.258959562,0.164060299,0.44665186,0.184256392,0.21231548,0.41541441,1.018240826,0.784891178,2.49984494,2.704252221,1.294861715,4.49780601,0.548598185,0.115287499,0.020589384,0.108059209,0.221948822,1.611296635,0.206633383,1.019026982,2.660363604,11.09497129,0.982223144,0.145258352,0.97530608,1.881441516,58.39385765,1.964446289,35.34619907,90.48211939,0.563109572,1.149178766,1.460099379,1.222640092,0.962173021,1.022472403,0.821924785,0.826733444,0.799185408,-8.317193516,1.795554633,-0.145258352,-0.97530608,0.896336262,-2.838302091,0.813331489,-7.568421295,-15.48211939,0.519636792,0.951167024,1.317657936,0.74642809,0.567727528,1.201100991,1.311347246,1.106133238,0.615195435,-8.594971294,1.517776856,-0.145258352,-0.97530608,-1.881441516,9.106142353,3.035553711,9.653800927,-25.48211939,0.629728529,1.956446936,6.615625106,1.297582313,0.933237473,1.15034078,1.410822385,1.158137682,0.641842462,-3.848594483,1.91632758,4.202567735,0.473969282,2.466384571,-0.422843154,-0.515170927,9.581337159,-26.71400345,0.474886872,1.753668703,17.50139589,2.856623088,0.910513729,1.12756542,1.361130322,0.929038491,0.663228091,-8.463392347,2.965145277,9.065267963,4.287851815,0.750137431,0.816668669,1.982922132,-5.083041178,-26.00843518,0.168511164,2.192727314,0.2805516,3.160314284,0.645610257,4.268693734,0.188539424,0.462794512,0.585413631,0.441939443,0.478227892,0.144280558,0.146421833,0.126695851,0.100735526,0.264619632,0.099479071,0.123228389,0.164832106,0.528326437,1.372403127,1.755051364,2.022760833,1.077138445,4.30234875,0.344068952,0.082826781,0.021138405,0.069330974,0.172151856,0.966604024,0.128204875,0.697751548,2.405985048,6.202290076,0.858778626,0.381679389,0.52480916,0.90648855,29.96183206,1.240458015,22.13740458,86.78435115,0.671765806,0.380338475,0.313513641,0.337660456,0.763800603,1.617207761,0.789153825,1.080669847,0.609760558,0.615891742,-0.858778626,-0.381679389,-0.52480916,-0.90648855,22.31089521,1.032269257,0.589868147,-32.2388966,0.504868874,0.182363473,0.027726587,0.984897134,0.910165,1.417252741,1.175904613,0.716707616,0.584791424,-2.754014214,-0.858778626,-0.381679389,-0.52480916,2.541787312,18.31403001,-1.240458015,-11.79257699,-35.06021321,0.222989798,0.25699077,8.895207954,1.085715192,0.717497566,0.757231552,1.604981031,0.791559848,0.566489871,-6.202290076,-0.858778626,5.678926671,0.990342355,-0.90648855,-8.749710849,-1.240458015,-2.440434883,-33.75404811,0.26587339,1.569461173,9.836953221,0.916031796,0.82699679,0.923014442,1.574082492,0.631080598,0.595812686,-6.202290076,4.191726425,4.668825661,0.48529185,-0.90648855,-4.709306809,0.779744005,-13.04649549,-33.24899761,0.045247093,1.93995243,2.664267861,2.741045523,1.320787036,4.064211666,0.251286257,0.587404146,0.750440001,1.991498639,1.451220383,0.21922422,0.653000845,0.135349568,0.265319527,0.292393219,0.127726872,0.143647317,0.380882851,1.228834323,0.845256419,1.828805143,2.520658336,0.857803254,5.155563449,0.390752853,0.074202706,0.026949625,0.084908917,0.20804529,1.577640163,0.207686896,0.547293324,2.525409955,4.642525534,1.207056639,0.185701021,0.464252553,1.021355617,57.28876509,1.39275766,15.22748375,88.85793872,1.270281204,0.006321696,0.04101308,0.020621132,0.15386077,0.849803815,1.753893077,0.496823868,0.312346535,12.02414113,-1.207056639,-0.185701021,-0.464252553,-1.021355617,9.377901578,-1.39275766,-15.22748375,-72.19127205,0.144914068,0.007485369,0.025135919,1.260827272,0.941637689,0.563696108,0.345989317,1.132662942,0.292038103,-4.642525534,-1.207056639,-0.185701021,-0.464252553,-1.021355617,-14.43162223,-1.39275766,13.34394482,-74.57222443,0.459375099,0.8077106,12.11326211,2.249130923,1.79909125,0.883786219,1.859937427,1.646723842,0.571142451,0.620632361,-1.207056639,10.34061477,4.798905341,9.504960172,0.605971754,3.870400235,5.825147828,-36.22635977,0.362679304,3.09017209,14.38250641,1.087479077,1.048502663,0.913651418,0.878542352,0.970960258,0.750714846,-4.642525534,8.316752885,9.338108502,-0.464252553,3.740549144,-14.43162223,3.369147102,3.820135296,-17.42936729,0.024076217,1.752274747,2.347227317,2.153491123,1.04375049,4.429981148,0.160589285,0.201466044,0.287547548,5.253681387,5.16785665,0.111344431,0.299909408,0.116695428,0.695867571,0.168771084,0.028187083,0.06287364,0.29387471,1.589992097,0.29914039,1.514244125,1.857969252,0.442946662,4.223841538,0.261619644,0.556237397,0.026978028,0.045772299,0.149707596,1.401643529,0.132125623,0.814575923,1.384605151,2.713178295,14.34108527,0,0,1.550387597,50,1.550387597,22.09302326,46.51162791,0.002221368,0.327922386,0.019252861,0.344913461,0.002501601,0.714139852,0.752264554,0.805987756,0.789111453,-2.713178295,-3.22997416,0,0,-1.550387597,-27.77777778,-1.550387597,-10.98191214,-24.28940568,0.309179806,0.218707462,0.039409313,0.008665795,0.390326555,0.6235695,0.714428054,1.080750346,0.742689213,-2.713178295,-14.34108527,0,0,-1.550387597,-21.42857143,-1.550387597,20.7641196,-3.65448505,0.04742363,1.194587668,30.82735007,0.000531823,4.613439744,0.635085565,1.343530069,0.8406369,0.311662919,-2.713178295,-1.841085271,37.5,0,23.4496124,-25,10.9496124,-9.593023256,-34.01162791,0.745489844,0.146172244,0.052350909,1.014285422,0.871199446,0.984756965,1.02340242,0.666806177,0.643694887,6.377730796,-14.34108527,0,0,-1.550387597,-4.545454545,-1.550387597,-3.911205074,-19.23890063,1.035811413,1.508057369,1.87216516,0.371655777,0.348403745,0.90044581,0.118916678,0.039503354,0.113937578,3.166627864,2.817152294,0.053091866,0.369279625,0.053913218,0.213727596,0.064595817,0.024160011,0.100856258,0.103520861,1.117314549,0.092081036,1.019736645,0.588772354,0.198634236,3.343657606,0.172583835,0.061955318,0.023145035,0.071919788,0.114999714,1.426914495,0.178609186,0.545922053,1.22974289,1.673087507,0.880572372,0.154100165,0.682443588,0.847550908,51.27132636,1.783159053,11.13924051,42.88387452,0.2103014,1.046618839,0.773470072,0.40946637,0.358755039,0.634238813,0.402421933,0.568886183,0.303399873,-1.496409062,0.356176745,0.199256725,-0.329086698,-0.494194018,-23.70948891,-1.429802163,-5.838887149,-33.87327381,0.233917835,1.275080538,0.236165694,0.391519013,0.501620907,0.564914188,0.527056174,0.682814547,0.330634127,-1.483693567,0.823973083,-0.154100165,-0.30365571,-0.658156969,-25.32435667,-1.404371175,-3.942270809,-32.65660179,0.275037799,2.421806613,44.47110384,1.333960781,6.756706262,0.608692763,0.730100778,0.733323437,0.461319939,-1.132546966,2.542851051,35.34139533,1.119358213,23.6569536,-23.16321825,-0.341717612,-2.670772038,-27.38837902,0.370738649,1.954392539,11.32955143,0.934780798,1.879206102,0.650184308,0.65594388,0.637100398,0.470636599,-0.977677215,2.596479088,7.634495106,0.291130821,5.550223779,-19.83878116,-0.531420528,-5.158711995,-26.47219163,14.72240103,0.377821387,0.199633109,0.182039982,0.318149847,3.563454754,0.050844696,0.11657924,0.11395744,0.070305795,0.080373329,0.051798048,0.036969065,0.054911408,0.022052031,0.088757016,0.022940302,0.064555774,0.299030812,0.422440979,0.114490521,0.853018567,1.859726465,0.35951405,2.409097426,0.386343253,0.079347669,0.020947059,0.057877797,0.24614553,1.086268108,0.125204493,0.625073932,2.091916467,7.188043986,0.942555089,0.106143591,0.522226468,2.581412134,36.20345604,1.035961449,16.91928841,78.85619666,0.096766183,0.213394165,0.438950846,0.243979265,0.156768078,0.76684568,0.357676334,0.400874248,0.235234913,-6.749097458,-0.703129709,0.073425443,-0.422465893,-2.4018431,-9.347909347,-0.736679725,-12.17068506,-65.14909371,0.100723671,0.255551931,0.234682924,0.296224527,0.126388189,0.76180094,0.397796458,0.387242973,0.232042016,-6.907871572,-0.662382675,-0.019936694,-0.242054054,-2.344343169,-10.01811121,-0.497168345,-12.43652979,-64.95533459,0.111809756,0.671199169,4.424804477,0.567243246,0.307101978,0.882598918,0.527713383,0.53999909,0.251325893,-6.793689482,0.136730922,2.529804935,-0.190138465,-1.12852712,-5.402293727,-0.288763441,-9.094464835,-63.45561551,0.097696613,2.057601944,15.00803398,0.672089153,0.618313629,1.242159824,0.603761407,0.469781568,0.256388089,-6.80812988,3.451234142,8.995276957,-0.175348371,1.300318953,5.570577661,-0.210061217,-10.59289264,-62.9163222,6.504247433,0.441901409,0.121227554,2.85486824,1.272922758,3.278091438,0.14829883,0.288720854,0.296377862,0.249668168,0.223378567,0.127990022,0.087165662,0.076175704,0.05305387,0.106441222,0.074636745,0.086660444,0.20620682,0.559685617,0.379965698,1.282832536,2.371025356,0.880348707,2.61564153,0.310706333,0.074421507,0.013224142,0.06075715,0.179099956,0.906052357,0.095728289,0.670604742,1.715556135,4.917751885,0.899588759,0.094242632,0.419808088,1.465044551,29.7121316,0.839616175,19.30260452,66.41535298,0.279092588,0.514633622,1.103617369,0.732611405,0.384475718,1.177046893,0.989998803,0.678619392,0.491713819,-4.089594535,0.135607928,0.319836043,-0.005729413,-1.258005214,6.312713124,-0.011458826,-9.157676987,-38.98264077,0.212274666,0.505283217,1.167006628,0.632900549,0.404145504,1.26387172,0.99640244,0.707388083,0.449251477,-4.588081555,-0.56991843,0.015647478,-0.200027868,-0.915594002,9.738417854,-0.070385406,-7.874033095,-39.60216617,0.23843338,0.824617464,4.908427819,0.996925712,0.555019615,1.089599714,1.013155218,0.806956201,0.441826512,-4.018650986,0.399112539,1.703959166,0.279492612,-0.066443152,2.355800471,-0.340115676,-3.818089039,-40.14162671,0.206404967,1.958298517,20.30413417,1.014807891,0.905702609,1.413866329,1.254808283,0.70057287,0.516885747,-4.423401602,2.772727625,7.462254543,0.286406602,2.489757709,10.47148422,-0.274644424,-6.096389834,-36.04812134,25.94999465,0.126432027,0.041749671,0.383060859,0.340146738,0.751086104,0.031963128,0.07761953,0.08144557,0.079066574,0.043970898,0.040767137,0.02116273,0.034989183,0.01357948,0.059614406,0.019457322,0.045602236,0.111070989,0.335128272,0.067919908,0.482049815,1.214872372,0.264253839,1.899344617,0.223797891,0.06636835,0.024938649,0.048597122,0.190461875,0.557518687,0.078271113,0.718289118,1.158694608,3.078465063,0.658648339,0.257731959,0.40091638,2.448453608,13.05841924,0.945017182,20.64719359,40.76460481,0.115956853,0.18732488,0.28183956,0.212162844,0.110503759,0.963935562,0.329842638,0.218171272,0.192244571,-2.845222998,-0.526815868,-0.125899487,-0.360352543,-2.235493462,2.660067725,-0.792902792,-17.89899361,-35.78539378,0.115526769,0.179042998,0.126287792,0.220606238,0.094571647,0.934751907,0.341367578,0.221300514,0.194055028,-2.865072115,-0.546871081,-0.227247252,-0.30946226,-2.326514781,2.305873003,-0.68081639,-17.65969232,-35.78543603,0.100783827,0.645992096,3.246415978,0.359500439,0.234350784,1.440355957,0.504482535,0.336310355,0.198503364,-2.872406955,0.258310243,1.988301423,-0.236069894,-1.510889215,12.64732978,-0.594718398,-15.155745,-35.82951312,0.131100124,2.573490623,11.38916017,0.478277829,0.665759863,1.915434923,0.622120978,0.310535505,0.23638797,-2.763566421,4.054990708,7.831226908,-0.066336573,1.359851843,20.32083681,-0.521872132,-15.88435163,-34.0533275,100,0.559895258,0.134532636,0.462757968,1.595934243,2.025055452,0.05649005,0.316098863,0.329305272,0.11706124,0.134534153,0.232148556,0.077955163,0.072094059,0.038671721,0.101207254,0.025987061,0.06976017,0.145110981,0.311795279,0.142080771,1.201273357,1.596387585,0.483152943,2.650952259,0.454598659,0.080746121,0.014235447,0.064568888,0.180154886,1.474556265,0.145542944,1.04944639,2.134543962,7.701837736,0.598368338,0.088031556,0.454932307,1.304621503,53.36820737,1.148719464,36.90784543,78.94768432,0.144605135,0.291707968,0.556664845,0.337276456,0.254512988,0.641674583,0.455992023,0.353851669,0.249277555,-6.988264259,-0.314808573,0.033494058,-0.274201906,-0.980553199,-22.12366045,-0.578483891,-27.34159839,-62.64143978,0.135075629,0.27993222,0.378028279,0.314644711,0.23756586,0.632031732,0.458028553,0.351255067,0.244524771,-7.183226825,-0.352192273,-0.038796343,-0.248144412,-1.048598395,-22.75046957,-0.600567426,-27.33652002,-62.88715784,0.166101216,0.825182194,6.276596372,0.626991888,0.451796491,0.826509835,0.728825443,0.48943615,0.265675326,-6.863263312,0.68139636,2.330692434,-0.070064194,-0.009211759,-13.24805343,-0.072340353,-21.63515229,-61.27817026,0.150529323,2.126139797,18.33942555,0.667088019,0.729938294,1.005736944,0.779972472,0.427531912,0.283955688,-6.98623484,3.686992078,7.235888847,-0.003552019,1.497239065,-6.223738157,-0.050544251,-24.45360273,-59.59613064UPN10,0.003744171,0.761193951,0.000695797,0.829296313,3.18699509,0.885633946,0.001297057,0.217380131,0.095840057,1.579010777,1.045992121,1.207045309,0.001233553,0.231210384,0.897815885,0.022489591,1.643169112,0.873102098,0.000356858,2.130548926,0.003046286,0.000808052,1.655100089,1.431497338,3.29929176,0.965808677,0.440438072,0.000647033,0.000423903,0.452155633,1.329564687,1.276669695,2.289396676,0.00015755,0,0,0,0,0,100,100,100,0,NA,NA,NA,NA,NA,NA,NA,NA,NA,NA,NA,NA,NA,NA,NA,NA,NA,NA,NA,NA,NA,NA,NA,NA,NA,NA,NA,NA,NA,NA,NA,NA,NA,NA,NA,NA,0.001615321,0.379224759,148.2082099,1416.448743,0.00421378,1.046748605,0.639229948,0.049216744,2479.770014,0,0,0,0,0,-50,-50,-100,0,NA,NA,NA,NA,NA,NA,NA,NA,NA,NA,NA,NA,NA,NA,NA,NA,NA,NA,0.016804967,0.799597085,0.149960185,1.1357231,2.974719937,2.268556626,0.171666512,0.301296712,0.132987631,1.026120613,0.992042911,0.590853624,0.267963241,0.084240886,0.929965349,0.161251301,1.66811791,0.993873589,0.304830066,1.681128031,0.168950213,0.470306249,1.789582288,1.568091874,3.148068155,0.211026498,0.372865697,0.219351651,0.485462765,0.060817068,0.884373221,0.202436199,0.649660942,0.003410551,0,0,0,0,0,40,0,20,0,NA,NA,NA,NA,NA,NA,NA,NA,NA,NA,NA,NA,NA,NA,NA,NA,NA,NA,NA,NA,NA,NA,NA,NA,NA,NA,NA,NA,NA,NA,NA,NA,NA,NA,NA,NA,0.396174455,0.344758829,0.644275827,1.341354742,2.944398211,0.963078542,2.516900207,0.38605852,6.519220332,0,0,0,0,0,-15,25,-20,0,NA,NA,NA,NA,NA,NA,NA,NA,NA,NA,NA,NA,NA,NA,NA,NA,NA,NA,0.04063759,0.632046207,0.099672333,1.135292496,2.475505476,2.010694015,1.060350873,0.155044305,0.245546177,1.835202741,1.044125594,0.372521801,0.262053293,0.155941752,0.866471273,0.704040444,1.80881402,0.980188078,0.095056407,1.576243809,0.196543687,0.45086388,1.313699336,1.117764791,2.694487025,0.57659949,0.0657281,0.314292751,0.2414934,0.286027013,1.602502198,0.338483591,0.590113958,0.030297445,22.22222222,0,11.11111111,0,0,44.44444444,0,11.11111111,0,NA,NA,NA,NA,NA,NA,NA,NA,NA,NA,NA,NA,NA,NA,NA,NA,NA,NA,NA,NA,NA,NA,NA,NA,NA,NA,NA,NA,NA,NA,NA,NA,NA,NA,NA,NA,0.391790822,7.155616693,1.430211257,4.097480002,0.264342848,0.817876554,1.679530496,0.996076066,5.476041102,-22.22222222,0,0,22.22222222,0,0,11.11111111,11.11111111,0,NA,NA,NA,NA,NA,NA,NA,NA,NA,NA,NA,NA,NA,NA,NA,NA,NA,NA,0.005979788,1.115579978,0.161099113,0.875384557,2.361362861,3.39604987,0.490504795,0.574820907,1.444244719,1.497028852,1.022941654,0.547832624,0.41726469,0.101733539,0.864086338,0.59501393,1.497660321,0.574632273,0.15235198,2.239378894,0.425116998,0.876860168,1.973698845,1.895803562,3.413851749,0.625377683,0.293453542,0.075557527,0.606955441,0.132983331,1.748869378,0.893812238,0.955624157,0.0001815,33.33333333,0,0,33.33333333,0,66.66666667,33.33333333,33.33333333,0,NA,NA,NA,NA,NA,NA,NA,NA,NA,NA,NA,NA,NA,NA,NA,NA,NA,NA,NA,NA,NA,NA,NA,NA,NA,NA,NA,NA,NA,NA,NA,NA,NA,NA,NA,NA,0.000221077,0.655180267,0.027034876,0.479646326,4.480130451,0.369798973,0.244551234,1.260525042,2293.266221,-33.33333333,0,0,-33.33333333,0,-66.66666667,-33.33333333,-33.33333333,0,NA,NA,NA,NA,NA,NA,NA,NA,NA,NA,NA,NA,NA,NA,NA,NA,NA,NA,0.046804115,1.069226535,0.172828351,1.44330893,2.767414232,2.375343675,0.651435717,0.296305928,0.287546161,1.565440513,1.56140256,1.693233145,0.430212973,0.124232885,0.92410831,0.264648701,1.823990688,0.953642429,0.295336894,1.856646187,0.304595832,1.263362057,1.403958542,1.397687332,3.269217625,0.317989125,0.42245205,0.320016047,0.605907672,0.268628993,1.383218544,0.641433642,0.810577264,0.103873165,5.263157895,0,10.52631579,10.52631579,5.263157895,42.10526316,15.78947368,31.57894737,0,NA,NA,NA,NA,NA,NA,NA,NA,NA,NA,NA,NA,NA,NA,NA,NA,NA,NA,NA,NA,NA,NA,NA,NA,NA,NA,NA,NA,NA,NA,NA,NA,NA,NA,NA,NA,0.480932033,0.754696506,0.433575873,0.826335208,1.601978203,1.030828376,0.783096826,1.950536382,0.005886263,-5.263157895,10,-10.52631579,-0.526315789,-5.263157895,7.894736842,-15.78947368,18.42105263,0,NA,NA,NA,NA,NA,NA,NA,NA,NA,NA,NA,NA,NA,NA,NA,NA,NA,NA,0.16492625,2.393565338,0.231938114,1.614854993,3.727025684,3.836764391,0.427184062,1.100475001,1.094856165,1.228537815,1.847109998,1.554705939,0.784154172,0.34086023,1.363069453,0.403644716,1.184242718,0.61214257,0.640774964,2.042815571,0.635266892,2.37382861,1.899694728,2.322368147,4.306365334,0.49781454,0.465114401,0.217777935,0.340188492,0.543229775,2.143102138,0.760913062,1.367303212,0.051524432,13.79310345,3.448275862,3.448275862,1.724137931,5.172413793,75.86206897,18.96551724,56.89655172,0,NA,NA,NA,NA,NA,NA,NA,NA,NA,NA,NA,NA,NA,NA,NA,NA,NA,NA,NA,NA,NA,NA,NA,NA,NA,NA,NA,NA,NA,NA,NA,NA,NA,NA,NA,NA,1.154786778,0.754116034,0.644965029,0.908818091,0.921186716,0.947116326,1.233231293,1.160567732,0.576953735,3.280067283,1.429772918,-3.448275862,0.714886459,2.144659378,-2.691337258,12.74179983,16.27417998,0,NA,NA,NA,NA,NA,NA,NA,NA,NA,NA,NA,NA,NA,NA,NA,NA,NA,NA,5.36188444,2.723798244,0.135138045,3.705950056,3.367665667,4.865853956,0.523703108,1.157015617,1.128738934,0.30587144,0.842766352,1.5794454,0.752631938,0.21054338,1.4132668,0.219164404,1.376935508,0.764048068,0.32027072,1.687808417,1.069071354,2.56571428,1.92050112,2.75622455,3.872070108,0.582221988,0.25453424,0.133411261,0.406770682,0.697447275,3.025863701,0.890863911,1.55562613,0.069688775,12.41699867,1.593625498,0.398406375,4.050464807,13.54581673,90.30544489,26.95883134,66.79946879,0.531208499,NA,NA,NA,NA,NA,NA,NA,NA,NA,NA,NA,NA,NA,NA,NA,NA,NA,NA,NA,NA,NA,NA,NA,NA,NA,NA,NA,NA,NA,NA,NA,NA,NA,NA,NA,NA,0.631696098,0.911097882,0.917752082,0.803325726,0.843952066,0.726229434,0.744156102,0.875694023,0.790882496,-6.819672022,-0.591119232,0.102846758,-1.961910087,-4.773886909,-8.851810802,-13.17437019,-11.32745542,-0.364124122,NA,NA,NA,NA,NA,NA,NA,NA,NA,NA,NA,NA,NA,NA,NA,NA,NA,NA,78.99517762,2.869113959,0.316481405,3.993671594,3.435745919,4.847151274,0.773111339,1.237198793,1.511202271,1.61082291,1.905189241,1.741449311,0.94300983,0.343885624,1.922228311,0.457498589,1.766910303,0.779016142,0.401898153,2.040115495,1.03716377,2.762722407,2.215015214,2.926757609,4.23657791,0.693392358,0.353822232,0.176546086,0.490960389,0.801491577,2.979745993,1.040518918,1.691875794,0.082058162,19.60642212,2.737205932,0.908685472,6.23815364,18.20158323,88.24283644,38.23168692,73.59237373,0.479429145,NA,NA,NA,NA,NA,NA,NA,NA,NA,NA,NA,NA,NA,NA,NA,NA,NA,NA,NA,NA,NA,NA,NA,NA,NA,NA,NA,NA,NA,NA,NA,NA,NA,NA,NA,NA,0.679149236,0.93809913,1.018013462,0.894206371,0.887420352,0.750812489,0.805117919,0.904073079,0.922033858,-10.15280697,-0.349437155,0.29738141,-0.890038881,-4.806931346,-6.10846353,-14.22608297,-7.319607697,-0.004311888,NA,NA,NA,NA,NA,NA,NA,NA,NA,NA,NA,NA,NA,NA,NA,NA,NA,NA,6.071107297,2.442407592,0.283429808,3.993122581,2.281711672,4.949209454,0.693473231,0.937656821,1.240677887,2.04199334,2.979623854,0.875541797,0.572971535,0.23738614,1.793749366,0.565764279,1.739644669,0.746167631,0.307985557,2.403910046,1.066710566,2.243660016,2.172999164,2.660174778,4.826755376,0.407808943,0.244020252,0.139868803,0.357589455,0.657238465,2.178722338,0.955120827,1.21798025,0.069141585,9.698996656,1.672240803,0.780379041,4.124860647,13.37792642,67.33556299,33.22185061,48.16053512,0.11148272,NA,NA,NA,NA,NA,NA,NA,NA,NA,NA,NA,NA,NA,NA,NA,NA,NA,NA,NA,NA,NA,NA,NA,NA,NA,NA,NA,NA,NA,NA,NA,NA,NA,NA,NA,NA,0.565489012,1.020427914,1.158009272,0.980889622,0.905949686,0.736957923,0.854490757,0.940642857,0.890224752,-6.543178115,0.201526456,0.896149558,0.214389846,-5.192522082,-6.881914073,-11.62421748,-5.261126833,-0.012863391,NA,NA,NA,NA,NA,NA,NA,NA,NA,NA,NA,NA,NA,NA,NA,NA,NA,NA,0.094864088,2.703897994,1.924684497,4.389028618,3.024823751,4.950883585,0.783002714,1.343259582,1.554110481,2.980613504,3.662695741,1.101547138,1.531404795,0.362269919,1.704576871,0.80313908,1.984063111,0.816706285,0.555535215,2.374394043,1.885715072,2.358842745,2.994631208,2.815501493,4.347122793,0.628989731,0.408774855,0.298484247,0.783440663,0.810096494,2.917097579,0.963552937,1.384083759,0.096361002,17.85714286,10.71428571,7.142857143,21.42857143,21.42857143,89.28571429,32.14285714,60.71428571,0,NA,NA,NA,NA,NA,NA,NA,NA,NA,NA,NA,NA,NA,NA,NA,NA,NA,NA,NA,NA,NA,NA,NA,NA,NA,NA,NA,NA,NA,NA,NA,NA,NA,NA,NA,NA,0.611703005,0.656369817,0.434426365,0.883393067,0.902287557,0.569018834,0.561625619,1.017929386,1.380415147,-11.60714286,-10.71428571,-7.142857143,-2.678571429,-2.678571429,-26.78571429,-22.76785714,-1.339285714,3.125,NA,NA,NA,NA,NA,NA,NA,NA,NA,NA,NA,NA,NA,NA,NA,NA,NA,NA,0.004998954,2.153452636,1.723217401,4.071214514,3.060027994,5.258888733,1.12422173,0.946170281,1.067957383,4.260716251,4.985350579,1.146991487,1.211463588,0.259258209,1.979274624,1.216123318,1.603248319,0.817129894,0.546669413,2.272582267,1.831126876,2.300622205,2.710106172,2.718747091,4.782826852,NA,NA,NA,NA,NA,NA,NA,NA,NA,NA,NA,NA,NA,NA,NA,NA,NA,NA,NA,NA,NA,NA,NA,NA,NA,NA,NA,NA,NA,NA,NA,NA,NA,NA,NA,NA,NA,NA,NA,NA,NA,NA,NA,NA,NA,NA,NA,NA,NA,NA,NA,NA,NA,NA,NA,NA,NA,NA,NA,NA,NA,NA,NA,NA,NA,NA,NA,NA,NA,NA,NA,NA,NA,NA,NA,NA,NA,NA,NA,NA,NA,NA,NA,NA,NA,NA,NA,NA,NA,NA,1.172636699,0.697775539,0.121070894,1.394905475,1.181943638,1.331028153,1.469936582,0.170533529,0.204514572,4.464333951,4.054008869,0.542717127,0.290306779,0.159616758,0.367238696,0.449145482,2.462500179,0.94081796,0.317635527,0.775172119,0.136894717,0.372009426,0.684157479,0.846778659,1.592096067,0.012410982,0.029637478,0.155139241,0.224462545,0.074530244,0.768161522,0.211960478,0.264268771,0.185197557,0,0,0,0,0,22.22222222,0,0,11.11111111,NA,NA,NA,NA,NA,NA,NA,NA,NA,NA,NA,NA,NA,NA,NA,NA,NA,NA,NA,NA,NA,NA,NA,NA,NA,NA,NA,NA,NA,NA,NA,NA,NA,NA,NA,NA,8.785832143,9.076479425,0.871579712,1.383888511,1.218529973,1.224295845,0.881034336,4.059200371,0.95376346,0,9.090909091,0,0,0,14.14141414,0,27.27272727,-2.02020202,NA,NA,NA,NA,NA,NA,NA,NA,NA,NA,NA,NA,NA,NA,NA,NA,NA,NA,0.251365619,0.592158046,0.237146356,0.483420057,0.483324989,2.790056193,0.802750141,0.123849426,0.169500458,2.520161411,2.025229765,0.174592658,0.103268099,0.033115282,0.869568183,0.54337087,1.077371031,0.45017433,0.099300081,1.965265289,0.029142894,0.185740785,1.586869728,1.919934698,1.457896196,0.276240711,0.266160289,0.063242841,0.088189658,0.497025764,1.472198654,0.484551532,0.729753532,0.069230409,11.11111111,0,0,0,11.11111111,44.44444444,11.11111111,22.22222222,0,NA,NA,NA,NA,NA,NA,NA,NA,NA,NA,NA,NA,NA,NA,NA,NA,NA,NA,NA,NA,NA,NA,NA,NA,NA,NA,NA,NA,NA,NA,NA,NA,NA,NA,NA,NA,0.899652738,0.075694507,2.079558153,3.781086056,0.507590051,0.564991266,0.125150169,0.508204471,3.764715959,-11.11111111,0,0,16.66666667,5.555555556,-27.77777778,-11.11111111,-5.555555556,0,NA,NA,NA,NA,NA,NA,NA,NA,NA,NA,NA,NA,NA,NA,NA,NA,NA,NA,6.729566472,1.322052443,0.197841159,3.233943564,2.653184281,3.596518666,0.914756341,0.575572907,0.797027704,2.46955529,2.668411213,0.830088034,0.511740732,0.289654739,1.461353396,0.58944846,2.077487362,0.954496058,0.264860703,1.988764274,0.692405846,1.871349414,1.645993868,1.898894752,3.702075529,0.278409493,0.358323368,0.320515153,0.650442583,0.435109274,1.697697724,0.673897755,0.991562347,0.095390307,4.482758621,3.620689655,5.862068966,19.31034483,4.310344828,62.4137931,20.17241379,35.51724138,0.344827586,NA,NA,NA,NA,NA,NA,NA,NA,NA,NA,NA,NA,NA,NA,NA,NA,NA,NA,NA,NA,NA,NA,NA,NA,NA,NA,NA,NA,NA,NA,NA,NA,NA,NA,NA,NA,0.838353551,1.012620398,1.032871771,0.902358253,0.964690601,0.849985924,0.916935409,0.967119444,0.887958462,-2.083958021,3.275862069,1.184407796,-2.818590705,0.337331334,-6.64167916,-4.580209895,-2.533733133,-0.344827586,NA,NA,NA,NA,NA,NA,NA,NA,NA,NA,NA,NA,NA,NA,NA,NA,NA,NA,0.713946239,0.309880767,0.06451788,0.790027587,0.631198184,0.961225816,0.932142948,0.037985585,0.06322168,1.450632763,0.750702588,0.324307957,0.063249549,0.036488142,0.158936147,0.515828336,1.706455482,0.623657682,0.019774826,0.986974817,0.053424151,0.090274945,0.349716265,0.517724146,1.023269819,0.041307416,0.154730393,0.636327299,0.233154404,1.68E-05,0.782128584,0.298664777,0.128285645,0.051490042,0,0,16.66666667,0,0,25,16.66666667,0,0,NA,NA,NA,NA,NA,NA,NA,NA,NA,NA,NA,NA,NA,NA,NA,NA,NA,NA,NA,NA,NA,NA,NA,NA,NA,NA,NA,NA,NA,NA,NA,NA,NA,NA,NA,NA,3.979114042,0.56405479,0.256682731,1.494365443,92.72024817,0.635788406,0.187549757,1.603328733,0.02840541,0,0,-16.66666667,0,0,-25,-16.66666667,0,0,NA,NA,NA,NA,NA,NA,NA,NA,NA,NA,NA,NA,NA,NA,NA,NA,NA,NA,100,2.66827445,0.292928723,3.860135919,3.238382565,4.676914708,0.783649386,1.143631319,1.403988166,1.671561798,1.977353675,1.58930506,0.850169235,0.321315243,1.812835528,0.475507961,1.786114449,0.790594912,0.370200402,2.008229393,0.970276792,2.593374387,2.106420973,2.784521173,4.135206718,0.661044653,0.342833759,0.176629384,0.483923744,0.776004324,2.906981065,1.017501987,1.639727642,0.081648868,18.25741826,2.650727651,1.044226044,6.378756379,17.25099225,86.61406161,36.71801172,70.78529579,0.477225477,NA,NA,NA,NA,NA,NA,NA,NA,NA,NA,NA,NA,NA,NA,NA,NA,NA,NA,NA,NA,NA,NA,NA,NA,NA,NA,NA,NA,NA,NA,NA,NA,NA,NA,NA,NA,0.672249303,0.942966691,1.025334586,0.894900266,0.88415188,0.747404368,0.808483618,0.902578954,0.914148072,-9.589623906,-0.169821402,0.350002261,-0.87360491,-4.723440864,-6.676596854,-13.55946951,-7.558067327,-0.046654971,NA,NA,NA,NA,NA,NA,NA,NA,NA,NA,NA,NA,NA,NA,NA,NA,NA,NAUPN10-Rx,0.00239832,0.167384236,0.20251035,0.80185808,2.571144671,0.821887626,0.479350229,0.172273711,0.053979177,0.504177361,0.609853176,0.322009088,0.202696363,0.05248524,0.921529357,0.085330183,1.609151017,0.747400776,0.168805436,1.468444652,0.21296607,0.120050375,1.163763486,0.963571647,2.840167135,0.772190659,0.370308472,0.064302021,0.188285871,0.233920329,1.254936833,0.959437117,0.712170718,0.279659833,33.33333333,0,0,0,0,33.33333333,33.33333333,33.33333333,0,NA,NA,NA,NA,NA,NA,NA,NA,NA,NA,NA,NA,NA,NA,NA,NA,NA,NA,NA,NA,NA,NA,NA,NA,NA,NA,NA,NA,NA,NA,NA,NA,NA,NA,NA,NA,0.000251222,0.634548789,0.015301216,0.84101842,0.007242463,1.21560585,0.230483943,0.322449606,0.019335755,-33.33333333,0,0,0,0,66.66666667,-33.33333333,-33.33333333,0,NA,NA,NA,NA,NA,NA,NA,NA,NA,NA,NA,NA,NA,NA,NA,NA,NA,NA,0.23886518,0.990252623,0.162659183,1.011756944,3.279506927,2.645734707,0.178808897,0.196428337,0.322976494,0.91409993,1.126562652,0.501210129,0.278369365,0.260484287,1.07994746,0.267271005,1.177973656,0.539388538,0.299133919,1.678671192,0.424319725,0.705606967,1.925198488,1.746017225,3.719265851,0.568130242,0.202187261,0.340967648,0.196562606,0.733367925,1.130594575,0.289246908,1.096406845,0.00275821,22.22222222,0,11.11111111,11.11111111,11.11111111,44.44444444,0,33.33333333,0,NA,NA,NA,NA,NA,NA,NA,NA,NA,NA,NA,NA,NA,NA,NA,NA,NA,NA,NA,NA,NA,NA,NA,NA,NA,NA,NA,NA,NA,NA,NA,NA,NA,NA,NA,NA,0.814394785,1.039881314,0.228569322,0.426518413,0.664009471,1.333066512,1.531715602,1.057966834,0.045565268,-2.222222222,0,-11.11111111,-11.11111111,8.888888889,15.55555556,0,6.666666667,0,NA,NA,NA,NA,NA,NA,NA,NA,NA,NA,NA,NA,NA,NA,NA,NA,NA,NA,0.708611328,0.404110472,0.19064179,1.044009961,2.601246548,2.605074164,1.360656587,0.177720218,0.120602937,1.696523244,1.277419223,0.588829377,0.198356111,0.163836085,1.421145922,0.264217516,2.332282663,0.800532295,0.244694439,2.011059819,0.031991312,0.144351864,1.911584615,1.755243581,3.107864253,0.999028198,0.097379673,0.103317484,0.145010944,0.622161765,1.606444251,0.408658796,1.449497478,0.153218362,33.33333333,0,0,0,11.11111111,55.55555556,11.11111111,66.66666667,0,NA,NA,NA,NA,NA,NA,NA,NA,NA,NA,NA,NA,NA,NA,NA,NA,NA,NA,NA,NA,NA,NA,NA,NA,NA,NA,NA,NA,NA,NA,NA,NA,NA,NA,NA,NA,0.731724476,2.974679662,2.709315456,1.514017235,0.756818458,1.520573314,2.487212529,1.119027783,0.161811321,-10.60606061,0,4.545454545,0,-11.11111111,8.080808081,34.34343434,1.515151515,0,NA,NA,NA,NA,NA,NA,NA,NA,NA,NA,NA,NA,NA,NA,NA,NA,NA,NA,0.002208046,0.256880986,0.169354102,1.016096329,2.718648195,3.915553134,0.296646015,0.573700278,1.174690913,1.689881743,0.838587052,0.689633998,0.044449108,0.115619452,2.104064646,0.27431525,1.539852494,0.740052421,0.401313498,2.091318992,0.139935257,0.035108056,2.76223005,2.099482574,2.173556787,NA,NA,NA,NA,NA,NA,NA,NA,NA,NA,NA,NA,NA,NA,NA,NA,NA,NA,NA,NA,NA,NA,NA,NA,NA,NA,NA,NA,NA,NA,NA,NA,NA,NA,NA,NA,NA,NA,NA,NA,NA,NA,NA,NA,NA,NA,NA,NA,NA,NA,NA,NA,NA,NA,NA,NA,NA,NA,NA,NA,NA,NA,NA,NA,NA,NA,NA,NA,NA,NA,NA,NA,NA,NA,NA,NA,NA,NA,NA,NA,NA,NA,NA,NA,NA,NA,NA,NA,NA,NA,0.035113367,0.941708886,0.226218792,1.252664139,3.473437066,2.547988124,0.782105838,0.52110953,0.232404427,1.206979487,1.872963015,1.618816447,0.294212214,0.203933542,1.547972289,0.292583747,1.612952839,1.090127351,0.410310011,2.160379467,0.554783187,0.687836214,1.801437734,2.112606986,3.890781635,0.624257022,0.44880574,0.249262621,0.434309454,0.508273349,1.614396242,0.710808689,1.212051862,0.083399317,25,0,5,5,10,70,20,50,0,NA,NA,NA,NA,NA,NA,NA,NA,NA,NA,NA,NA,NA,NA,NA,NA,NA,NA,NA,NA,NA,NA,NA,NA,NA,NA,NA,NA,NA,NA,NA,NA,NA,NA,NA,NA,1.111725087,0.776173975,0.816150097,0.89200454,1.0834824,1.460346766,1.384820897,1.174576519,0.472295773,1.666666667,6.666666667,-5,1.666666667,0,0,20,0,0,NA,NA,NA,NA,NA,NA,NA,NA,NA,NA,NA,NA,NA,NA,NA,NA,NA,NA,0.460543786,1.846679416,0.20925124,1.844661915,3.600310154,3.644787944,0.594152172,1.331878305,1.361933951,1.488165597,2.150349028,1.676905483,0.583871078,0.193657389,1.162047589,0.273012196,1.272109432,0.890958511,0.462070533,1.668851186,0.528162863,1.786264945,1.719330887,2.312007881,4.276802319,0.594698016,0.350146603,0.114698972,0.332610122,0.614778594,2.85683107,1.103263079,1.605505611,0.076662014,16.77018634,3.105590062,0,4.347826087,9.316770186,88.19875776,40.99378882,67.08074534,0,NA,NA,NA,NA,NA,NA,NA,NA,NA,NA,NA,NA,NA,NA,NA,NA,NA,NA,NA,NA,NA,NA,NA,NA,NA,NA,NA,NA,NA,NA,NA,NA,NA,NA,NA,NA,0.90307727,1.202714637,1.250152831,1.032265751,0.988659524,0.83954735,0.998671734,0.930759539,0.75542387,-0.770186335,0.894409938,0.666666667,-2.347826087,-1.316770186,-15.5320911,-1.660455487,-5.747412008,0.666666667,NA,NA,NA,NA,NA,NA,NA,NA,NA,NA,NA,NA,NA,NA,NA,NA,NA,NA,7.069909172,2.703373705,0.178571126,3.983837082,3.679058343,5.097513409,0.427384937,1.247910758,1.399523564,0.265994632,0.973187843,1.673841807,0.578598266,0.152848305,1.637813976,0.237175544,1.290395575,0.593964707,0.28669633,1.693182748,0.575278743,2.400478527,2.062425642,3.160148383,4.044652054,0.625746519,0.339900545,0.143116456,0.39598822,0.747505047,3.370984679,1.028754324,1.567929983,0.066281238,16.4983165,1.864801865,0.414400414,3.133903134,15.46231546,91.68609169,37.21833722,67.7026677,0.336700337,NA,NA,NA,NA,NA,NA,NA,NA,NA,NA,NA,NA,NA,NA,NA,NA,NA,NA,NA,NA,NA,NA,NA,NA,NA,NA,NA,NA,NA,NA,NA,NA,NA,NA,NA,NA,0.738369157,0.924186145,0.933890434,1.013706182,0.888512925,0.858516784,0.937396674,0.986293304,0.888217813,-6.92822304,0.228656079,0.108964072,0.903480044,-4.658577145,-8.358988882,-4.433290489,-4.450331254,-0.075018094,NA,NA,NA,NA,NA,NA,NA,NA,NA,NA,NA,NA,NA,NA,NA,NA,NA,NA,78.70295909,2.899178089,0.345640644,4.172672816,3.683493891,5.112059786,0.759174136,1.562277901,1.746372136,1.477701745,2.127998308,2.043167897,0.855356444,0.286720056,2.115218535,0.470657079,1.768283232,0.779904099,0.444554325,1.976056994,0.691398821,2.82979245,2.273487683,3.321958426,4.564435405,0.790602439,0.459723352,0.195824548,0.516854659,0.916790574,3.567244365,1.338850041,1.853179941,0.089396303,25.15209874,4.429465575,0.912592463,6.377204885,25.98371777,92.64017158,58.2483477,80.3716024,0.516479188,NA,NA,NA,NA,NA,NA,NA,NA,NA,NA,NA,NA,NA,NA,NA,NA,NA,NA,NA,NA,NA,NA,NA,NA,NA,NA,NA,NA,NA,NA,NA,NA,NA,NA,NA,NA,0.806869877,0.937200841,0.915772275,1.042366612,0.910776524,0.825292483,0.876299239,0.97479878,0.901967341,-7.289916241,-0.591271784,-0.089450412,1.553180816,-5.308741293,-5.043746364,-11.92661675,-4.658996566,-0.088445321,NA,NA,NA,NA,NA,NA,NA,NA,NA,NA,NA,NA,NA,NA,NA,NA,NA,NA,1.590951505,2.51695101,0.259417687,4.111528518,2.084943711,4.938100258,0.638507832,1.073502168,1.307128172,1.493860926,2.917493394,0.931297379,0.560788259,0.18872258,1.834397525,0.453203206,1.437471737,0.615358175,0.391786816,2.305526286,0.40341367,2.3009869,2.256896423,3.087522005,5.018373413,0.440322056,0.304311282,0.145219045,0.427489235,0.696475746,2.668657144,1.197572603,1.450202687,0.077699407,9.615384615,2.083333333,0.801282051,4.487179487,14.1025641,83.01282051,47.11538462,62.17948718,0.320512821,NA,NA,NA,NA,NA,NA,NA,NA,NA,NA,NA,NA,NA,NA,NA,NA,NA,NA,NA,NA,NA,NA,NA,NA,NA,NA,NA,NA,NA,NA,NA,NA,NA,NA,NA,NA,0.627898326,0.991846244,1.092980357,0.980187232,0.911907816,0.681829613,0.793027194,0.908948441,1.058719245,-6.090580438,0.135987815,0.243104372,-0.309633795,-2.875410056,-15.78044453,-15.91434023,-7.21865167,-0.059416215,NA,NA,NA,NA,NA,NA,NA,NA,NA,NA,NA,NA,NA,NA,NA,NA,NA,NA,0.043398734,2.851460251,1.898340691,4.510681168,2.918872002,5.231469609,0.729090689,1.520838578,1.829575778,2.653034091,3.908122343,1.295391967,1.575693472,0.215124816,1.77609945,0.719184618,1.921690078,0.869359535,0.486738354,2.422484778,1.529965339,2.184061369,3.212193277,3.411173449,4.720587958,0.453689176,0.508682644,0.149141997,0.59456838,0.797794512,2.578714985,1.102381444,1.443173191,0.16611936,17.39130435,13.04347826,0,0,13.04347826,82.60869565,30.43478261,56.52173913,0,NA,NA,NA,NA,NA,NA,NA,NA,NA,NA,NA,NA,NA,NA,NA,NA,NA,NA,NA,NA,NA,NA,NA,NA,NA,NA,NA,NA,NA,NA,NA,NA,NA,NA,NA,NA,1.226580446,1.113463419,1.465517994,1.337774754,1.103375417,0.962254195,1.029924157,1.220111604,0.766590455,-3.105590062,1.242236025,2.857142857,14.28571429,9.813664596,8.819875776,18.13664596,23.47826087,2.857142857,NA,NA,NA,NA,NA,NA,NA,NA,NA,NA,NA,NA,NA,NA,NA,NA,NA,NA,0.004644092,2.179871377,0.496711112,3.325414855,2.379699093,4.164030106,0.552749452,0.783000171,0.77240761,5.155929416,5.271209952,1.173950952,0.825890736,0.275082377,1.535086539,0.701093243,1.452123431,1.626499948,0.496402828,2.025330626,0.779109745,1.623060503,2.527094166,3.036485549,4.739646916,0.450141417,0.661514142,0.000366076,0.616864833,0.014280747,2.625454085,1.07871772,1.969858861,0.000765634,0,50,0,0,0,50,50,100,0,NA,NA,NA,NA,NA,NA,NA,NA,NA,NA,NA,NA,NA,NA,NA,NA,NA,NA,NA,NA,NA,NA,NA,NA,NA,NA,NA,NA,NA,NA,NA,NA,NA,NA,NA,NA,1.197209259,0.901245659,1065.771203,1.175253733,45.05717908,0.584447662,0.700820433,0.783197868,56.15916249,28.57142857,-35.71428571,14.28571429,28.57142857,14.28571429,-7.142857143,-21.42857143,-28.57142857,0,NA,NA,NA,NA,NA,NA,NA,NA,NA,NA,NA,NA,NA,NA,NA,NA,NA,NA,0.941037887,0.703603655,0.225117052,1.105095826,1.10893894,0.977315259,1.048128314,0.264117325,0.224050587,4.633130206,4.429054522,0.440296514,0.386947559,0.107921546,0.344000151,0.401485011,1.60693739,0.773648667,0.361590518,0.951127991,0.138653105,0.232194811,0.530134738,0.832922035,1.789368086,0.08563236,0.26139244,0.10869223,0.340177499,0.168332339,1.003856327,0.241861529,0.932673932,0.177769669,0,9.090909091,0,0,0,36.36363636,0,27.27272727,9.090909091,NA,NA,NA,NA,NA,NA,NA,NA,NA,NA,NA,NA,NA,NA,NA,NA,NA,NA,NA,NA,NA,NA,NA,NA,NA,NA,NA,NA,NA,NA,NA,NA,NA,NA,NA,NA,2.999219665,2.023842978,2.163644197,0.898887724,1.010062735,0.682490352,1.843698085,1.814099753,2.11702068,7.692307692,13.98601399,0,0,3.846153846,-24.82517483,11.53846154,15.03496503,-1.398601399,NA,NA,NA,NA,NA,NA,NA,NA,NA,NA,NA,NA,NA,NA,NA,NA,NA,NA,0.258967891,0.482321894,0.149118682,0.767266797,0.558860741,3.895902859,0.325716043,0.105780984,0.151742128,1.938672856,1.448813314,0.242357756,0.075918965,0.07869129,0.97476825,0.655456789,0.593243611,0.571640474,0.226573978,1.512898212,0.082863915,0.357993552,1.860983379,2.195434186,2.943878506,0.108411193,0.177709729,0.019610306,0.119812626,0.26033934,1.620376944,0.345910127,0.625339473,0.155627771,3.846153846,7.692307692,0,3.846153846,3.846153846,53.84615385,0,19.23076923,3.846153846,NA,NA,NA,NA,NA,NA,NA,NA,NA,NA,NA,NA,NA,NA,NA,NA,NA,NA,NA,NA,NA,NA,NA,NA,NA,NA,NA,NA,NA,NA,NA,NA,NA,NA,NA,NA,4.428444135,1.302311634,4.244934932,1.976981223,0.566573569,1.128447402,1.589788416,1.632341198,0.27716631,14.33566434,-7.692307692,0,-3.846153846,-3.846153846,5.244755245,13.63636364,17.13286713,-3.846153846,NA,NA,NA,NA,NA,NA,NA,NA,NA,NA,NA,NA,NA,NA,NA,NA,NA,NA,4.205146774,1.533191285,0.291825967,3.055567419,2.911435244,3.958037105,0.78241096,0.674648103,0.679820288,1.805629789,3.315142395,0.990046987,0.591599874,0.177458366,1.543441186,0.414472535,1.805746478,0.734058295,0.473548434,1.937437373,0.469050732,1.447122538,1.910402579,2.504341212,4.542430452,0.40666885,0.311630497,0.145532317,0.340367969,0.546987008,2.076907832,1.063094767,1.314769253,0.072320694,10.8490566,2.830188679,0.471698113,1.886792453,8.254716981,69.81132075,38.91509434,55.66037736,0.235849057,NA,NA,NA,NA,NA,NA,NA,NA,NA,NA,NA,NA,NA,NA,NA,NA,NA,NA,NA,NA,NA,NA,NA,NA,NA,NA,NA,NA,NA,NA,NA,NA,NA,NA,NA,NA,0.838166269,0.993608382,1.001396849,1.100639786,0.879525248,0.813398209,0.897577412,0.949109193,0.823464034,-2.139379184,-0.572124163,0.496043822,2.306755934,-1.157942788,-11.90809495,-6.818320146,-7.111990262,-0.074558734,NA,NA,NA,NA,NA,NA,NA,NA,NA,NA,NA,NA,NA,NA,NA,NA,NA,NA,4.37788163,0.164805418,0.046042747,0.624148731,0.506257094,0.649737782,0.3483314,0.062610076,0.132789914,1.209446145,0.731217497,0.197463122,0.061706331,0.053068575,0.269949981,0.183446591,1.124132853,0.557080625,0.025164455,0.783641751,0.042801119,0.067376648,0.300535646,0.561421583,0.854296666,0.13647924,0.081825288,0.185642884,0.226939806,0.075053548,0.535729469,0.445225038,0.508965732,0.2278391,0,0,0,0,0,6.666666667,13.33333333,20,6.666666667,NA,NA,NA,NA,NA,NA,NA,NA,NA,NA,NA,NA,NA,NA,NA,NA,NA,NA,NA,NA,NA,NA,NA,NA,NA,NA,NA,NA,NA,NA,NA,NA,NA,NA,NA,NA,1.255990756,0.274402428,0.150378902,1.786374652,1.32625868,0.627773332,0.512472544,1.381883715,0.002428005,0,0,0,21.42857143,0,7.619047619,-13.33333333,-5.714285714,-6.666666667,NA,NA,NA,NA,NA,NA,NA,NA,NA,NA,NA,NA,NA,NA,NA,NA,NA,NA,100,2.643984603,0.319856527,3.841736433,3.428667022,4.750535075,0.742533594,1.402988488,1.566065158,1.426176204,2.045777689,1.837469038,0.784561651,0.256194639,1.906463322,0.436752745,1.722323939,0.749188171,0.409048524,1.873276116,0.634944528,2.5340522,2.105615093,3.065185964,4.293331987,0.772965849,0.448902485,0.190842955,0.505643335,0.896797104,3.52684127,1.321920869,1.82409252,0.087906635,24.38608723,4.256720118,0.86567511,6.117824773,24.87992873,92.23022697,56.70462468,78.99914788,0.499651406,NA,NA,NA,NA,NA,NA,NA,NA,NA,NA,NA,NA,NA,NA,NA,NA,NA,NA,NA,NA,NA,NA,NA,NA,NA,NA,NA,NA,NA,NA,NA,NA,NA,NA,NA,NA,0.803353514,0.941136396,0.923427023,1.042299859,0.910765789,0.823223544,0.881500659,0.975440055,0.904780795,-7.179256585,-0.480123256,-0.040200935,1.479478258,-5.058046315,-5.654159423,-11.13340915,-4.590947751,-0.079562767,NA,NA,NA,NA,NA,NA,NA,NA,NA,NA,NA,NA,NA,NA,NA,NA,NA,NAUPN11,0.33217304,0.488354729,0.014551964,0.598184137,2.160691196,0.319814792,0.080479613,0.007395922,0.037646365,0.111378222,0.123083457,0.170808438,0.033677302,0.041077147,0.014900775,0.057346677,0.017576836,0.054645029,0.025038287,0.120563848,0.672670851,0.441039686,0.349284979,0.398015552,4.31367795,0.000213259,0.009552886,0.002302848,0.03492937,0.050676818,0.166372461,0.014433989,0.134579728,0.249004866,0,0,0,0,0,1.492537313,0,0,1.492537313,28.89586912,0.084767907,2.689425439,0.526248095,0.271964399,1.792995363,4.76140118,0.826202827,1.022999507,0,0,0,0.540540541,0,2.831787011,1.081081081,1.621621622,2.831787011,29.13166053,1.514427951,0.072730406,0.254044804,0.182949029,1.377803031,2.686050523,0.51810546,1.069683218,0,0,0,0,0,-0.280416101,0,0.606060606,6.992311171,36.74276702,4.162559856,83.80909013,0.421943688,1.54894299,1.498067325,4.452304023,1.141606614,1.696799639,0.490196078,0.980392157,4.901960784,0,0.980392157,2.429031314,0.980392157,1.960784314,9.78197249,13.69537445,32.27465205,316.1119343,2.034202123,5.526735,2.355000501,3.078946888,1.129248645,1.651518726,0,9.016393443,18.85245902,0.819672131,8.196721311,4.245167605,0,2.459016393,6.704183998,1.239726595,0.524568709,0.011032397,0.718391177,1.656305435,2.366730422,0.074503835,0.007563814,0.069453227,0.118795001,0.168153952,0.182197299,0.034732843,0.047385772,0.013720888,0.123749849,0.027634321,0.06791653,0.023633955,0.168060177,1.228230511,0.564848524,0.520995176,0.66150293,4.633377757,0.012716977,0.010200795,0.007626172,0.020135509,0.025591821,0.304363779,0.043167339,0.096998806,0.340133461,0.45045045,0,0,0,0.45045045,4.504504505,0.45045045,0,6.756756757,0.672344872,0.812503774,1.497808384,1.896338602,1.002633778,0.928379967,0.949119813,1.088113796,1.053466624,-0.45045045,0,0,0.833333333,-0.283783784,-0.337837838,-0.45045045,1,0.076576577,1.034222561,2.184244767,1.450505477,0.572343972,0.921807816,0.970019144,0.935793081,1.03977072,1.000637945,-0.265948605,0.184501845,0,0.184501845,-0.45045045,1.030550846,-0.265948605,1.10701107,0.992320734,1.015252694,7.102127535,29.41905655,1.87671877,4.992189228,1.115936101,1.328033416,1.651131103,1.766710458,-0.302957825,1.327433628,7.079646018,0.589970501,2.351909432,1.10021526,-0.302957825,2.064896755,8.877461532,0.727219014,16.8547347,65.28216534,2.471131109,9.829684818,1.245772561,1.782067943,1.437562921,1.539236219,-0.45045045,3.944315545,16.2412993,0.928074246,7.206162079,4.08018227,0.477623795,2.552204176,8.32444974,0.126990498,0.67895276,0.020092815,0.738386376,1.633025741,2.683623718,1.680058267,0.019057994,0.10617226,0.434512484,0.299739289,0.302917791,0.063366337,0.103867037,0.063149769,0.183710837,0.113501489,0.162911285,0.028934484,0.561266278,1.416076517,0.6610943,0.728631137,0.810855782,4.322939518,8.12E-05,7.17E-05,0.006102321,0.158491951,0.032691317,0.506713429,0.036624198,0.046015998,0.464552173,0,0,0,4.347826087,0,8.695652174,0,0,8.695652174,447.6623974,184.9557167,1.452549357,0.329841532,0.695810543,1.32953875,1.344729661,2.895610526,1.284020523,0,0,0,-3.128313892,0,7.158006363,0,1.219512195,4.718981972,138.2904845,436.0884111,2.64289965,0.929617931,1.175703557,0.845090279,1.69458665,3.065915482,1.117776063,0,0,0,-0.644122383,0,2.415458937,0,1.851851852,0.563607085,252.1468999,945.6212887,24.8900496,0.28100663,4.525512141,0.970190336,3.402539096,5.135725044,1.717626744,0,1.408450704,5.633802817,-4.347826087,4.225352113,2.57195346,1.408450704,1.408450704,16.6564605,145.9836299,938.2317598,58.77645462,0.660253034,7.57108846,1.055659524,1.65090675,1.650350916,1.3087627,0,0,10.90909091,-2.529644269,7.272727273,2.213438735,0,0,7.66798419,0.02389389,0.527061058,0.027534382,0.863437454,0.914870512,2.608897054,0.392259266,0.003406487,2.13800706,0.38280162,0.269711111,0.292972094,0.07441233,0.093184549,0.04364053,0.508831011,0.076722234,0.143228615,0.017554246,0.589481776,1.349722469,0.731461586,0.718390535,0.835465273,4.24573835,0.001600163,0.178354724,0.000591293,0.037655972,0.063006759,0.435161742,0.039261567,0.463150323,0.344907392,0,8.333333333,0,0,0,8.333333333,0,8.333333333,8.333333333,5.248870015,0.046921998,2.47549377,0.845455213,1.38594147,0.877017968,2.037716301,0.162304916,2.344646053,0,-8.333333333,0,0,0,1.666666667,0,-8.333333333,11.66666667,0.149042397,0.200837519,4.736814886,4.329863709,0.128075938,1.19812007,2.884989903,0.280268956,1.387504367,0,-8.333333333,0,0,0,5,0,-8.333333333,-1.666666667,14.32411575,0.003003216,163.7168579,5.046118434,0.801241402,1.203043688,1.096602246,0.25037848,2.727334747,0,-8.333333333,2.777777778,2.777777778,0,0,0,-8.333333333,22.22222222,14.29290168,0.528306213,429.302507,1.036891819,2.588492769,1.650516673,5.576609852,0.147933538,1.517318006,0,-5,6.666666667,0,6.666666667,5,6.666666667,-8.333333333,5,1.91855279,0.3553431,0.036761894,0.925157855,0.423985322,1.886720416,0.366528975,0.014190696,0.15704525,0.329242547,0.232655091,1.852846447,0.039318408,0.144335346,0.062455457,0.458494981,0.11281421,0.222490546,0.023710762,0.741683068,0.845467605,1.180248682,0.701868933,0.615587006,3.910048866,0.019367535,0.036687994,0.00968141,0.048507031,0.05099431,0.641695801,0.086028366,0.10453657,0.830500829,0.278551532,1.114206128,0,0.557103064,0.557103064,15.04178273,1.39275766,1.39275766,25.62674095,1.262572135,0.8251817,2.694956954,1.950587736,0.862095614,0.913671975,0.903753348,0.975332772,1.080330551,-0.173177454,-0.798083894,0.316122234,1.445004417,-0.346354908,-3.02913784,-0.655139114,-0.128268724,2.192015639,0.885060172,0.612906321,2.103471595,1.712018399,0.922121154,0.916020845,0.741315233,1.026560927,1.106370792,-0.172619329,-0.796409518,0.423728814,0.82001558,-0.345238657,-2.647714933,-1.07496105,0.090293187,4.881733629,0.909198311,1.145793293,7.529675977,1.317055629,1.443526219,0.860961757,0.827601104,1.387952965,1.462524261,-0.278551532,-0.282950933,1.82876143,0.44040317,0.107901092,-4.484841749,-0.727753504,0.934756887,18.09728233,1.324762182,1.667796306,8.50069899,1.597434744,1.674976396,0.935637993,0.837626264,0.966012468,1.319658934,-0.163476733,-0.193607739,1.956271577,0.823794519,1.053944117,-2.153405284,-0.932458466,-0.472159271,14.41928897,0.051314501,0.959697863,0.046061582,1.129107425,0.74391383,2.35388898,0.766865782,0.735893889,1.542268457,0.91414754,0.29928174,2.024913207,0.127556083,0.128197127,0.086543583,1.149518706,0.167722489,0.398100287,0.046919004,0.723484137,1.312545445,1.673706325,0.815404688,0.89565549,4.203513349,0.001027695,0.552738489,0.000104677,0.041682847,0.129313691,1.349237121,0.152892824,0.668688206,0.746338346,0,7.692307692,0,0,0,38.46153846,7.692307692,23.07692308,23.07692308,37.342571,0.773328026,93.73889942,1.567561583,0.596367481,1.019788949,0.987454737,0.650560061,1.313923139,0,5.210918114,0,0,0,3.473945409,-4.466501241,-16.62531017,12.40694789,43.95501511,1.298879513,9.306403141,1.460489523,0.236285707,1.35046959,0.937986094,1.290850085,1.412773494,0,15.38461538,0,0,0,19.23076923,-7.692307692,3.846153846,23.07692308,31.72235935,0.609308449,1532.519902,5.402667642,0.818425685,0.865332958,0.930606266,0.414028823,1.721779744,0,5.351170569,4.347826087,4.347826087,2.173913043,-3.678929766,-5.518394649,-18.72909699,26.92307692,74.50282753,1.78767112,7634.99977,5.314304929,2.341635229,1.286431445,0.781594451,0.932880929,1.569573245,0,17.30769231,20,5,10,11.53846154,-7.692307692,-8.076923077,21.92307692,1.550888354,1.582126782,0.039216046,2.96922454,1.317023352,2.980262797,0.432070111,0.031732524,0.385748531,0.165207467,0.307201671,1.489024616,0.127520925,0.178987345,0.049643586,0.464990064,0.139178533,0.285250909,0.052534203,0.3640593,2.309724091,1.75233931,1.162017232,1.421983569,4.976424119,0.031598174,0.021245499,0.017393845,0.074302834,0.101229644,0.850887634,0.103492479,0.33844025,1.144484413,0,0,0,1.960784314,0.653594771,20.91503268,0.653594771,5.22875817,39.21568627,1.275402349,1.597493005,1.025616583,1.179981901,0.872528668,0.944824494,1.073383614,1.065174004,1.119220965,0.299850075,0.149925037,0,-0.611458976,-0.353744696,-0.225377507,-0.353744696,2.717268817,8.760325719,1.037316836,1.324209782,1.329360851,0.947189075,0.725622142,0.96282723,1.168135496,0.946069667,1.121611937,0.170357751,0.170357751,0.170357751,-0.768280055,-0.312879269,0.37968623,0.538909488,1.41519413,7.973410829,1.289065819,4.9091044,19.59027352,1.145088187,2.056502985,0.90058324,1.345728871,1.440963426,1.367850019,0.185185185,2.685185185,9.907407407,-0.108932462,3.420479303,-3.600217865,0.272331155,7.086056645,22.3583878,1.187148591,18.85980372,52.14867264,0.942636474,4.866761431,1.066420135,1.496133749,1.161559462,1.230143933,0.292397661,12.71929825,25.29239766,-1.229790162,16.45166839,4.669762642,0.369797042,3.396972824,14.43928449,0.264613429,1.693211496,0.149415037,3.100525079,1.390267763,2.854804261,0.561021834,0.185570036,0.754862446,1.416970085,0.535815373,1.53420774,0.169532371,0.228558659,0.087526475,0.670589577,0.239792177,0.354889793,0.071313243,0.567770346,2.216374437,1.775305958,1.280462519,1.477511601,4.911600515,0.018281703,0.187994384,0.012218366,0.053618552,0.057209426,1.000980575,0.11749439,0.505749516,1.019577968,0,3.448275862,0,0,0,17.24137931,0,13.79310345,41.37931034,5.381898631,1.200069618,4.626983064,3.508274284,2.017859517,1.043045051,1.748025924,0.795179578,1.317833935,2.521008403,3.274413214,0.840336134,3.361344538,1.680672269,12.1703854,0.840336134,-4.549405969,12.40220226,2.057420718,0.542658085,2.026242715,1.647691746,2.364737938,1.271039405,1.460228456,0.698589953,1.311354452,0,-0.884173298,0,0,2.564102564,23.78426172,0,-8.66489832,11.18479222,3.765106675,1.024049427,27.70165272,2.060058887,4.462854119,1.113178144,1.613232791,1.066723402,1.579825065,0.751879699,0.687062484,9.398496241,1.879699248,6.015037594,13.96162821,2.631578947,3.124189785,24.41016334,3.368537516,1.792380199,49.76186185,3.017812872,5.60989019,1.085747855,1.546949045,0.678005562,1.534722179,0.884955752,5.40128166,16.81415929,3.539823009,7.96460177,13.73207202,0.884955752,-7.598413183,21.45254806,0.811000651,2.252170002,0.044326215,3.327421292,0.515674584,3.634666165,0.427687164,0.015604209,0.303088519,0.495004027,0.434786975,0.274233417,0.118733587,0.104659732,0.040663218,0.267799131,0.115805034,0.18650963,0.050387979,0.343878677,2.626913476,1.406696196,1.104932315,1.417229787,5.249948147,0.029892615,0.031480425,0.020256948,0.034699455,0.090508185,0.894744063,0.111284195,0.364734799,0.896830333,0,1.086956522,0,0,0,22.82608696,0,8.695652174,29.34782609,0.801889686,0.473747604,0.970423909,1.103476288,0.756694637,0.817153909,0.922090444,0.631718655,1.00310983,0.314465409,-1.086956522,0.628930818,0.314465409,0,-3.958162428,0.628930818,-3.978671042,-0.102543068,0.853464903,0.924510434,0.316143686,1.225452952,1.112134824,0.907728299,0.964151595,0.853940885,1.195430366,0.389105058,-0.697851463,0,0.778210117,1.556420233,-2.203518863,1.945525292,-3.637286415,6.449839283,1.633480188,5.975354598,29.62327873,1.217394285,3.040050601,0.854544694,0.949106759,0.965746902,1.362133876,0.815660685,3.970139726,17.94453507,0.326264274,7.66721044,-2.434569828,0.978792822,-1.680970282,17.63422938,0.880295738,17.77997976,59.71383211,2.39025689,7.391361866,0.855630551,1.357896425,0.961905842,1.275286167,0,16.347254,32.89473684,1.315789474,25.32894737,-2.102402746,0.657894737,-1.1298627,10.78375286,0.010939133,0.92434992,2.999781876,4.35618574,1.304854931,4.671789017,0.263994633,0.163247975,0.300583809,1.281063659,1.473665554,0.351852025,1.490329167,0.079113004,0.043896762,0.43969927,0.08713287,0.183367066,0.042939409,0.775507277,2.485983434,1.072985828,3.361931271,0.717158724,5.51605227,0.001298288,0.001665837,0.002072655,0.000815597,0.115582886,0.001389969,0.004805917,0.002099877,7.26E-05,0,0,0,0,0,0,0,0,0,0.611703837,0.835817486,15.39500955,133.4241063,0.010279449,600.1075691,25.43096752,54.82970001,16789.22902,0,0,0,0,0,25,0,0,50,0.030825993,0.383699673,0.291705251,111.080681,0.821405429,597.8887845,67.44469857,18.29004293,7169.72826,0,0,0,0,0,28.57142857,0,0,28.57142857,0.421256751,173.7891873,7.110061311,64.21152336,1.146160202,444.1186529,26.45411773,90.39843329,6952.208655,0,8.333333333,0,0,0,16.66666667,0,0,16.66666667,66.76961047,376.0229164,515.507116,123.7292372,4.236119985,430.0930739,5.404513788,124.1402832,10493.26008,0,28.57142857,28.57142857,0,14.28571429,14.28571429,0,0,28.57142857,0.003781555,0.931637615,0.780095544,2.632728856,0.682199637,3.805465257,0.3195052,0.066838723,0.093879512,5.900190448,5.289761922,0.323962079,0.242762892,0.145824093,0.250890265,0.7570726,0.064775741,0.193807208,1.204919194,0.711810841,1.048341182,1.198513021,0.932302983,0.735834209,5.029528869,0.000595445,0.842946839,0.001407167,0.000783884,0.000579216,0.393426288,0.128804541,0.564649539,0.487950673,0,25,0,0,0,0,0,0,0,NA,NA,NA,NA,NA,NA,NA,NA,NA,NA,NA,NA,NA,NA,NA,NA,NA,NA,53.55240609,1.156892038,2.890650855,471.1896265,1.944202907,2.051982169,0.423815509,0.601240748,1.001731036,0,-5,0,20,0,20,0,0,0,0.38319076,1.134947402,461.2489476,2239.327976,0.214560242,0.882424099,0.001167044,0.886426815,0.911919618,0,8.333333333,33.33333333,33.33333333,0,0,0,33.33333333,0,0.404175497,2.951784512,622.4560516,51.77728233,301.3887197,1.094317219,0.234316521,1.054580618,1.806101863,0,55,20,0,0,0,0,20,40,0.725572232,1.229285022,0.744567884,0.59797587,0.147718577,0.636475552,0.172605785,0.01438812,0.072049233,4.174090121,2.429363209,0.079927985,0.204305988,0.057357367,0.10726871,0.104177729,0.037842819,0.085765277,0.09168875,1.005826451,0.245304417,1.042234633,0.321381047,0.254845702,4.245097197,0.01526824,0.167286621,0.011510398,0.046429363,0.00803505,0.477777619,0.059512705,0.22428158,0.222900428,0.242130751,4.358353511,0,0.484261501,0,13.55932203,0.726392252,3.87409201,4.842615012,1.694602456,1.009713599,1.17964784,1.184541876,4.056158328,1.390339299,1.479565534,0.996710553,1.473118682,0.023826696,0.561859255,0.132978723,0.180632116,0.265957447,4.924720519,-0.194477358,0.381227139,2.604193499,1.471299244,1.289849426,1.646480507,0.508332097,4.384287261,1.369593551,1.519450225,1.10620807,1.598450372,-0.106076329,1.08382336,0.272108844,-0.076098236,0.408163265,4.535916061,-0.046120143,0.207540643,4.54514009,1.751741874,0.8287809,43.31507881,1.060704848,51.04507947,1.785817702,1.656777672,0.8515796,2.397983943,-0.021136275,-1.043436384,16.4640884,0.178721924,12.48618785,11.19205918,0.047088411,-0.780169358,9.632523109,2.188353107,1.376146219,36.60423294,0.808310515,40.81723222,1.566754219,1.985833331,1.049636851,1.788444144,0.286270835,1.850365115,13.60634082,0.044140084,10.03963012,9.16194613,0.726712107,0.088919879,5.197015107,6.941362111,0.322908581,0.025440041,0.518310629,0.134068409,3.224760114,0.185542268,0.00374792,0.053210465,0.215155761,0.156600359,0.115026493,0.021961884,0.037898527,0.029163509,0.17116412,0.028107188,0.062045856,0.01032787,0.337045089,0.901007152,0.431977343,0.409876973,0.387611112,4.181810488,0.004078249,0.013407835,0.008184796,0.035625491,0.017163528,0.224275324,0.027917123,0.048040309,0.225006502,0,0.195694716,0.130463144,0.587084149,0.195694716,3.979125897,0.391389432,0.456621005,5.088062622,2.065952255,1.435922193,0.684825339,0.654433181,1.032572596,0.911088234,1.036162682,1.125345332,1.237083899,0.158679784,0.153400809,-0.035255274,-0.26972458,-0.100486846,-0.583378515,-0.105765821,0.114626219,1.766904055,1.188491508,0.955837021,0.693280684,0.933737109,1.0407411,0.839837233,1.116219961,0.93057451,1.147895687,0.0327654,-0.031867718,-0.097697744,0.068223846,0.000897682,-1.259597719,0.001795364,0.100390791,0.449289933,2.005755316,2.557214699,13.04755505,1.069979305,3.702365661,1.124600327,1.390493169,1.837289912,2.254559235,0.061349693,0.601851296,2.844996979,0.210461864,1.092648842,0.376702324,0.068733267,0.8623974,8.868992592,1.071563854,6.045422519,29.31276399,0.957652549,7.445786799,0.93923013,0.906703381,1.016424792,1.600845966,0.033658701,1.857486031,7.00518142,0.22072467,3.473103668,-0.276668812,-0.189437228,-0.221010099,3.730516981,18.48495861,0.477588622,0.025226775,2.705542634,0.535161141,3.114109881,0.289459996,0.007038688,0.129081118,0.275565925,0.251793353,0.30343313,0.049584989,0.078596327,0.034752038,0.277974318,0.06939046,0.137812636,0.019725067,0.406736232,1.768071591,0.918662506,0.73210213,0.847309499,4.668234138,0.014138609,0.018719234,0.010963199,0.048778303,0.030944588,0.422614188,0.059553704,0.116800171,0.534619156,0.038153377,0.228920259,0.190766883,0.839374285,0.11446013,7.745135444,0.572300649,1.259061427,14.4982831,0.883386362,0.935298176,0.980824316,1.127880124,1.020161063,0.868143206,0.975135548,0.99439123,1.156675233,0.059170224,-0.034273057,-0.093443282,0.146027175,0.128848873,-2.003042987,0.011640957,0.066972636,3.238943179,0.99700934,0.892888455,1.006856211,1.128533454,1.114415876,0.941382209,0.992824474,1.080469207,1.140656414,0.069867147,0.000623354,-0.10975149,0.186820692,0.169093746,-0.507760343,-0.113213422,0.334241301,2.150380148,0.962637433,2.390706734,11.46887715,0.906230153,2.50766299,0.936681237,1.05396321,1.401560486,1.64684123,0.063463252,0.71334302,3.347339353,-0.174247264,1.243507538,-0.835204729,-0.064217508,1.013455894,14.48093168,0.928849898,7.247666761,34.16042153,1.267648072,6.418095281,1.043553261,1.130020047,1.307383561,1.393641964,0.069540772,3.755763239,10.69830814,0.3811594,5.904446176,0.810566362,0.097796276,1.134141876,8.512366657,67.50521373,0.167277479,0.011532676,0.998554289,0.129704849,0.739947942,0.093367665,0.003231424,0.043203822,0.161216961,0.097968792,0.176778889,0.015051585,0.044632666,0.030649454,0.166488247,0.031967344,0.052474388,0.0103037,0.309636331,0.502187346,0.478351943,0.309706492,0.305621709,3.869507647,0.004642104,0.010572722,0.00537443,0.026349632,0.008689681,0.188752991,0.022967266,0.034132677,0.179605629,0.035240738,0.145368045,0.066076384,0.533016167,0.083696753,2.977842386,0.233469891,0.286330999,3.497643276,1.159507787,1.108278324,1.217775546,1.133187842,1.498242,1.081016697,1.142261911,1.335049008,1.622626358,-0.007286087,0.022359863,-0.016379226,0.044713294,0.040546141,-0.086089008,-0.000514463,0.139200916,3.313973435,1.141353543,1.191216427,1.348395413,0.963634755,1.501936271,1.060984903,1.131171858,1.371713747,1.492753494,0.000359119,0.041531207,0.043689843,-0.076151327,0.049802713,0.033312236,-0.046570639,0.140867293,2.773864972,1.678198208,1.938967148,10.37143843,1.311581452,3.430619193,1.350600871,1.474859428,2.152661007,2.810487365,0.021476163,0.227343022,1.359948571,0.090869751,0.337628802,0.769524329,0.09062669,0.491500795,10.79096473,1.279537962,4.775597811,27.87488729,1.270215715,6.351858864,1.285349912,1.346368836,1.634117701,2.089880855,0.019694884,1.149052555,4.126198294,0.064408726,1.17982256,0.932887228,0.054942126,0.293926512,6.249996209,100,0.308092924,0.029828122,1.312296918,0.265638747,1.452426903,0.153445146,0.006090212,0.074446433,0.263386126,0.18106636,0.255046987,0.0296277,0.055910745,0.033343778,0.198889937,0.043141417,0.0787769,0.015173342,0.347521003,0.826639252,0.611922993,0.427064847,0.450714034,4.082016921,0.006346677,0.015016906,0.006315395,0.029907702,0.012892429,0.230839543,0.029015787,0.050729766,0.234355239,0.046024216,0.247822701,0.077887134,0.566451887,0.102669405,3.989945479,0.300927565,0.531048644,5.257381576,1.340567085,1.15204432,1.291613499,1.233566694,1.507298315,1.146566406,1.262380777,1.389377351,1.633384218,0.019520439,0.0376137,-0.005999448,0.114366787,0.049563342,0.363488215,0.018338335,0.314688839,4.766721942,1.222892168,1.175464542,1.332837796,1.08803416,1.49587828,1.127342007,1.221854428,1.378992382,1.51581865,0.008618296,0.04640621,0.029296254,0.022005933,0.075969577,0.532773196,-0.027715006,0.296995574,3.905747338,1.86986161,2.490083771,16.83034807,1.355992639,4.993411098,1.463417819,1.690698425,2.373175196,2.830027528,0.047382628,0.551831011,2.90885365,0.128403902,1.141236368,2.01543111,0.138768065,1.245959603,15.44704272,1.407521041,5.633222282,36.14921872,1.39537007,8.344000078,1.357850945,1.504084397,1.723945375,2.075616604,0.03150577,2.0689557,6.450593734,0.202007091,2.91871975,1.906894034,0.10268442,0.659264668,8.675212942UPN12,0.056456279,0.184958587,0.011542856,0.142247337,2.490013865,0.254184313,0.090305773,0.02589877,0.019739214,0.07637652,0.070021468,0.11620922,0.009068587,0.034934993,0.016591475,0.043920876,0.006022988,0.005258356,0.151362807,0.077974277,0.478324149,0.151288043,0.965580752,0.169438271,2.390716393,0.165563955,0.011085468,0.005012794,0.02036611,0.04722927,1.994544629,0.125026992,0.324221554,0.428213996,3.50877193,0,0,0,0,49.12280702,1.754385965,3.50877193,8.771929825,1.430542894,1.023268377,1.140660676,0.479485552,0.710414412,0.961609596,1.044963351,1.342253939,1.311655991,-0.060496068,0,0,0,0,-4.295220811,-1.754385965,6.836055656,5.021173624,0.842163804,0.316477852,5.827875882,0.761676588,0.781080278,0.959348132,0.595663356,0.764354146,0.78718892,-3.50877193,0,0,0,0,8.020050125,-1.754385965,-3.50877193,-0.608664518,0.522415706,3.512846615,19.633591,0.065849033,1.107876569,0.732498265,0.6948211,1.926164307,0.630730773,-3.50877193,1.785714286,1.785714286,0,1.785714286,-9.837092732,0.031328321,17.9197995,-5.200501253,1.036113334,27.70962273,96.86977337,0.322880949,3.634023708,1.270191337,0.891948497,1.367986748,1.078354725,-1.236044657,6.818181818,13.63636364,0,4.545454545,19.05901116,-1.754385965,3.309409888,-4.226475279,0.09907832,0.654120744,0.047430667,0.623860284,1.519703701,2.2212902,0.07525243,0.062239631,0.08030398,0.179157692,0.176501847,0.359574487,0.075609797,0.060504622,0.016956705,0.190098559,0.011381385,0.013025726,0.814280571,0.019961323,2.20115304,1.029002554,0.706509636,0.58289432,4.55247488,0.099911754,0.020644964,0.032054588,0.036297306,0.073214441,1.158432506,0.179625858,0.466755627,1.1277784,0.961538462,0,0,0,0,33.65384615,0,10.57692308,44.23076923,1.026189595,1.128968796,1.206369588,0.463989631,1.402599015,1.142891984,0.741561342,1.024369031,1.13899779,-0.961538462,0,0.632911392,0,0,7.485394352,0,0.182570594,3.870496592,1.089297194,5.056374698,1.681142134,0.462836435,1.662812648,1.046288459,0.900742835,1.021041815,0.97415829,-0.961538462,1.041666667,0,0,0,3.846153846,0,-2.243589744,-4.647435897,1.484245608,14.06480243,24.15261864,1.700057851,3.492471402,1.436279912,1.798484661,1.563669244,1.012556167,0.792847503,8.771929825,26.31578947,0,3.50877193,22.48650472,0,15.7388664,-0.371120108,1.027919244,131.5423738,79.07803988,1.439408227,17.6781145,1.993188518,1.757737795,1.902329078,0.900523548,1.477485929,58.53658537,60.97560976,0,46.34146341,24.88273921,2.43902439,18.69136961,-7.645403377,0.005775603,0.950136969,0.054347004,0.732690423,1.742911686,2.615685089,0.985344369,0.093053404,0.153684566,0.62437239,0.402657195,0.305387656,0.124684732,0.144663986,0.053665529,0.342245592,0.055809448,0.058056905,0.997326139,0.063963796,1.570868613,0.841114451,1.721408623,1.037624378,4.506618398,0.433906924,0.017944429,0.019563005,0.035116161,0.258861184,1.916263751,0.363139934,0.647165145,1.80490887,20,0,0,0,0,60,0,20,80,0.225460272,2.900985306,1.204108707,1.17444808,0.261557869,0.492051664,0.489882935,1.42825093,0.780016454,-20,0,0,0,0,-26.66666667,0,13.33333333,-30,1.574858051,0.012997959,0.253195579,3.469848251,0.911746134,0.83426195,0.550092912,0.794974644,0.983481738,-20,0,0,0,0,0,0,-20,-20,0.324155683,68.88365596,49.38229469,3.386747188,1.965662166,1.176678788,2.088563973,0.705120641,0.79896324,-20,50,50,0,25,15,0,-20,-30,1.671981532,32.0758991,45.50387595,2.164657751,2.805497748,1.609508141,3.139213884,1.765026118,1.098828796,5,25,50,0,25,15,75,30,20,0.001208957,0.260189554,0.008001794,0.613129046,0.391579195,3.070356084,0.199161503,0.383314126,2.207722122,0.318857679,0.221037564,0.195243725,0.017776954,0.046774915,0.01790789,0.439744118,0.012134327,0.003078386,0.205063491,0.03455949,1.722207311,1.557012199,0.59370018,0.330682005,4.892964115,0.000318835,0.226477787,0.000241498,0.024596553,0.015546838,0.452976318,0.111360693,0.480965924,0.940915255,0,6.25,0,0,0,6.25,6.25,6.25,31.25,51.70481418,0.256515785,1.700150709,0.008134454,0.016585417,1.7625835,0.174354487,0.481510845,1.518067539,0,-6.25,0,0,0,15.17857143,-6.25,0.892857143,18.75,222.3910186,0.001197551,53.76459845,0.019649922,4.460351043,1.291228434,0.403679858,0.138250593,1.510537588,0,-6.25,0,0,0,16.82692308,-6.25,-6.25,14.90384615,695.6647461,3.410288854,4064.686366,9.400418977,26.49198909,5.776158973,3.362554644,0.465994473,1.126418374,0,22.32142857,42.85714286,0,14.28571429,79.46428571,-6.25,-6.25,11.60714286,2307.895076,2.88544255,4512.982695,15.25463498,45.80514688,8.273526055,10.68703134,2.397352568,1.869714178,0,27.08333333,33.33333333,0,33.33333333,60.41666667,60.41666667,27.08333333,35.41666667,4.342454958,0.632296281,0.058646771,0.878922649,0.159920348,1.946269827,0.090338595,0.126261462,0.134546076,0.135462762,0.19047338,2.115944091,0.06814508,0.115759944,0.011651743,0.530666911,0.017284614,0.027001362,0.425018864,0.0144509,3.129052708,2.13911876,0.189743638,0.426969258,4.898309055,0.111571704,0.022253521,0.030379924,0.022180792,0.098556035,1.596636736,0.167864232,0.622245018,1.690620926,0.419815281,0.041981528,0.083963056,0.062972292,0.125944584,48.67758186,0.839630563,16.54072208,66.60369437,1.158843857,1.365260008,1.25953756,1.145254389,1.020942427,1.149444375,1.036083722,1.117859476,1.075226298,0.090119658,0.010770362,0.091876578,0.148035269,0.014727123,6.201967987,0.180239316,3.276404698,5.54330756,0.935858864,1.137433247,1.044359214,0.995273947,1.021507356,1.063288866,0.997355448,1.070766728,0.921364838,-0.191296086,0.026574231,0.076000381,0.074139225,-0.011684987,2.305050677,-0.085517217,1.877925084,-6.000403698,2.025903976,50.09152201,60.92589932,1.937246869,4.689435803,1.803484018,2.262205691,2.00120798,0.894485182,2.091126898,36.07872799,59.14202174,0.006136208,11.87589831,34.11440155,4.896374966,29.30124981,-7.469854245,0.978764489,155.0022022,115.6481696,2.61978497,14.33054475,1.940175499,2.368987062,2.133645215,0.80956754,0.014683958,83.27324767,87.61970846,0.023927556,50.84081622,38.2005411,4.808859553,31.94939306,-14.39861073,0.734203087,1.227324471,0.155946796,1.167855888,0.19894514,2.744056496,0.14771989,1.32011458,1.151913426,0.214756667,0.305348931,1.997361797,0.121470852,0.186094014,0.02231036,0.804311543,0.032522707,0.052418236,0.470292557,0.025794525,3.31818816,2.460119742,0.278770436,0.653778201,5.059480955,0.238564189,0.070760391,0.050646783,0.047744709,0.170422741,1.377956314,0.204725544,0.697939029,2.026850316,2.127659574,0.375469337,0.375469337,0,0.125156446,40.30037547,1.001251564,18.77346683,81.10137672,0.973497883,1.035705618,1.534583742,0.950444114,0.995246554,1.104276867,0.994211425,1.03476368,1.057348039,-0.5233815,-0.197216217,-0.018963098,0.356506239,0.498729472,5.778055903,-0.109985967,1.190882543,3.03409565,0.84886328,0.932474768,1.150021666,0.674970396,0.98661409,1.001967045,1.01367284,0.939852697,0.965621471,-0.759878419,-0.223493653,0.232433399,0,0.178794922,0.733059181,-0.393348829,-2.056141606,-1.922045414,1.729617406,15.62452405,36.05769829,1.951587908,3.266469057,2.119467292,2.834061543,1.835038059,0.9973063,7.506251794,36.04071563,56.84996419,0.385356455,15.09642352,45.05607925,10.36676385,30.16680292,-2.681338185,1.050426268,49.56363818,71.75264566,2.760679969,9.671793104,2.355081177,3.012304718,2.086955048,0.941317667,-0.547524134,84.27464353,89.01504985,0,60.14572392,46.60707374,10.96263105,36.30553994,-3.900473786,9.639951482,1.731692379,0.1074537,2.859162524,0.278408986,3.139073676,0.164910997,0.650596879,0.660800953,0.219375026,0.288500547,1.886314556,0.14279639,0.193946034,0.027624203,0.609025181,0.071340203,0.038239442,0.780148866,0.027280049,3.251076709,2.470143108,0.588109937,0.853800129,5.014540928,0.27190848,0.062002141,0.114578213,0.050130554,0.223478605,1.388884281,0.217120278,0.780336887,2.143631916,1.953125,0.055803571,1.227678571,0.011160714,0.46875,44.12946429,1.004464286,21.953125,87.734375,1.062294849,1.249978494,1.142252568,1.023664875,1.037382858,1.068075211,1.0179334,1.057145029,1.017589949,-0.006168078,0.066839384,0.098398387,0.057825948,0.09847367,3.28736846,0.076326761,2.153880979,0.974807891,0.944801955,1.086932554,1.040411095,1.023874406,1.071497401,1.031481433,1.008373451,1.032747113,0.956476011,-0.624221346,0.018024409,-0.231000831,0.062667267,0.060350529,1.299353236,-0.143137843,0.958158376,-2.204659238,1.715189407,25.30172778,20.87881816,2.940543231,3.402554552,2.140916994,3.02260657,2.008100314,0.981623147,5.504872541,50.5930149,71.45364912,0.384960034,20.96274843,47.06026389,11.16600423,39.36363501,-1.216139786,0.875811989,61.25473765,34.89773317,3.712737941,8.00474831,2.220126723,3.369525482,2.208032698,0.919229733,-1.026430671,92.66895438,95.31450677,0.486764597,68.97799965,50.39335729,14.54187043,45.11464817,-5.120267116,1.199286084,2.164188893,0.465294112,3.060209662,0.405353196,3.169590954,0.352447996,0.785764387,0.92455034,1.027663906,0.557077836,1.793297411,0.315890025,0.343479538,0.053873828,1.010718763,0.135260974,0.067344086,1.00014869,0.066470411,3.053318033,2.690155832,1.018914972,1.12001467,5.376349189,0.376046,0.104424532,0.182189395,0.090208634,0.345221492,1.697964056,0.371789444,0.882228454,2.37722452,3.132728772,0.247320692,2.308326463,0.412201154,1.319043693,57.95548228,2.143446002,26.62819456,92.99258038,1.09570478,1.356561968,1.09273883,0.997519772,1.017039381,1.005482197,0.98591368,1.101212388,1.00192852,0.901241504,0.177307758,-0.185184213,-0.146808373,-0.098236899,-0.683720067,0.404324699,3.414268286,0.637992869,1.014528126,1.162159695,1.179289545,1.10206989,1.073997894,1.001887546,0.990855504,1.103444875,0.977758979,-0.184882967,-0.020563323,0.186004602,0.041313585,0.381636579,0.4345404,0.237506379,5.344594557,0.091319848,1.637491232,12.544923,13.16072517,2.696924457,2.392380067,1.748593951,2.513258419,1.959603788,0.981043278,7.545079956,42.64961524,71.41497901,0.609154463,20.77937785,32.66661615,24.04039801,41.43122977,-0.699172765,0.847374709,30.0840944,20.03050695,3.441355632,4.988894988,1.663391678,2.729606136,1.931626244,0.95662883,-0.910506549,85.73558529,89.48654533,0.27155953,67.39890502,31.6171673,28.11296425,37.98719006,-1.026768413,6.522456609,2.333716257,0.18867444,3.267543765,0.139694998,3.636546887,0.228287154,0.244275282,0.358824267,0.39343369,0.392518877,0.399168153,0.149028639,0.112640147,0.027250395,0.278903964,0.07960647,0.01763144,1.147190678,0.065608864,2.439371535,2.10453755,1.014100771,0.841577081,5.449865692,0.173772926,0.040079943,0.107912139,0.048634168,0.199407109,1.135549671,0.215603362,0.414957521,2.002531071,0.497512438,0.015547264,1.010572139,0.093283582,0.528606965,35.27674129,1.072761194,7.322761194,81.82524876,1.046042679,1.222993113,1.159826427,0.934169674,0.998625374,1.04249137,0.967140587,1.036177598,1.021571444,0.040957066,0.025873467,0.449508631,0.041333794,-0.197241117,2.716424286,-0.057953283,0.712860635,1.409710341,0.98200248,1.226523179,1.119292885,0.960079344,1.052529106,1.041193457,1.019890982,1.069506718,0.971556076,-0.18592886,0.076094965,0.162448389,-0.019969799,-0.052067376,2.168273369,-0.028039786,0.668441152,-1.564984827,1.671424356,29.10948786,19.41515711,3.427211752,3.344263623,2.222899759,2.844170476,2.301836413,1.067792051,1.792091523,38.93866066,64.18125954,0.185181764,18.19045244,50.24306069,9.973030885,23.33936752,3.849256194,0.853523096,88.02763148,36.80087536,3.085211659,8.052482317,2.283934257,3.095171536,2.483803951,1.049058765,-0.319892544,91.06793409,95.47255397,0.11986029,62.5264552,54.31473295,11.6092992,27.27759405,3.432300089,0.071888262,2.121628207,2.866463098,3.966133467,1.061148972,4.524206025,0.217450536,0.268209256,0.381534701,1.012742108,1.304532817,0.35662474,1.380476907,0.133035379,0.031671066,0.320146671,0.100081781,0.019292963,0.959017133,0.426614105,3.111624232,1.829929857,2.619522839,0.575776698,5.903562522,0.223914897,0.041516514,0.141961085,0.037446288,0.242495954,1.100448344,0.191511118,0.378391874,1.854615738,3.333333333,0,1.666666667,0,1.666666667,35,0,6.666666667,61.66666667,0.938234954,1.097312476,0.826313532,2.142723109,0.809218698,0.938314459,1.169385612,0.645383097,1.036202376,-3.333333333,0,1.666666667,0,-1.666666667,-3.333333333,4.166666667,-2.5,11.66666667,0.869689676,1.025391533,0.467788552,2.368919064,0.660614553,1.072648551,1.498093127,0.812615031,0.885651689,-3.333333333,1.408450704,-1.666666667,1.408450704,-1.666666667,3.028169014,2.816901408,-2.441314554,3.122065728,1.13279855,20.30380542,12.56798632,6.233145495,1.858069086,1.672051185,1.808607313,1.544480143,0.790475006,-1.515151515,27.27272727,47.42424242,3.636363636,11.06060606,25,1.818181818,7.878787879,-1.666666667,1.22585813,78.16605967,26.47767297,7.430194207,6.953936512,2.060779469,2.563858258,1.768800227,1.118014209,-0.392156863,88.23529412,95.39215686,0,65.98039216,41.47058824,2.941176471,10.98039216,17.74509804,0.001168188,1.697201812,1.306787536,2.50425935,0.311533486,3.771999846,0.339718818,0.420142857,0.12622825,6.151542156,4.677620357,0.382705575,0.542264108,0.191842352,0.498989936,0.614165634,0.03391212,0.001403408,1.45862588,1.2517082,1.182571054,1.006181509,1.189405455,0.649631543,5.016955628,NA,NA,NA,NA,NA,NA,NA,NA,NA,NA,NA,NA,NA,NA,NA,NA,NA,NA,NA,NA,NA,NA,NA,NA,NA,NA,NA,NA,NA,NA,NA,NA,NA,NA,NA,NA,NA,NA,NA,NA,NA,NA,NA,NA,NA,NA,NA,NA,NA,NA,NA,NA,NA,NA,NA,NA,NA,NA,NA,NA,NA,NA,NA,NA,NA,NA,NA,NA,NA,NA,NA,NA,NA,NA,NA,NA,NA,NA,NA,NA,NA,NA,NA,NA,NA,NA,NA,NA,NA,NA,1.078062364,2.218835932,0.975645918,0.965726036,0.106398041,1.0203435,0.174284955,0.030867681,0.083442467,2.245647025,1.031863233,0.188817874,0.265008114,0.07316199,0.063146996,0.125674202,0.019952325,0.01548459,0.653222656,0.938910508,1.147577877,1.603636004,0.400956014,0.357149521,4.862275994,0.117635883,0.044989513,0.06083873,0.032526083,0.111185974,1.199618199,0.203405546,0.293192308,1.170619479,0.537015727,0.421940928,0.690448792,0.076716532,0.191791331,38.74184887,1.994629843,4.909858074,43.11469122,1.079440881,0.890010306,1.093209311,1.116435162,1.080283598,1.107416486,1.00084116,1.056959886,1.095736492,0.064488033,-0.211414612,0.03135572,0.133809783,0.199186113,6.401008274,-0.370569692,-0.488805443,3.231173446,0.930229768,0.982664267,0.896322856,1.109095058,0.928352057,1.007089898,0.897555787,1.037440818,0.959114986,-0.015276596,0.273711246,-0.342622705,0.271109555,-0.104834809,1.562498958,-0.385934191,-0.301162422,-3.071212955,1.420377063,17.64648735,24.54026164,2.612650587,7.311278405,1.39213642,1.877222137,1.904292191,1.016225139,1.944504864,24.12927343,42.92095564,0.18727502,24.35942303,13.31728524,6.083511657,10.66564351,-0.400858059,0.587509294,38.04961537,31.91888303,1.755916455,7.938609433,1.272925919,1.44621358,1.478758169,0.860554603,-0.356835547,39.21769871,46.3966383,0.163523708,28.69709756,8.285178159,3.711075863,6.381433217,-8.880456982,10.24751138,0.836203469,0.097550038,0.694603479,0.056824405,2.979030938,0.089673536,0.053219642,0.071374135,0.128367537,0.219121981,0.223838315,0.046243607,0.037402084,0.009160884,0.145440121,0.010564067,0.00699999,0.52364997,0.051880677,1.664435261,1.281023556,0.425012142,0.354876623,5.270965998,0.050021226,0.012356783,0.017706746,0.015635171,0.05397195,0.782707603,0.095560085,0.201151034,1.10826601,0.188857413,0.034337711,0.094428706,0.094428706,0.077259851,22.86033136,0.386299253,2.781354623,39.60855009,1.221894383,1.295106269,1.271089644,0.931786977,1.277465534,1.311039974,1.239336638,1.167436078,1.215931858,0.025292334,-0.002611823,0.048337791,-0.046839874,0.025849286,8.373805697,0.192698209,0.541932179,9.852109808,0.859492488,0.912348807,0.881316462,0.71436939,0.948185686,0.948947193,0.915053379,0.931611504,0.877186054,-0.03387205,-0.008506818,-0.034156621,-0.068597813,-0.025598063,-0.998784949,-0.11076972,-0.361860908,-5.968116131,1.637054431,38.81286795,55.8826393,1.998288588,5.341815212,2.304614082,2.480232352,1.984812261,0.921759837,0.645818235,14.46266038,32.16505292,0.008075321,7.259099792,35.40588624,2.791325582,6.546511829,-4.112869903,0.806966973,182.8085426,145.873718,2.188725121,16.19018995,2.624240914,2.880060834,2.427556466,0.919504795,-0.119710683,61.76900899,74.39042816,-0.039111323,29.42073489,44.36411892,3.333794786,9.844838158,-4.122448583,22.22990078,0.682149971,0.042814256,2.743509629,0.097946749,3.199583522,0.105868149,0.111125053,0.141730728,0.19041198,0.226435015,0.345113991,0.049991408,0.047138039,0.010953625,0.217526489,0.031510308,0.009106579,0.50350182,0.01389323,1.969666895,1.473180653,0.602659359,0.460253557,4.86897647,0.052569572,0.017151895,0.029044695,0.018901088,0.084177286,0.774970432,0.092522586,0.327787857,1.279243351,0.082016749,0.064750065,0.168350168,0.064750065,0.099283433,23.04238971,0.17698351,5.849089182,48.0359147,1.102950226,1.267896025,1.249287007,0.948437975,1.075702994,1.153465034,1.080654224,1.066312597,1.100832902,-0.001398184,-0.024440783,0.011209361,-0.024440783,0.032637854,4.107744044,0.075865623,0.64436972,6.330313448,0.909017098,1.019032314,0.985485754,0.949795511,0.987765122,0.953739321,0.960017221,0.977681119,0.904461756,-0.032609634,-0.007108431,-0.06130142,0.005243348,-0.021055501,-1.669695374,0.049465765,-0.204326337,-5.578734202,1.841145202,35.24460056,46.79781992,2.846479166,4.029249534,2.445651127,3.601723965,2.092309095,0.945350509,0.350623559,19.04953908,46.27438508,0.031392226,6.612650229,42.05795881,4.59407766,14.23263176,-2.740878048,0.928233097,137.8454786,97.43767995,3.624004127,11.04148451,2.695561303,4.050541066,2.45481208,0.935938584,-0.039579647,69.31384951,82.15356556,0.050436355,31.89222915,49.05824685,4.933656077,19.74048342,-3.470895,43.76839517,0.354375238,0.020301741,1.053105315,0.039251821,1.034266233,0.048069693,0.030715098,0.038456897,0.119834697,0.120457281,0.217949416,0.025526385,0.021922611,0.0058789,0.152076199,0.012081954,0.004287567,0.293958429,0.030522726,1.342512631,0.874728226,0.285332915,0.211739888,4.674864977,0.020555336,0.007657526,0.009977513,0.008248308,0.029283776,0.730585427,0.055964134,0.193409808,0.725630313,0.018496445,0.03904805,0.032882568,0.043158371,0.034937729,22.11763739,0.119199309,2.9142176,23.65695261,1.446586396,1.63085426,1.582574941,1.343767395,1.400432692,1.284639202,1.322739226,1.268144651,1.266273847,0.017286303,0.019737893,0.033571106,0.033518946,0.031515945,6.822937692,0.036711234,1.361820738,8.652312568,0.850890379,0.991742145,1.096147776,0.838600411,0.940232272,0.956491029,0.870443743,0.956579502,0.836378775,0.000105438,0.009316845,0.002461009,0.003346336,-0.007034905,-1.021242432,-0.026189897,-0.101612965,-5.04204878,1.969173082,57.58782394,104.7288528,1.977841982,6.033405964,2.261182569,2.993533134,2.239675331,0.892901861,0.131396102,13.34473105,34.60674324,0.005601855,3.322294135,31.65586233,1.473634743,8.401766724,-3.569545388,0.86382689,281.0192063,238.6882412,2.34452846,19.46963409,2.529110886,3.059490217,2.410723259,0.810499219,-0.002413456,59.49414322,69.96430291,0.005090594,17.61614184,38.56950828,1.384560089,9.93206924,-5.877209132,100,0.826320327,0.088224548,1.708000901,0.101080439,2.157107643,0.096672556,0.14973144,0.172559591,0.229151391,0.220440548,0.539722792,0.065455339,0.062937211,0.013350822,0.248427655,0.028163077,0.012222,0.489617147,0.053273126,1.880567839,1.384032829,0.452036129,0.41155146,4.885633701,0.072586927,0.019749956,0.03375682,0.019692176,0.079538739,0.890196757,0.104129835,0.31767946,1.159825165,0.324447886,0.058990525,0.27190945,0.059912252,0.14194595,27.12458061,0.397264314,6.399550197,42.90454596,1.363331913,1.528997701,1.487592858,1.210295311,1.295558455,1.231371337,1.233599535,1.235483806,1.220916799,0.12601046,0.011119724,0.157515822,0.025972803,0.06137377,6.947247335,0.143460976,2.260818232,11.30820359,0.842950607,0.983115337,0.953641467,0.867089019,0.937420849,0.957103118,0.896424501,0.954573527,0.866885276,-0.125699463,0.012630528,-0.058836817,0.006337222,-0.022875949,-1.298924163,-0.074074313,-0.330561218,-6.582824187,1.551317918,31.92446303,38.34121241,2.244959579,3.858476036,2.144330528,2.65735496,1.996669669,0.866064182,0.861249828,19.71187724,41.89786604,0.054037918,7.010223723,34.5974015,3.59201821,13.13828434,-6.943514862,0.766776628,123.6763697,80.56805365,2.637489678,10.68671816,2.359607881,2.860485871,2.212725847,0.82326194,-0.171598173,66.17002013,75.93631804,0.051151209,29.03035636,41.13546183,3.927612801,16.04846441,-8.775074553UPN13,0.063355546,0.030045382,0.02185781,0.109146279,2.34100361,0.314240092,0.016163355,0.048236811,0.02103589,0.298416067,0.054375061,0.121069974,0.009262875,0.029168358,0.022921629,0.201810626,0.010010819,0.074353092,0.040048886,0.22482517,0.080945286,0.221558145,3.61590791,0.225232061,2.102534777,0.136154818,6.06E-05,0.000804902,0.053458507,0.100666957,0.830916037,0.025488347,0.406092695,0.413146936,0,0,0,0,0,23.80952381,0,9.523809524,14.28571429,0.142869609,466.8269187,0.58730715,0.122297792,0.696052387,0.719198828,0.515579394,0.59484113,0.984640172,0,0,0,0,0,-5.952380952,0,-5.952380952,-10.71428571,0.873671239,951.4189074,3.562647311,0.15937236,0.752785472,0.883762202,0.830431821,1.166542644,1.313914504,0,0,0,0,0,-4.578754579,0,5.860805861,1.098901099,1.590984345,3613.191611,239.1926981,4.518565747,2.329727153,2.078645912,3.222186416,2.447207357,1.733092974,3.225806452,3.225806452,3.225806452,3.225806452,3.225806452,34.25499232,0,29.1858679,11.52073733,0.960374988,2937.805544,272.0974245,0.296357465,4.508331479,2.196842921,6.165083296,2.232818419,1.694926874,0,6.666666667,6.666666667,0,6.666666667,36.19047619,0,23.80952381,5.714285714,0.104715282,0.068984052,0.014607971,0.14592036,1.549950889,2.940032971,0.024329941,0.076762091,0.032293359,0.256925114,0.058331223,0.085968645,0.027465415,0.082537063,0.015865001,0.288029492,0.01693375,0.098678858,0.099906892,0.874989045,0.125399838,0.318400413,4.315654434,0.442299386,1.953236039,0.12986142,0.041880205,0.023996868,0.074862644,0.29802324,0.864766989,0.055924052,0.484267933,0.855108874,0,0,0,0,5.128205128,23.07692308,0,5.128205128,23.07692308,1.178045448,1.597820518,0.817609319,0.65966153,0.779122458,0.800381955,1.345103588,1.236583183,1.141475196,2.702702703,0,0,0,-5.128205128,-4.158004158,0,13.79071379,14.76091476,0.824038203,2.694977467,0.173793506,0.27889718,0.733927355,0.804937752,0.232758591,0.97062173,0.840031666,0,2.040816327,0,0,-5.128205128,-2.668759812,0,7.116692831,-0.627943485,1.781250844,1.671852205,5.821178253,1.16183311,0.983360061,1.417258898,0.921941493,2.09539754,1.10176659,3.333333333,0,1.666666667,1.666666667,-1.794871795,10.25641026,0,23.20512821,3.58974359,1.231329867,17.54591037,38.92331666,1.949496313,2.820776937,1.361354408,2.94199037,1.637022255,1.086908018,4.545454545,27.27272727,31.81818182,4.545454545,17.5990676,17.83216783,0,22.14452214,4.195804196,0.000800568,0.342585265,0.518723105,0.226808263,2.283509355,2.993153275,0.876076293,0.001513403,0.001081853,1.831440425,0.383471703,0.016975088,0.063794695,0.111047031,0.046575,0.202846073,0.000779319,0.057942601,0.001387695,1.290438997,0.001267756,0.73314621,2.308510885,0.173183882,2.424086509,NA,NA,NA,NA,NA,NA,NA,NA,NA,NA,NA,NA,NA,NA,NA,NA,NA,NA,NA,NA,NA,NA,NA,NA,NA,NA,NA,NA,NA,NA,NA,NA,NA,NA,NA,NA,NA,NA,NA,NA,NA,NA,NA,NA,NA,NA,NA,NA,NA,NA,NA,NA,NA,NA,NA,NA,NA,NA,NA,NA,NA,NA,NA,NA,NA,NA,NA,NA,NA,NA,NA,NA,NA,NA,NA,NA,NA,NA,NA,NA,NA,NA,NA,NA,NA,NA,NA,NA,NA,NA,0.000297967,0.201498199,0.028882763,0.31798198,0.039167523,2.084096482,0.051475263,0.208276046,3.255510231,0.491625891,0.119665332,0.054326078,0.002379941,0.029675365,0.024086945,0.39389934,0.013284257,0.041757887,0.025438583,1.03356712,0.312050329,1.451653194,3.616357016,0.59186782,2.192447006,0.163461093,0.003086539,0.000270587,0.025137386,0.316833563,0.394948674,0.000490251,0.375997709,0.293509547,0,0,0,0,0,25,0,12.5,0,0.002627915,11.28882145,0.355832998,0.008678275,0.294038666,0.400549742,0.473473571,0.082591166,0.540479356,0,0,0,0,0,-25,0,-12.5,0,0.475986497,71.21852936,612.5363905,23.08502188,0.393801408,0.250266334,22.86495847,1.29843383,2.566200941,0,0,0,14.28571429,0,-25,0,-12.5,28.57142857,3.026989871,116.2451953,2351.713819,9.184997348,0.817523411,2.51531539,0.367386659,2.363723713,3.130113983,14.28571429,14.28571429,28.57142857,14.28571429,14.28571429,3.571428571,0,16.07142857,28.57142857,0.08165406,67.10857863,1626.519413,4.445158272,1.832021408,1.714425552,0.661716374,0.964643287,0.911655514,0,0,25,0,25,0,0,-12.5,0,0.348814575,0.230621701,0.062147803,0.761210794,0.103899729,1.143841897,0.131039276,0.654988547,0.163312087,1.276142381,0.123752352,2.851991377,0.030762495,0.059558404,0.024848486,0.594227333,0.093541377,0.336965154,0.021294181,0.405712475,0.28936544,2.58928728,2.215410493,0.62123648,2.361075563,0.04665335,0.062376448,0.004408758,0.04981376,0.074452609,0.531299843,0.028104261,0.408063159,0.655263426,0.462962963,0.925925926,0,0.462962963,0.462962963,11.57407407,0.462962963,10.18518519,18.05555556,0.993345541,1.097268398,2.72319407,0.609615536,1.672336844,0.998349628,1.114882703,1.138060539,1.043034382,-0.073857905,0.241389249,0,-0.462962963,2.260772446,2.433708027,-0.462962963,2.266176683,2.567012538,1.394078987,0.831760002,3.954154432,0.626934488,2.155411268,0.802166781,0.832501176,1.041828866,1.113517092,0.682075205,-0.544246537,0,-0.462962963,2.590472152,-1.650409952,-0.462962963,1.646875884,4.845207803,2.713157635,7.582883891,160.8823906,1.75924873,1.918934301,1.49243348,2.875589505,2.518623417,1.451240327,1.717722395,12.4697127,23.98753894,0.783142956,0.471616476,9.298200069,0.160089997,25.64035999,13.4086189,1.181532865,14.21677384,268.0507387,1.998104837,4.374644134,1.478766259,2.354489413,2.142959079,1.118956941,-0.118135377,28.72924649,42.4137931,0.916347382,6.433588761,12.90868455,0.226692209,20.50446999,4.358237548,0.343172266,0.469933841,0.029970565,1.01936903,0.108363562,1.290651837,0.076715938,2.430652115,0.968213046,2.298698928,0.171405195,1.555890372,0.043608816,0.087426122,0.046975311,0.955646209,0.042402432,0.176089922,0.029176123,0.133552278,0.498721747,3.020598026,1.935412581,1.04683513,2.924280072,0.096432373,0.110459993,0.028999238,0.073950689,0.176766656,0.757396693,0.069520199,0.765154973,0.952262471,0.568181818,0.568181818,0,0.568181818,0.568181818,23.86363636,0,26.13636364,30.68181818,0.910645829,1.084810829,0.911937057,1.324413249,0.994944319,0.908355,1.262659566,0.894090777,0.918283259,-0.087412587,0.393356643,0,1.354895105,0.874125874,-7.036713287,0.961538462,-5.463286713,-0.393356643,0.674782586,1.004484295,1.715646046,0.911271866,0.872904222,0.93062586,0.572679924,0.833677725,1.087243776,-0.568181818,0.455708967,0,0.114412038,0.455708967,-3.044523736,0.341296928,-7.02373565,4.813062364,1.392596128,5.997437897,27.83891271,1.361447529,1.360792766,0.957685072,1.212187586,1.324825539,1.030684984,0.197124304,18.81957328,27.55102041,0.962430427,2.237940631,-2.945269017,0.510204082,7.537105751,4.522263451,0.960662664,9.361409644,36.56487981,2.384627429,2.151441507,1.510594408,2.709613,1.237471943,0.961642246,0.447046608,35.47242732,39.59390863,1.462275035,7.04603138,13.1922012,1.52284264,5.843331795,-1.240193816,0.943568394,1.247588082,0.015553494,3.488126186,0.057491301,2.382334842,0.04093887,1.38176286,0.453554266,0.445696644,0.112144429,1.583807108,0.052947883,0.059242949,0.027789589,0.607630341,0.057730142,0.140243769,0.023315943,0.020856408,0.708560037,3.808207522,2.859668899,1.725983308,4.203997918,0.060136199,0.090247652,0.029323225,0.042604036,0.284627991,0.834327104,0.101394508,0.745042524,0.986069728,0,1.420454545,0,0.284090909,3.693181818,22.72727273,0.284090909,20.45454545,30.68181818,1.188879842,0.8361387,0.996280254,1.126265147,0.982050732,0.935796475,0.757841424,0.929604195,0.912985093,0.534759358,-0.885695187,0,0.250668449,-0.484625668,-0.267379679,0.250668449,-1.737967914,-2.874331551,1.201039604,0.961948264,1.223286329,1.173093306,0.921607137,0.837948037,0.771880989,1.001899966,0.947320159,1.03950104,-1.212554338,0,-0.076190701,-0.990479115,-2.145152145,1.171210546,3.038178038,-0.952088452,2.622991878,12.47596039,50.80319703,3.312887305,1.203603773,1.085631341,0.848679968,1.71140606,1.113178496,2.027027027,41.14711302,55.40540541,0.661855037,1.441953317,3.894348894,-0.013820639,26.57248157,6.615479115,1.829665482,17.11907495,67.88306997,5.232793806,1.846360195,1.485193642,1.740975762,1.7449941,1.070569023,0.873362445,56.87648869,71.39737991,2.554337039,7.005508138,18.1024216,2.335996427,26.48868599,4.471020246,7.517376259,1.398207647,0.036437482,3.487138552,0.061396046,1.964672359,0.066267444,1.889449129,0.863155928,2.242030809,0.262371159,1.464491424,0.071395664,0.110139415,0.043839785,1.054458925,0.085042555,0.185856759,0.03658438,0.052433927,0.965635922,4.087054945,2.965534527,2.068472049,4.252036586,0.14709994,0.137613249,0.066056874,0.08154403,0.398790318,0.991697517,0.094487475,1.077123318,1.252160159,1.164483261,1.018922853,0.545851528,0.545851528,4.985443959,31.76855895,0.473071325,37.15429403,45.81513828,0.910839162,1.010903143,1.159296047,1.149899191,1.003669093,0.947913952,1.099170547,0.993301545,0.967572046,-0.066414347,0.306332732,-0.205071521,0.741539611,0.1641206,-2.499342746,0.094895355,-0.766562112,-1.551601743,0.931793738,1.018888719,1.091115017,0.979719594,0.884794249,0.908806683,1.013728207,1.00902233,0.981612666,0.009929533,0.255439966,0.053848622,0.32871119,-1.262305528,-3.307789337,0.401491394,-0.247747305,-0.812639532,1.677532212,8.680386678,22.52399056,2.360224362,1.027464127,0.991633845,1.307998936,1.41040574,1.029999844,1.49955226,43.4967818,54.65888453,1.460397444,0.852411657,-0.605921228,0.414940516,20.66514356,2.170390414,1.114509795,12.44419555,30.45531824,3.532106845,1.618066766,1.397224669,2.076693674,1.463950978,1.016453868,-0.06791446,66.04863993,72.74739219,2.17788388,9.65905551,15.8791241,1.366334406,24.89027618,1.903291148,13.9224559,2.162229796,0.02403298,4.088804978,0.029276965,3.19544556,0.034316881,0.860098045,0.409419885,1.538300853,0.186659669,0.132622523,0.06332735,0.052957399,0.03686632,0.268168947,0.06671693,0.08153999,0.02716,0.025478854,0.643308129,3.641965529,2.728860204,1.722921188,4.223242888,0.078630064,0.076049292,0.050100379,0.066043896,0.321997965,0.758281395,0.068692868,0.592294099,0.788123109,0.529600908,0.718744089,0.359372045,0.567429544,3.707206355,22.35672404,0.529600908,14.56402497,23.03763949,0.938917929,1.036305238,1.008310493,0.930121185,1.055718505,0.95638124,0.977672769,1.000382375,0.91814058,-0.072435334,0.016696181,-0.061220584,-0.090387207,0.42716057,-2.161931752,-0.092312099,-0.690043651,-3.240382487,0.930716909,1.03309859,0.959393853,0.847954949,0.936828015,0.92881171,0.972001737,1.038925886,1.008292738,-0.089798819,-0.086528586,-0.015776663,-0.14137127,-0.147558197,-1.837207822,-0.034823558,0.732841443,-0.58024532,1.754901896,13.50846906,29.47407664,2.327955839,1.354676965,1.081043525,1.410417557,1.635178004,1.185197423,0.620730009,35.20939962,52.33523873,0.740480951,4.849364713,1.86325705,0.337086769,16.98340649,6.287919914,1.232636537,20.07653655,40.69916344,2.957855279,2.01958638,1.471081871,1.952678917,1.734535568,1.037663644,0.17149748,55.78978594,70.87222412,1.419015887,13.14252489,15.17540964,0.73237619,20.5376343,0.098607294,0.171332767,1.756103444,1.737943234,3.309634929,0.163807753,3.150234772,0.081652975,1.845998168,0.837885043,3.064771478,0.62526896,0.175409378,0.276717683,0.127185196,0.072541282,1.000886592,0.09758076,0.159630451,0.044001344,0.482613586,0.84023204,3.562285497,2.62063066,1.642274019,4.399054003,0.170080983,0.212656228,0.119755534,0.094567868,0.287828552,1.070010716,0.097955407,0.751364925,1.1146502,0,1.234567901,0,0,1.234567901,33.33333333,0,20.98765432,39.50617284,0.760132215,0.58145962,0.668258428,1.191239799,1.202862914,1.036481125,1.349253462,1.354805703,1.071166532,0,-0.058097313,0,1.176470588,-0.058097313,1.960784314,0,15.48293391,6.376180102,1.117029314,0.665362805,0.520811496,1.242634751,0.896768394,0.967213363,1.088656528,1.28891176,0.986413321,0.694444444,-0.540123457,1.388888889,2.777777778,-0.540123457,0.694444444,0.694444444,11.65123457,-1.311728395,0.915899204,3.894847206,10.95425682,2.333865549,2.251379266,0.919182653,2.211004171,1.418541,1.062847577,1.307189542,29.48438635,47.7124183,2.614379085,16.41249092,5.22875817,3.267973856,17.57443718,1.016702977,0.692939675,5.119682493,13.31554711,3.084202075,2.095066185,1.13645024,2.510578255,1.354769048,1.021113196,1.25,38.7654321,55,2.5,11.2654321,11.66666667,1.25,16.51234568,2.99382716,0.022022136,1.887107473,2.8893944,1.462951773,0.105341677,4.535613185,0.037348346,0.056607799,0.044886627,5.447958281,3.091925771,0.048139253,0.429247868,0.093438635,0.565275033,0.10319882,0.030418479,0.073110634,0.149144243,2.179816499,0.095934155,2.155610238,0.905628931,0.271265062,4.519405992,0.065719883,0.055878719,5.54E-05,0.084000625,0.117611809,1.461825377,0.182178315,0.249874425,0.637445858,0,0,0,0,0,30,0,10,30,0.301227423,7.946222985,1092.475439,0.775345807,1.174991754,0.872319796,0.775045781,2.190521044,0.385226172,0,7.692307692,0,0,0,8.461538462,0,5.384615385,-30,1.052447359,0.863208322,13.06793529,0.00261408,0.665053553,0.757396389,0.197202196,2.431112,0.614157354,0,0,0,0,0,11.66666667,0,6.666666667,-13.33333333,1.219618434,9.317118665,39730.47783,1.006971367,12.16460213,0.627728311,0.6091905,1.813575966,1.164919672,0,8.333333333,83.33333333,0,50,-5,0,-1.666666667,-5,0.372857486,7.918733541,8338.833029,0.484675946,2.750936168,0.759456701,0.396385446,1.805422173,1.147129602,0,15.38461538,7.692307692,0,7.692307692,0.769230769,0,5.384615385,0.769230769,2.748442384,1.856440158,1.615862818,0.951940769,0.052600631,1.05133717,0.035672518,0.205756784,0.130732652,3.567695503,0.911436462,0.081250532,0.365311159,0.044231513,0.119741862,0.164399931,0.015968119,0.070372257,0.041392829,1.241024192,0.171194494,2.021281142,0.853717654,0.480742195,4.698415355,0.046090577,0.053685228,0.020092321,0.050918702,0.090336407,0.918095514,0.102197974,0.27947782,0.424097935,0.576092175,0.720115218,0.144023044,0.624099856,1.008161306,29.76476236,0.528084494,5.280844935,9.841574652,0.776949931,0.956243017,1.183287486,0.851303861,1.072693945,1.0531399,1.078473122,1.022975257,0.963650196,-0.250359276,-0.161715963,-0.050956501,-0.112233872,-0.124029151,1.970928657,0.542180746,0.070481263,-1.419052549,0.951610686,1.049093785,1.215085283,1.018689225,1.0881856,1.08021896,1.198990662,1.2088526,1.161916642,-0.33865648,0.031764481,0.014267419,-0.03051062,-0.374999454,4.030251488,0.540376132,2.11923421,2.821662388,1.472022194,12.29910815,98.70704964,1.951462094,11.05439562,1.282091737,1.613965331,1.893212018,1.68151348,-0.228601827,19.62737513,62.94478005,0.186710955,33.12311283,11.93407934,0.514386549,8.078228424,10.89201608,0.994920489,7.019982857,39.28030792,1.429774764,3.576327484,1.062522527,1.172697294,1.352333042,1.354845281,-0.318227296,10.78065838,26.82864328,0.097921805,6.315201252,3.138796173,0.554947997,3.744425823,6.713350567,6.494772378,0.193862881,0.080611491,0.173413194,0.018290376,3.677648952,0.0333814,0.080597787,0.034588617,0.385572927,0.070430726,0.032825831,0.024989647,0.037483009,0.018458002,0.156284361,0.01152931,0.060776363,0.030034692,1.758381233,0.096239875,0.626749401,4.377493043,0.397583512,0.976453582,0.022294889,0.042731378,0.016373208,0.029345671,0.184587934,0.364746092,0.028070827,0.304277451,0.655128341,0.040966817,0.491601803,0.081933634,0.286767718,2.212208111,9.012699713,0.286767718,5.612453912,19.54117165,0.974520115,0.85076256,0.628994779,1.082309573,0.900304004,0.853661488,0.815467943,0.920292597,0.900739105,0.186047939,0.000263502,0.031573744,0.053754416,-0.585269027,-0.499646365,-0.135424548,0.025079194,-2.666408125,1.12723865,1.052958527,0.816757116,0.896102272,1.100814906,0.973888584,1.07818738,1.081721314,1.097705426,0.254599686,0.001009035,-0.016252189,-0.155404828,0.152323908,-0.244226807,-0.056882661,1.349779257,2.265068086,1.390072601,3.743687333,17.19558069,1.758071715,1.735455605,1.095441651,1.44099425,1.713174806,1.515471596,0.305773821,3.495915534,8.135819487,0.094646984,4.54923433,1.042778789,-0.044049272,9.054675075,15.89572155,0.916828328,20.00510747,60.68724385,1.240966926,5.056622439,1.258686029,1.923839956,1.345872763,1.152361511,0.100176444,25.23175741,33.43959071,0.101376248,26.15758723,2.49047601,0.277805323,5.255577139,4.382610988,14.89778797,0.670697325,0.018781603,3.4833587,0.032630154,2.777122339,0.028293838,0.602234325,0.203974784,1.126658375,0.16934977,0.215805127,0.030695182,0.038611275,0.02163685,0.415139746,0.031232043,0.060082106,0.015997234,0.05719505,0.486580419,3.351756892,2.652829913,1.434270175,3.997415057,0.045821856,0.04394394,0.023863997,0.04237064,0.1753555,0.614161294,0.049711585,0.509029571,0.636268974,0.247524752,0.304645849,0.076161462,0.361766946,1.466108149,17.23153085,0.380807312,12.7189642,16.88880427,0.839602181,0.988455928,0.966055383,1.029232754,0.924649424,0.87272073,0.910065571,0.910493835,0.887874709,-0.157693635,0.018746174,0.067568326,0.159253536,-0.172540057,-2.62499114,-0.075381512,-1.184648717,-2.443960571,1.04605433,1.1441516,0.97298407,1.03721084,0.873191974,0.938496527,0.902589598,1.045937284,1.039269287,0.103744607,0.078557089,0.099473218,0.117236726,-0.252632179,-1.360542501,-0.029537952,1.411644131,1.185600972,1.972631955,14.31858942,40.01245583,2.19268322,1.307570061,1.1330473,1.338697456,1.727341502,1.232527018,0.395432853,18.94389745,33.69920522,0.36156036,1.306646522,2.840801885,0.081318467,15.91274164,6.538963467,1.274046445,24.14661264,63.42452615,3.022642555,2.204002848,1.571657674,1.965197615,1.666038967,1.042795711,0.044588198,36.98844081,54.2763215,0.767736462,5.895138199,13.42085474,0.437108949,14.48648857,1.455889016,52.40990619,0.431613515,0.013915638,2.247782592,0.015688533,0.73156401,0.015582693,0.476860955,0.13533698,0.897883992,0.078342366,0.215961962,0.020055096,0.026807708,0.015055273,0.375328285,0.017297248,0.041011784,0.016244987,0.19185417,0.304785243,2.773190686,2.540854955,0.925192266,3.432768097,0.026954304,0.034050825,0.014876007,0.028471004,0.089428391,0.500965764,0.030123385,0.3813172,0.387516125,0.14797136,0.386634845,0.109785203,0.338902148,0.673031026,13.59904535,0.248210024,8.821002387,8.486873508,0.906701004,0.994961495,1.063722983,0.911901455,0.954088729,0.892894025,0.982488274,0.914622721,0.874122498,0.000459513,-0.004955456,0.01744126,-0.042040401,0.052159813,-1.588867229,-0.057370329,-1.089874312,-1.447009217,1.143333924,1.068962477,1.119987971,1.08177574,1.069705457,0.998100402,1.137172198,1.080430146,1.130146819,0.035835687,-0.027986947,-0.006673932,-0.002669744,0.120477447,-0.19458018,0.011809702,1.257003531,1.945297208,2.434116591,13.72132548,54.01282519,2.121403854,1.812596956,1.314618598,1.70091972,2.052979194,1.466240675,0.333179665,12.51568683,26.91408549,0.062835601,1.732724101,5.170516012,0.214255525,16.25490736,6.685733583,1.354708359,23.32534062,80.98178469,2.769305181,2.783493053,1.746705172,2.105416914,1.850994114,1.102591465,0.09617368,25.4701334,42.48900311,0.334757315,4.178221347,13.65929628,0.235558852,13.37811146,1.699400115,100,0.86110339,0.114702403,2.55844721,0.030994977,1.683614965,0.027825217,0.649482682,0.2486391,1.250573266,0.168234398,0.327670902,0.051855842,0.041708206,0.027985775,0.405803354,0.032369181,0.067998642,0.022049672,0.297915675,0.416279332,2.907614029,2.644174305,1.147813046,3.593103145,0.046587072,0.051204624,0.025014996,0.040878024,0.161843069,0.603923275,0.046963994,0.470356229,0.563397438,0.300005042,0.504210155,0.166389351,0.398326022,1.623556698,17.2490294,0.335299753,11.8917965,15.3078203,0.869039609,0.970332466,0.997968727,0.94543436,0.948779234,0.90471893,0.964392323,0.928227939,0.885231381,-0.041928417,0.004904642,-0.009197225,0.033365787,-0.046943133,-1.898162493,-0.030300105,-1.160501191,-2.333604501,1.08655235,1.111508053,1.116617757,1.035864916,1.03623709,0.991596891,1.089313064,1.09486907,1.110144117,0.055447732,0.013980034,0.02846729,0.02778905,0.033795393,-0.129481634,0.080108911,1.771722482,2.377025849,2.218726396,12.93942586,41.89537499,2.408164442,1.869323381,1.23996891,1.620463903,1.910023202,1.401497099,0.612959048,20.87001817,36.17827633,0.434210279,4.286798923,5.068595159,0.264648078,18.03168841,9.381337165,1.193074276,18.85190989,54.4682901,2.731554416,2.438516703,1.539577844,1.897993362,1.684780953,1.069334634,0.070273288,32.72640615,48.03937606,0.642926463,7.422168948,12.3757221,0.435077981,14.10720946,1.767229402UPN14,1.108216818,0.86167833,0.015225083,0.716431019,2.455042065,0.324753418,0.018598864,0.041245623,0.06689464,0.269726233,0.098386308,0.201886541,0.040568549,0.04971315,0.019856158,0.090737064,0.011725616,0.070451801,0.042619565,0.043463663,1.051604242,1.306095674,1.469532177,0.227568423,4.988638158,0.029150418,0.029574475,0.007042255,0.040820403,0.055852387,0.758666773,0.083827712,0.396384575,0.53439798,0.169204738,0.338409475,0,0.507614213,0.338409475,23.68866328,0.507614213,9.137055838,15.2284264,0.864062892,1.049683776,1.461125511,0.799763027,0.816627981,0.904858799,0.995481418,1.018773621,0.936567481,-0.020173441,-0.189378179,0,-0.20955162,0.257715711,-2.228156576,-0.060520323,1.742228812,-1.517547111,0.87933633,1.077787877,1.208759184,0.706995196,0.971501994,0.884896728,1.094973046,1.017046863,0.868212059,-0.011972033,-0.023944067,0,-0.507614213,-0.023944067,-2.305015484,0.278549309,1.712000766,-2.335344635,1.916016234,6.182321752,81.84176721,0.825810166,2.594632064,0.894206098,1.025794931,1.460487908,0.986797124,-0.169204738,3.81006214,18.55895197,-0.07093299,2.063337249,-3.164645815,-0.507614213,5.491765123,-0.599605435,1.196030886,36.82645324,286.1382582,1.168234229,9.214024782,1.280269305,1.650260779,1.394363849,1.23562227,0.099612467,34.60782708,64.24731183,0.2988374,14.44653676,7.494132416,0.2988374,7.529610829,2.244691884,1.818999964,0.888158466,0.017925304,0.798199826,1.897582713,2.150457406,0.018445412,0.092776617,0.101873786,0.227204913,0.121507054,0.193097556,0.046979307,0.060600128,0.021457642,0.152872852,0.017138016,0.130906392,0.05498747,0.057035932,1.615346127,1.405628515,1.914962633,0.415077609,5.163969244,0.037672901,0.044792646,0.01013709,0.029289486,0.076953749,0.764030742,0.11294888,0.395360914,0.720295321,0.106723586,0.53361793,0.106723586,0.213447172,0.853788687,23.69263607,1.067235859,9.818569904,21.45144077,0.708081886,0.777362172,1.132449765,1.077915123,0.996931462,1.05069896,0.915278783,1.066839224,0.955377259,0.091100351,-0.137970056,-0.007811618,0.28111267,-0.359228846,1.628827825,-0.177028144,1.259570551,-1.57013513,0.883650523,1.274612715,0.441370226,1.806490483,0.917740864,0.999871301,0.890389767,1.086162554,0.881375087,0.194179122,0.469391098,-0.106723586,0.388358244,-0.251983271,0.178978772,-0.064226832,0.813325783,-3.397278281,1.575121054,5.914974516,59.1541611,1.759506529,2.719634453,0.998927262,1.151244214,1.422129123,1.068298061,0.746518735,6.292320637,17.47006822,0.469146685,2.559180596,-1.508335731,0.297951854,5.710440335,0.903508037,0.93578925,27.51830271,199.0610828,1.923946425,9.400952158,1.208665982,1.661835213,1.27051513,1.146673278,0.090515073,39.11135248,63.79860186,-0.016208513,24.39275964,6.287640062,1.694105364,2.212988281,2.808914261,0.025595024,1.131930111,0.041830047,0.764820119,2.216345567,2.182551178,0.580334185,0.114885421,0.130189732,2.172950061,0.331113345,0.37692029,0.056290292,0.120691256,0.129457627,0.297090067,0.031927349,0.206112401,0.116352886,0.127963059,1.699353203,1.912435156,2.091874113,0.616527359,5.27595294,0.083599789,0.014948863,0.00617892,0.004175349,0.227840942,0.964767696,0.201467571,0.314007654,0.914412808,0,0,0,0,0,44.82758621,3.448275862,0,31.03448276,1.763934326,3.616635401,3.639135208,29.81949645,0.2596207,0.795533609,0.689086517,1.618981034,0.918372406,0,0,0,0,0,-17.55485893,-3.448275862,13.63636364,-8.307210031,0.622072054,5.693189904,0.066422172,21.62152956,0.456138387,0.599721233,0.632088477,2.91622947,1.123015098,0,0,0,0,0,-33.7164751,-3.448275862,22.22222222,13.40996169,1.856673177,26.36286502,94.8671929,81.74575668,1.205741107,0.8080031,0.066768776,2.357411164,0.983051778,0,11.11111111,16.66666667,5.555555556,5.555555556,-22.60536398,-3.448275862,22.22222222,2.298850575,0.706814895,115.9281411,421.7628863,42.41242749,6.743137053,1.423174955,0.563164769,2.713268817,1.433079086,0,46.15384615,69.23076923,7.692307692,69.23076923,1.326259947,-3.448275862,23.07692308,15.1193634,0.016751837,0.607913353,0.022352985,0.852692697,1.046787565,2.294582355,0.036805771,0.369654339,2.310664471,0.33560197,0.158282229,0.170792688,0.029197241,0.052139759,0.020928183,0.216557596,0.016466795,0.163394262,0.031796006,0.085321892,1.763962377,1.118486688,1.759414593,0.391723634,4.552292487,0.035543918,0.042031536,0.000141559,0.052086509,0.121620624,0.509974315,0.080728353,0.317104315,0.722623689,0,0,0,2.857142857,0,17.14285714,0,5.714285714,11.42857143,1.924174471,1.388627996,4.654223489,2.138523773,0.096982475,0.679936442,0.885083895,1.536627535,1.132661498,0,2.702702703,0,-0.154440154,0,-6.332046332,0,7.799227799,18.3011583,0.161041961,1.001313726,105.1447182,1.043519326,0.39658819,1.170542643,0.430187789,0.951266345,0.813120076,0,0,0,-2.857142857,0,-5.142857143,0,2.285714286,8.571428571,1.779711973,7.115912922,2485.795843,1.026353642,1.673092245,0.958076521,1.456538825,2.062406373,1.051447636,0,3.921568627,11.76470588,-2.857142857,1.960784314,-9.299719888,1.960784314,15.85434174,8.179271709,0.967473638,14.03116303,8105.14806,1.269281491,5.914385092,0.817000154,0.497395422,1.307685143,1.124024261,0,20,32,-2.857142857,16,-5.142857143,0,6.285714286,12.57142857,1.082450113,0.696806243,0.042097852,0.980115879,0.93057784,1.464241461,0.109753646,0.193534323,0.180985137,0.521739985,0.166102027,2.194584691,0.057388064,0.141453088,0.042560409,0.230001365,0.073731525,0.380273774,0.049129087,0.103816667,1.548673554,1.792473054,1.542456625,0.39723639,4.255209641,0.036366488,0.028844173,0.018725157,0.057663486,0.063192355,0.742361748,0.121441749,0.661573133,1.126387757,0.332225914,0,0,0.830564784,0.166112957,23.089701,0.830564784,20.43189369,40.69767442,0.871497697,2.318279828,0.975342445,1.255978292,1.225669077,1.02159796,0.856939274,1.099412041,0.9786248,-0.026882402,0.916030534,0.305343511,-0.219877761,0.29190231,-0.036265882,-0.219877761,2.316197915,0.06568436,0.728749777,1.102941013,0.706286141,0.682199185,0.956159754,0.908061386,0.806879647,0.868256638,0.782870227,-0.006493015,0.16286645,0,-0.341965436,-0.003246507,-4.685792202,-0.016232536,-3.819515838,-10.24164836,1.941089737,6.285995066,30.39736253,1.319304797,2.382804355,1.059479709,1.040451956,1.260517164,0.971862592,0.275676822,3.191489362,18.54103343,-0.222662048,1.961546618,-0.901251149,0.689192055,5.403972574,-0.12016682,1.516918961,32.11743381,90.76681326,1.820670798,8.663713052,1.252464134,1.238053433,1.150326894,1.05481391,0.127896786,30.67484663,52.3006135,0.703177547,15.78480729,3.904164034,0.703177547,3.647860914,2.553859324,0.298638714,1.09281356,0.044512041,1.149715498,1.092627188,2.161531476,0.099370376,1.532183556,1.28871131,0.379732282,0.180689173,1.230564181,0.088991601,0.177711895,0.059661623,0.241644872,0.052473342,0.403071317,0.066969574,0.094547906,2.173220049,1.705401495,1.979555668,0.558464502,4.099165891,0.090270693,0.117022844,0.022465969,0.083084245,0.116938607,0.774015906,0.104416072,0.84880649,1.189669084,1.680672269,0.840336134,0,0.840336134,1.260504202,23.94957983,0.420168067,28.57142857,41.59663866,0.610228777,0.616899756,1.160100256,0.981789325,1.466310271,1.116735168,1.344234406,0.944435381,1.125882847,-1.202203369,-0.361867235,0,0.116601665,-0.303566403,2.844678541,1.015238631,-4.647983595,8.164126895,1.30072998,0.770595446,0.979267232,1.080423248,1.118265556,0.956888867,1.11798125,1.02574496,1.052211146,1.260504202,0.140056022,0,-0.350140056,0.210084034,-3.851540616,0.56022409,1.820728291,4.971988796,1.167826043,2.983465092,31.12744945,0.834773817,2.253319449,1.215643092,1.658658556,1.249207411,1.102871061,-1.680672269,7.621202327,24.61538462,-0.45572075,3.739495798,5.665804783,1.502908856,7.197802198,8.403361345,0.914900557,9.421220302,77.19505589,1.694614847,5.557120216,1.331263358,1.694773406,1.17378075,1.142163989,-1.188061431,34.13503332,55.66502463,0.14488554,17.95131846,10.04056795,1.550275283,3.9408867,12.59055346,8.49807158,1.836504809,0.03389698,3.39177843,1.264147663,2.909974937,0.089516319,0.716760008,0.740272512,0.17168908,0.17561312,1.235863969,0.101003281,0.202003266,0.053358244,0.290298968,0.075375398,0.431079064,0.08520101,0.111227574,2.854102523,2.416844779,2.342528591,0.78343474,4.83278297,0.081210842,0.081390643,0.024193231,0.069512588,0.164647281,1.140446561,0.142253657,1.185490579,1.611397898,0.49623231,0.771916927,0.110273847,0.588127183,1.451938982,38.04447712,1.176254365,43.30086381,64.10586289,1.043194447,1.116111511,1.009510696,1.003045066,1.062453613,1.032148027,0.988325628,1.055535667,0.971606288,-0.009356781,0.032486121,0.059074163,-0.016577648,-0.478187923,0.863228216,-0.223671808,3.989568026,-1.743458151,1.116676211,1.0557988,0.91707025,1.11675954,1.061469118,1.003955275,0.99763149,1.068948542,0.962305475,-0.049903366,0.276956092,-0.021008058,0.170632023,-0.17990149,0.20591342,-0.238963582,3.876105615,-3.516708686,2.182666283,4.70845396,50.20588548,1.211408091,1.666619425,1.014471493,1.183171526,1.302902506,1.031356007,1.088441294,9.090902373,42.98338746,0.145080008,2.450615417,1.170281633,0.479374774,14.05485993,2.876161705,1.291092999,16.53401953,106.3688795,1.533956021,5.208469427,1.06477352,1.300719254,1.175984861,1.044679889,0.091449871,44.76169849,75.58319113,0.16410601,27.79112637,3.046261011,0.210675583,6.111454007,4.112284733,2.729616313,1.949242243,0.124047746,3.538619206,1.372963967,2.767798018,0.14941876,0.805435505,0.968343611,1.480416671,0.336938735,1.323520401,0.170022004,0.302911823,0.081781292,0.421224893,0.118272431,0.501289101,0.107559763,0.221348478,2.795188323,2.412898975,2.338766728,0.935929213,4.980111085,0.101039503,0.104025519,0.037159964,0.12387697,0.197571626,1.149022488,0.205105179,1.113787908,1.624649532,0.542822678,0.965018094,0.301568154,1.266586248,1.688781665,37.39445115,1.507840772,41.19420989,64.6562123,0.945120406,1.115168687,0.806661342,0.982599884,1.008328638,1.058165677,0.931649767,1.063685572,0.989515665,0.281353146,0.271245642,0.041838439,-0.099003831,0.234295258,2.715438964,-0.134214398,2.967878021,0.178952531,1.113028478,1.063691482,1.065058362,1.065901483,1.058005343,0.998883619,0.967652484,1.056517414,0.990240005,0.512188626,0.24070911,-0.000136353,-0.060859044,0.421240943,0.435239886,-0.302113568,1.609105858,-1.280176132,1.926235878,3.118451194,26.64387486,1.177407479,1.395598553,0.954616127,0.994563606,1.240432034,1.01787472,1.871178529,7.001185889,34.82214941,0.604264687,1.570119965,-0.098132498,0.845810405,10.16366579,1.427070738,1.301484552,10.01729971,59.74224099,1.494852398,3.77151315,1.078632311,1.208240661,1.213946538,1.083756646,0.380087203,33.94269092,63.16205834,1.122121678,23.06691866,5.548002709,0.989444787,8.371479577,5.322072169,6.971636252,2.171581168,0.044755039,3.735597999,0.385880254,3.467019938,0.076639013,0.300440107,0.36859033,0.466461841,0.205069482,0.274497035,0.087052269,0.12948939,0.043536359,0.299604481,0.055265083,0.272186782,0.048436559,0.138089135,2.752233349,2.05324589,2.152463661,0.539643658,5.023220982,0.050262897,0.048571022,0.017040028,0.060970272,0.094052456,0.905107523,0.09907352,0.768333191,1.357650736,0.388936906,0.496974935,0.108038029,0.885911841,0.518582541,27.98184961,0.756266206,24.41659464,51.05877269,0.95373801,1.120942295,0.988528611,0.855518382,1.052789909,0.980352331,1.040487961,1.058856914,0.954579404,-0.169337674,0.052023143,-0.025688318,-0.474163282,0.085315345,-1.108393668,0.231930336,1.331415241,-2.335193221,1.054993264,1.134091598,1.026586351,0.886332586,1.170752779,0.995204708,1.066287707,1.092433639,0.957132472,-0.113201612,0.023858398,0.106422755,-0.487627527,0.216711577,0.296336663,0.101576932,2.482915163,-2.376174649,2.24805335,6.302300419,67.36809143,1.215979955,2.178868673,0.981434876,1.277737344,1.466305588,1.073444168,0.507050628,7.216309054,39.58810533,-0.106792246,2.286248,-1.491783386,0.217633288,15.16268078,5.193662061,1.418938123,23.87809775,154.512469,1.583416318,7.119657592,1.104826511,1.419562644,1.388933737,1.106083857,0.208923384,37.86048259,75.44262276,-0.004854572,21.38198385,4.743134656,0.502387035,11.98995036,6.870742731,0.046151758,1.597945971,3.484737662,3.961405885,0.945168452,3.796536479,0.124259691,0.559561968,0.565313509,1.266926533,0.684307167,0.400611687,0.684656754,0.188707276,0.062953485,0.439724305,0.085261056,0.38040014,0.073012224,0.36807193,2.882654655,2.019111566,2.756948584,0.581126047,4.95425592,0.15034095,0.099308317,0.042921333,0.105834384,0.221342359,0.861106993,0.081568277,0.83900549,1.29707844,3.846153846,3.846153846,0,0,0,19.23076923,0,34.61538462,50,0.46845183,1.174633683,1.351352517,1.413897186,1.135328984,1.1604897,1.754650422,1.335867255,1.086720834,-3.846153846,0.153846154,0,0,0,12.76923077,8,5.384615385,10,0.429186146,2.107962154,0.002415226,1.359887907,0.359161481,0.99262614,1.317777863,0.794078645,0.83645855,-3.846153846,-0.397877984,0,6.896551724,0,4.907161804,0,-7.029177719,-1.724137931,1.169298774,2.691653686,11.96715727,1.32495735,0.908166752,0.499846262,1.55291271,1.059255866,0.971865226,0.699300699,5.244755245,18.18181818,4.545454545,4.545454545,-10.13986014,0,-11.88811189,-9.090909091,0.202670345,10.62494772,48.67873774,0.75943846,2.166665663,1.320734059,1.931700152,0.778663199,1.07036946,-3.846153846,28.2967033,64.28571429,3.571428571,14.28571429,12.91208791,0,-16.75824176,0,0.002389921,1.420066508,1.440164677,3.047776116,0.857807449,3.494143539,0.02379838,0.262580247,0.210133342,5.275974031,5.36016342,0.3770962,0.405213583,0.232045723,0.381448678,0.397165607,0.028247726,0.217433552,0.416624905,0.607088028,1.67426938,1.640251813,1.562762777,0.353608503,5.38540907,NA,NA,NA,NA,NA,NA,NA,NA,NA,NA,NA,NA,NA,NA,NA,NA,NA,NA,NA,NA,NA,NA,NA,NA,NA,NA,NA,NA,NA,NA,NA,NA,NA,NA,NA,NA,NA,NA,NA,NA,NA,NA,NA,NA,NA,NA,NA,NA,NA,NA,NA,NA,NA,NA,NA,NA,NA,NA,NA,NA,NA,NA,NA,NA,NA,NA,NA,NA,NA,NA,NA,NA,NA,NA,NA,NA,NA,NA,NA,NA,NA,NA,NA,NA,NA,NA,NA,NA,NA,NA,1.006253913,1.75412667,1.145561933,1.093256051,0.342729523,0.700999676,0.040258798,0.05434454,0.092574283,2.671281047,1.039563394,0.140173095,0.218976353,0.073736512,0.10494149,0.20175195,0.01948696,0.095112502,0.071347144,0.738912655,0.742028451,1.474287234,0.809158168,0.241801092,4.35623864,0.031936895,0.042551859,0.012089558,0.050825901,0.062361589,0.930030043,0.10998027,0.372597708,0.591814407,0.074626866,0.746268657,0.074626866,0.820895522,0.597014925,30.29850746,1.119402985,9.104477612,18.35820896,1.291567249,1.672087971,1.277289749,0.821951457,1.101771018,1.061930647,1.012078247,1.133129852,0.986915445,0.270200721,0.460627895,0.183993824,-0.303654143,-0.338394236,2.115285641,0.087493567,1.84379825,-1.461657231,1.148929068,2.000146605,1.324856401,1.056916994,1.080111715,1.029564854,0.846433823,0.964124636,0.856325711,0.189457641,1.278379231,0.101429472,-0.292726508,0.107210427,1.215577044,-0.67926214,-0.301660711,-3.921589237,1.546023075,7.231343908,99.77488841,1.495689582,9.768209794,1.012137265,1.285712418,1.488623814,1.16962811,0.218915209,7.864298858,40.82556883,-0.135964016,17.7982884,1.012647136,0.250460029,7.138183836,3.363904548,1.391424413,15.69521305,117.6273024,1.325832491,8.752601445,1.066320399,1.124992081,1.227690424,1.130042246,0.3335364,20.58026196,40.9457813,-0.310691441,16.34176058,3.579043558,0.41120926,2.017971368,1.743831861,4.514628897,0.862994339,0.054520698,0.642248262,0.223017954,3.012429929,0.030502453,0.101735649,0.097410827,0.250404471,0.107265495,0.126482801,0.03365261,0.0354727,0.017969432,0.202369302,0.011566342,0.087801719,0.023494063,0.12348647,1.541311739,1.179058552,1.778723828,0.24824188,4.886624539,0.013968006,0.023643833,0.008257999,0.031236804,0.040679821,0.591351994,0.05355018,0.317476865,0.675852327,0.096899225,0.290697674,0,0.339147287,0.145348837,17.49031008,0.290697674,7.122093023,20.83333333,1.416328482,1.278133847,0.778824987,0.773965653,0.949720973,1.001731674,1.048949253,0.979888222,0.870522563,0.03147048,0.051621538,0,-0.039617976,-0.059769034,0.353078883,0.137201341,-0.575238081,-3.97411211,1.290311343,1.172478146,0.846906791,0.844914635,0.95778474,0.962479394,0.843033279,0.935940821,0.835481517,0.033535558,0.013650152,0.043478261,0.095635322,-0.014914055,-1.229440512,0.144084934,-0.600353893,-4.65942029,2.490258257,6.69185444,73.77752777,0.969342204,3.141619868,0.953898536,1.329904036,1.573292692,1.076589755,0.020886405,3.00729997,19.02237927,-0.044683211,1.79811406,-1.471464377,0.239337661,7.18886104,2.252650177,2.010705671,44.6339527,231.8635143,1.407763705,13.1106508,1.181379176,1.846166798,1.326799137,1.136985317,0.027247268,33.97373436,59.83860956,0.095365438,15.86954874,4.793985391,0.702474268,3.678651856,4.49255121,29.70255961,0.784854745,0.02233503,3.223097937,0.607865298,2.882242236,0.040252426,0.194643486,0.200333903,0.294902235,0.134822545,0.23746837,0.040832214,0.071880589,0.026342522,0.231005592,0.028251718,0.168679607,0.032700825,0.085588972,2.432101155,1.553580983,1.925253921,0.386370588,4.713986124,0.027726779,0.034111744,0.012679344,0.044261087,0.057660547,0.644063802,0.068707211,0.574089431,0.914364909,0.164436804,0.388668809,0.097167202,0.500784812,0.351296808,18.40944764,0.560580013,16.4960012,29.87517752,0.960683186,1.200754205,0.814107313,0.853403072,1.001797365,1.035329261,0.987293647,1.058802733,0.928200727,0.015847324,0.065647193,-0.025053551,-0.140216556,0.023694177,1.212676826,-0.012516265,1.251168343,-3.157069779,0.913440584,1.116914843,0.883417515,0.95351458,0.98917173,1.030680011,0.97544684,1.029384799,0.891613098,-0.055804127,0.096557147,-0.06095631,0.078589464,0.097718255,1.151676344,0.040520798,0.993859754,-4.636185628,2.121563819,5.11906633,59.18338704,1.113408763,2.285571386,0.993498799,1.152281305,1.489113984,1.081759705,0.227057101,3.036902861,25.18978003,0.059763279,1.44601612,-0.79222191,0.097841554,11.56699373,3.650936906,1.48161936,27.21349969,170.505324,1.347177406,9.09351409,1.144224256,1.403548009,1.452611265,1.113898214,0.14561668,30.47715555,65.53340407,0.150327505,15.40717153,3.154772186,0.26106172,10.78095408,5.246130909,42.17021527,0.448343587,0.017282645,1.796933628,0.243007204,0.883786171,0.019375008,0.10177618,0.10045442,0.252564196,0.075942551,0.174226467,0.024595551,0.045833574,0.01807226,0.196442226,0.017738451,0.077784401,0.017821636,0.080684487,1.37977177,1.085057491,1.273144448,0.200786063,4.461260976,0.015072495,0.028393039,0.008102658,0.045647825,0.030168142,0.475722926,0.051470554,0.318010361,0.579454495,0.070386486,0.396723829,0.031993857,0.767852572,0.223957,12.24084976,0.447914001,7.774507295,17.02713079,0.85062972,0.885572425,0.889370474,0.754814274,0.922305931,0.944765207,0.859226642,1.010459663,0.850800274,0.02221087,-0.093210274,0.034882011,-0.222557032,-0.023329396,-0.300935152,-0.159833338,0.055113571,-3.343299318,0.849844166,0.8280573,0.828936284,0.752417433,0.833524627,0.937725883,0.859413063,0.97497723,0.787947245,0.008694316,-0.112963304,0.000568826,-0.246849642,-0.070447208,-0.360122213,-0.089724486,-0.354867345,-4.80682098,1.864863343,4.153805894,61.84297231,0.822224783,2.763590775,0.98924585,1.137205403,1.557899921,0.980934652,0.117841626,1.917973225,15.55532873,-0.289651423,0.920673411,-0.285821014,0.106595843,6.535916473,-0.463056924,1.332421724,27.31074918,206.0468555,1.019154561,11.5941679,1.213196263,1.463046909,1.548150101,1.049547851,0.043659132,24.30915852,51.09645752,-0.161610075,9.433906145,3.497445561,0.272374115,6.163067735,1.358223351,100,0.905436519,0.0560923,2.419290116,0.556940557,1.993382137,0.042517762,0.226472386,0.240997808,0.371212047,0.145919673,0.361769167,0.05175998,0.08368319,0.030141722,0.227877408,0.032358789,0.169908841,0.036323127,0.11047669,1.949712268,1.481181767,1.682461369,0.364523894,4.653461667,0.034843208,0.042082685,0.013588462,0.051818963,0.069890109,0.701339258,0.08193941,0.577384096,0.928344409,0.21245547,0.476415297,0.077256535,0.669556633,0.510751534,20.8378042,0.665264604,17.61448989,32.01424954,0.879885416,1.028169878,0.858092388,0.832107559,0.927141881,0.957681864,0.903397083,0.981048777,0.874334936,-0.011485129,0.000635514,0.014093621,-0.178295798,-0.092570823,-0.817910164,-0.100923644,-0.396000621,-4.982723585,0.872490858,0.957030391,0.826416518,0.867775225,0.877777347,0.921961051,0.867652279,0.934413775,0.814479354,-0.027711728,0.028153634,-0.017661779,-0.107379438,-0.059817883,-1.636373923,-0.103087409,-1.376905466,-7.451277747,1.840529563,4.463865545,52.51704022,1.024021907,2.100882232,0.934520064,1.087878371,1.332971256,0.966334489,0.299702619,3.693367376,23.6247853,-0.069017281,1.755434701,-1.949141927,0.159627186,7.560572994,-1.121598781,1.29881189,22.2661147,148.0056165,1.308869091,7.358378575,1.106734578,1.342980179,1.326035109,1.049830282,0.095179901,30.24548695,60.51303329,0.068305648,15.22953945,2.771475751,0.336285138,7.026409421,2.304442201UPN15,0.051571615,1.369684168,0.006097264,0.915484129,2.550790469,0.23558384,0.016538118,0.020042421,0.035025579,0.082470617,0.139357223,0.070420676,0.028877038,0.018457505,0.008516527,0.05644373,0.006724993,0.002170732,0.01026235,0.046790071,1.344162866,0.667963604,1.745949724,0.112948677,5.026757964,0.009036837,0.008704732,0.015505769,0.004135087,0.017023749,1.611067338,0.046974074,0.217189554,0.398853949,0,0,0,0,0,47.22222222,0,5.555555556,8.333333333,2.302032357,0.170742215,0.255050292,2.931255653,1.174057588,1.104722598,1.952479548,0.831737204,1.124339879,0,0,0,0,0,12.77777778,0,-3.888888889,0,2.299608433,0.015525247,0.013974348,0.918553366,1.642071266,1.17507377,1.437725282,1.057640355,0.886051759,0,0,0,0,0,12.77777778,0,-0.94017094,0.897435897,3.807360211,14.93736348,34.98657578,3.582544962,10.1967327,1.131589223,4.640053685,2.750101833,1.769929194,0,0,13.51351351,0,0,12.23723724,2.702702703,16.06606607,13.28828829,0.985585851,78.67856544,82.6428318,3.363540064,8.777398253,1.634856117,3.594295406,1.974264315,1.281196939,0,20,44,0,0,32.77777778,0,6.444444444,-8.333333333,0.017772549,1.224838118,0.007467118,0.99012499,1.806008537,2.279766243,0.037347717,0.094193581,0.095953107,0.10901162,0.192460005,0.09905308,0.051810783,0.040115479,0.011732686,0.029916908,0.025876681,0.014306108,0.028442943,0.082066793,1.754319477,0.620276201,2.0485685,0.465208149,4.678366362,1.98E-05,0.000526307,0.000256017,0.004967899,0.066318864,2.012420872,0.070776314,0.078742766,0.710154586,0,0,0,0,0,58.33333333,0,0,25,12.32364715,0.530120478,1.160478974,0.022068394,0.625597894,0.602321622,1.388610437,1.355014326,0.345171438,0,0,0,0,0,-21.49122807,0,0,-19.73684211,2305.317516,1.526749642,34.77190801,0.864070838,0.915472332,0.870811887,2.4630835,5.371885507,1.0710047,0,0,0,0,0,-1.811594203,4.347826087,8.695652174,-3.260869565,761.5963386,622.0412853,2653.424976,4.446202456,3.823892062,0.490433627,4.139255007,6.650443912,1.096465307,0,8.333333333,16.66666667,0,0,-25,0,8.333333333,-8.333333333,1109.600512,612.3745478,2404.231793,6.712904077,2.584812276,0.840120904,4.015487196,2.640089988,1.697118884,0,9.090909091,18.18181818,0,9.090909091,-12.87878788,9.090909091,9.090909091,20.45454545,0.000130386,0.860263022,0.003688264,0.444692689,1.066017465,4.573424239,0.993108847,0.000731331,0.149824497,1.278287607,0.121040664,0.157413364,0.003059423,0.003851778,0.003199001,0.001787804,0.002016089,0.001528989,0.128383006,0.462743484,1.284805622,0.311292047,1.189915988,0.147868726,3.148775559,NA,NA,NA,NA,NA,NA,NA,NA,NA,NA,NA,NA,NA,NA,NA,NA,NA,NA,NA,NA,NA,NA,NA,NA,NA,NA,NA,NA,NA,NA,NA,NA,NA,NA,NA,NA,NA,NA,NA,NA,NA,NA,NA,NA,NA,NA,NA,NA,NA,NA,NA,NA,NA,NA,NA,NA,NA,NA,NA,NA,NA,NA,NA,NA,NA,NA,NA,NA,NA,NA,NA,NA,NA,NA,NA,NA,NA,NA,NA,NA,NA,NA,NA,NA,NA,NA,NA,NA,NA,NA,0,0.499649333,0.019735703,0.716905675,0.267706352,2.130523666,0.10987019,0.356082282,3.058325892,0.333559715,0.184579829,0.066944633,0.021786463,0.001538972,0.007072404,0.129815816,0.011741424,0.005371463,0.000966593,0.057095884,0.702266737,0.180553319,0.98476299,0.251843497,5.252674602,0.0891019,0.000867908,0.001295194,0.380955832,0.095451839,0.622462483,0.176617362,0.127743026,0.676455955,0,0,0,0,0,0,0,0,0,0.003017202,2.109349249,1.07284361,0.003854988,0.006005726,1.528507742,0.004301641,0.020864774,1.494909736,0,0,0,0,0,0,0,0,0,0.018389909,1.142810063,0.856824447,0.000636415,0.005307684,0.775151837,0.011535713,0.100696386,0.877989612,0,0,0,0,0,33.33333333,0,0,0,0.038073615,1.678207525,0.417381182,0.004195719,0.012163839,9.20E-05,1.216478523,0.001888644,0.000775258,0,0,0,0,0,0,0,0,0,0.005857436,437.1572396,425.2563149,0.006733663,0.023555427,0.425845773,0.040060547,0.588936115,0.08317285,0,0,0,0,0,0,0,0,0,0.051632306,0.618244272,0.023213687,1.020665853,0.227560656,1.670223807,0.273222503,0.346818304,0.150570329,0.389642203,0.159253366,2.502545873,0.023729267,0.169742712,0.033611639,0.230148396,0.082824154,0.310955688,0.016532972,0.158804287,1.54455993,1.103050511,1.207514669,0.098818687,4.501274895,0.043952042,0.028309849,3.84E-05,0.022846505,0.048245148,0.597487345,0.063665735,0.191023779,0.940367419,1.886792453,0,0,0,0,16.98113208,0,3.773584906,33.96226415,0.608675573,0.949464877,311.2200767,1.458288789,1.010553735,1.031607127,1.820002555,1.546514085,1.432194651,-1.886792453,0,0,0,0,-0.031979533,1.694915254,1.311160857,16.88519348,1.798096734,2.21735968,460.6120324,1.387822574,3.532137778,0.622440496,0.505685405,1.844893119,1.332860274,-0.247448191,0,0,0,1.639344262,-10.42375503,0,6.062480668,13.57871946,1.872837116,10.39541372,14686.45302,2.113968934,4.308805331,1.249143112,2.661224127,3.417227344,1.289976244,-1.886792453,9.677419355,20.96774194,0,1.612903226,10.43822276,0,18.80706026,11.19902617,0.328003928,21.04689829,24162.65313,1.809313061,10.25724807,1.715877461,2.560083251,2.252732149,1.156210704,-1.886792453,21.05263158,29.8245614,0,8.771929825,14.59781529,0,4.998344919,6.388613042,0.055916923,1.213052066,0.031635028,1.287885163,0.213170645,2.13313334,0.17927529,1.863681434,1.06763543,0.275066395,0.263337079,1.133668308,0.05387628,0.195424238,0.060144199,0.225252069,0.068989296,0.184159243,0.03412129,0.095441873,2.083517896,1.087767762,1.557742391,0.235855376,4.475888013,0.227003504,0.071554175,0.000247245,0.013741559,0.045880588,1.327192153,0.328502578,0.648281215,1.700619866,0,0,0,0,0,43.75,0,12.5,62.5,0.225637699,1.095298857,75.70044916,1.77507224,2.151297947,0.642499847,0.320473782,0.907753913,0.906537426,0,1.785714286,0,0,0,-22.32142857,0,3.571428571,-3.571428571,0.218868006,2.202952614,9.93280993,2.674501058,2.162729498,0.694445577,0.292206032,0.849832505,0.904181321,0,1.282051282,0,0,0,-16.82692308,0,-3.525641026,5.448717949,0.384795378,6.113507312,3022.714995,5.124933524,5.903848473,0.860826999,0.785517616,1.105011524,0.921071616,0,10.11904762,23.80952381,0.595238095,2.976190476,-9.821428571,1.19047619,7.738095238,1.19047619,0.155115176,13.48783281,4217.075582,9.359564411,12.52912439,0.883305511,1.10683187,0.967976537,0.814155454,0,27.27272727,31.81818182,3.03030303,16.66666667,-5.871212121,4.545454545,2.651515152,-12.5,2.537770614,1.940695998,0.036966254,3.582320314,0.252252234,2.861362004,0.173732063,1.436622208,0.953773184,0.202074859,0.376793327,0.881378303,0.092901547,0.171351717,0.058260291,0.261052729,0.129801571,0.083681493,0.075619939,0.106191097,2.745097064,1.671423413,2.187781508,0.578226914,6.016128444,0.080030243,0.07293187,0.015389291,0.066225209,0.163998845,1.745274661,0.397330629,0.62495706,1.932396173,0.090909091,0.181818182,0,0,0.090909091,60.09090909,1.909090909,12,84,0.991012742,1.010383397,1.141830104,0.876017033,1.01984739,0.951265077,0.944728002,0.909635257,0.996140835,-0.041937494,-0.034903392,0,0.048971596,0.202920488,-3.087970795,-0.244056629,-1.324191969,-1.727717924,0.968101242,1.006001323,1.035536756,0.954048032,1.020439567,0.933702319,0.940669174,0.93975324,1.017161978,-0.048283345,-0.011315198,0,0,0.292722623,-3.441292723,0.563202356,-0.448422847,-1.178175618,1.837614402,11.56125855,102.6368065,1.656448391,3.060304917,1.122330277,1.289329788,1.405388767,1.050611767,0.223265738,26.80025537,57.21678063,0.147846978,8.946237462,11.50399019,4.725542246,14.85270745,2.157826649,1.167806718,22.7472111,146.8606164,1.929056545,5.527909536,1.28058223,1.537568121,1.387059459,1.051798628,-0.019429463,56.53726688,71.9799857,0.321658327,29.9305348,19.1799987,7.883618169,13.12508935,1.45389564,1.011870742,2.20587185,0.148250104,3.922558606,0.388492325,2.869873119,0.320292619,1.537863376,1.263912466,1.05516992,0.604688201,1.051541535,0.194625929,0.301253592,0.103944772,0.460196015,0.222048051,0.147192121,0.11830112,0.276131786,2.85497998,1.914756525,2.366837784,0.792335199,6.320370984,0.13102691,0.081223,0.024771223,0.123524409,0.19346911,1.946743857,0.604884998,0.707687817,2.136581046,0.255102041,0,0,0.255102041,0,68.1122449,7.142857143,18.36734694,87.5,0.896417029,1.338746183,1.094699485,0.88562278,1.203977167,0.987831406,0.998445412,0.976353785,1.019201366,-0.007577288,0.247524752,0,0.239947464,0.618811881,-2.27066074,2.386845827,-2.402000404,0.495049505,0.982554432,1.429719178,1.099603183,0.993746301,1.233910582,0.992995419,0.930371277,0.971411494,1.022401292,-0.048916474,0.206185567,0.103092784,0.260361877,0.824742268,-0.071007785,-0.235640648,-1.769408794,-0.695876289,1.884008676,11.30574175,66.11694063,1.578226004,3.111035306,1.079530834,1.207359037,1.43954147,1.082494835,0.893066357,30.34445052,58.11919081,0.291644815,13.44997266,7.284146573,7.67398266,15.09356066,3.041279388,0.914769322,20.01817383,89.2389998,1.676377617,4.879268814,1.165102814,1.388400257,1.268824759,1.05190138,-0.069055529,54.97674419,68.46511628,0.582107262,31.34883721,8.445894637,14.25249169,9.539629805,0.034883721,22.2809687,2.176939271,0.040206892,3.88033599,0.042529814,3.250181199,0.102037155,0.675923282,0.462357476,0.260746594,0.389542836,0.170464597,0.062029869,0.08233512,0.030139744,0.118590078,0.084826525,0.038934748,0.053034961,0.099199129,2.870899702,1.253760146,2.138811754,0.385180471,6.214573,0.048669098,0.034522933,0.01023742,0.044409232,0.10197689,1.501740548,0.287532382,0.35204856,1.632603665,0.011109877,0.044439507,0.011109877,0.06665926,0.13331852,51.30541051,1.766470392,4.677258082,67.59248972,0.79203003,0.98513665,0.989303325,0.813184215,0.923113907,0.917761206,0.843222316,0.839974707,0.987578674,0.004643944,0.008073228,-0.00060733,0.006858568,-0.059800692,-5.162470847,-0.569180049,-0.843828476,-1.195388426,0.785493042,0.935862786,0.935820061,0.85092527,0.93392744,0.89337853,0.810848745,0.818540524,1.002238239,0.016972123,0.007044159,-0.006429543,0.003545739,-0.039711855,-5.97170275,-0.591706749,-0.94703249,-0.041240074,1.300615628,15.83558552,124.2765782,1.253369285,3.003243231,1.049705722,1.085414051,1.402231517,1.079665165,0.058214213,15.78125992,44.71778341,0.047230317,4.511395518,5.297709074,0.867845032,6.028362121,4.900701661,0.864995228,43.84565276,215.6500859,1.589965721,6.401345065,1.319345754,1.385889853,1.358270299,1.055852284,0.004225979,50.82459229,71.79647626,0.040691727,19.27676225,20.22613023,2.834286177,5.914705929,3.182482161,0.122256438,1.855828377,3.152044874,4.866668997,1.366721513,4.644922763,0.113174491,0.542342811,0.46254462,1.227888693,1.438940016,0.195292656,1.676081191,0.113680987,0.066368918,0.185519485,0.132503608,0.056470778,0.054763972,0.626695689,3.515080821,0.907591274,4.070303952,0.35803318,6.413471336,0.076512735,0.014275094,0.004029035,0.123742143,0.120533233,0.783088283,0.184139515,0.230660356,1.11442312,0,0,0,0,2.083333333,18.75,0,2.083333333,41.66666667,1.625587489,3.857604128,1.255609164,0.979200684,1.105050257,1.374544598,1.519169878,1.061127604,1.118748944,0,0,0,1.754385965,-1.206140351,11.95175439,3.50877193,-0.328947368,3.070175439,1.308964564,2.735821009,5.473288015,0.635962311,1.256769406,1.326772863,1.358922778,0.988102425,1.247671126,0.806451613,0,0,0,-2.083333333,14.31451613,2.419354839,-1.27688172,13.17204301,2.053223789,28.33895424,289.0390459,1.125272703,1.913873353,1.255576304,1.476990339,1.437378764,1.371089552,0.699300699,12.58741259,41.95804196,0,1.413170163,10.62062937,3.496503497,2.811771562,13.57808858,0.734217443,83.0281269,517.9293637,1.327631482,3.812926546,1.729352512,1.56872678,1.370243351,1.20032541,0,40.90909091,67.42424242,0,7.765151515,26.70454545,3.03030303,2.462121212,9.848484848,0.001205279,2.257223221,0.986926193,4.066189086,0.78065315,3.813836524,0.140136566,1.242061139,0.341283949,6.27621538,5.680988083,0.156879104,0.567089127,0.462514245,0.374608425,0.673257048,0.063530856,0.001029165,1.069341273,0.383103585,2.185292962,1.114436159,3.339498135,0.632783075,6.478386733,NA,NA,NA,NA,NA,NA,NA,NA,NA,NA,NA,NA,NA,NA,NA,NA,NA,NA,NA,NA,NA,NA,NA,NA,NA,NA,NA,NA,NA,NA,NA,NA,NA,NA,NA,NA,NA,NA,NA,NA,NA,NA,NA,NA,NA,NA,NA,NA,NA,NA,NA,NA,NA,NA,NA,NA,NA,NA,NA,NA,NA,NA,NA,NA,NA,NA,NA,NA,NA,NA,NA,NA,NA,NA,NA,NA,NA,NA,NA,NA,NA,NA,NA,NA,NA,NA,NA,NA,NA,NA,0.444374124,2.406693143,0.25619119,2.242392752,0.111353333,0.721178013,0.029967366,0.112453553,0.116934368,0.483654625,0.67567062,0.063543843,0.048181823,0.025967795,0.016384166,0.044167257,0.017959231,0.010042314,0.037051369,0.22237593,1.418354096,0.72671793,1.155109786,0.124512327,5.681286388,0.016814666,0.018646129,0.008360208,0.025046665,0.046872513,1.235720348,0.157862956,0.13677292,0.750453186,0.059737157,0.298685783,0.059737157,0.238948626,0.059737157,41.51732378,0.896057348,1.3739546,25.74671446,1.000474233,0.842731334,0.761735997,0.843962761,0.904403683,0.975824533,0.973341186,0.79422214,1.022783398,0.036601957,-0.170233631,-0.027624119,0.017955677,-0.027624119,-1.087009068,-0.061118362,-0.571128652,1.420915601,0.686385611,0.656413094,0.681071892,0.691195447,0.801102783,0.965775872,0.999730423,0.753112184,1.056171145,-0.059737157,-0.210424529,-0.030316739,-0.150687373,0.028524097,-1.623237279,0.427861452,-0.461921649,2.026159918,1.195180454,18.93736085,121.5515071,1.220552212,5.816013085,1.121026591,1.239560761,1.566868786,1.274796856,-0.059737157,10.29183265,32.54353426,-0.100329275,7.009849758,6.33407628,1.294128402,2.673730457,8.353645954,0.946054884,62.48721167,201.233203,1.280043857,7.083378692,1.30226632,1.437606883,1.209548325,1.114777463,-0.025014934,37.02770311,53.69026284,-0.134781959,9.41942951,13.03128734,2.610887097,1.1260454,4.531063321,2.596335733,1.04779991,0.027199272,0.85988013,0.011534605,2.875878812,0.041908071,0.164285102,0.105706626,0.098130727,0.202577212,0.052711582,0.013645236,0.015834109,0.005146493,0.03623053,0.008801883,0.009877606,0.015705104,0.103061273,1.471080393,0.380056944,1.509738636,0.130067844,5.62357009,0.004963291,0.005732028,0.002436617,0.008720779,0.021424571,0.448884136,0.071187518,0.072072849,0.406740516,0,0,0,0,0,10.0286533,0.05730659,0.458452722,9.111747851,0.75332075,1.038935542,1.158776838,1.202385015,1.132811645,1.05446305,0.990372354,1.091522664,1.146514518,0,0,0,0.0436872,0.087374399,1.81057781,0.117442208,-0.108955125,1.635303263,0.823727137,1.741102175,1.378384054,1.515959231,1.34157337,1.096254535,1.024324885,1.132828539,1.322284084,0,0.040899796,0.040899796,0.122699387,0.163599182,1.750487809,0.106292592,0.114144415,5.203180574,1.802018777,28.85395309,179.1940619,1.810451371,6.805169117,1.580206465,1.507579757,1.758530098,1.536005599,0,3.404945278,13.17389542,0.081070126,1.499797325,10.11727293,0.185903787,0.798134226,9.129030422,1.392538389,92.24893283,355.8075569,2.683532794,12.06846897,2.142948762,1.907363454,1.760178568,1.544167926,0,16.53631285,28.7150838,0.055865922,5.418994413,21.53559251,0.222023019,1.049927166,9.379872261,29.81476454,0.785121181,0.01119889,3.524813814,0.035331784,3.003204326,0.037249643,0.298475527,0.153743886,0.10332394,0.239166276,0.070703225,0.013779612,0.026308322,0.00881975,0.058893061,0.027716229,0.013107972,0.014820199,0.049247755,2.439452176,0.616052572,1.760194229,0.161367426,5.837050903,0.011187453,0.011265704,0.003561319,0.014029393,0.029034104,0.841215155,0.085016265,0.184861448,0.832659605,0.005489378,0.032936268,0.005489378,0.076851293,0.021957512,26.34901466,0.219575122,2.069495526,26.04709886,0.894636397,0.908713751,0.984810838,0.891970458,0.952172269,0.976091637,0.93992542,0.92084446,1.091523867,-0.005489378,-0.018198961,0.001879276,-0.028955043,0.014885757,-0.890315961,-0.002199837,-0.301018627,3.810686119,0.82449868,0.948324088,0.983884301,0.927548747,1.001089505,0.945910778,0.944249926,0.919814524,1.135455236,-0.005489378,-0.001051902,0.001596037,-0.02725339,0.027640391,-2.294031839,-0.042439755,-0.283971028,5.458197484,1.703608791,25.72751061,222.0724737,1.536462588,4.719569325,1.309400647,1.513580783,1.718245459,1.297237712,0.006392751,7.120105557,26.03617729,-0.017440646,1.25339103,10.20437571,0.204220822,3.942861888,11.86085424,1.015964097,80.36137095,424.7890249,1.714479737,10.87066722,1.660281877,1.783593651,1.554130975,1.240249792,-0.001931039,30.25920336,50.61899911,-0.002126174,6.514711171,22.11200374,0.470742638,3.022487536,9.546965827,41.01126769,0.702734779,0.007100116,2.235095083,0.029822963,0.934903425,0.014968231,0.12795981,0.067456926,0.071035803,0.150573937,0.04191851,0.007728913,0.013467155,0.004882859,0.036545638,0.012221349,0.004969625,0.009729012,0.040128827,1.343775128,0.387118513,1.157683582,0.078835422,5.482942202,0.003786432,0.005890727,0.002080195,0.006946809,0.012277994,0.573934185,0.047706654,0.076653847,0.390544496,0,0.040637191,0.005418292,0.054182922,0.016254876,16.92403554,0.089401821,0.509319463,9.612050282,1.067557675,1.036962871,1.08327764,1.180807111,1.107196945,1.067349775,1.123649815,1.032272774,1.251701426,0,-0.004094675,-0.005418292,-0.003585592,-0.010632951,0.849681954,0.037091503,0.036007312,3.703480287,1.15245186,0.832379857,0.990119894,0.994886281,1.187983855,1.08601165,1.17354911,1.048057266,1.325140918,0,-0.029200778,-0.005418292,-0.022732784,0.000899744,1.222693642,0.042116935,0.091092248,4.949363259,2.600435406,34.38710168,286.059572,1.801376474,7.3784775,1.643319614,1.944432531,2.282141298,1.677802746,0.012465331,4.786562161,18.8920232,0.0050274,1.027716578,13.66588624,0.284558103,2.173842992,11.25802981,1.656828857,131.6341098,588.5959856,1.990558271,15.86237164,2.017675567,2.207755447,1.959029858,1.533782863,0,24.98822861,40.24386376,-0.00681341,3.891729847,21.94264889,0.348766164,1.622308568,8.666660083,100,1.174099395,0.03179044,2.99931762,0.050244253,2.180513957,0.049643629,0.355574616,0.225067428,0.1541573,0.262213889,0.117268479,0.029874831,0.04078655,0.01476833,0.073542428,0.038550931,0.019279976,0.025124835,0.06928711,2.06787666,0.712483621,1.606967784,0.195901851,5.785387768,0.01398652,0.012864686,0.004037659,0.015872117,0.032984321,0.805331013,0.10086687,0.154982602,0.713261121,0.008669518,0.046237429,0.007224598,0.065021385,0.036122992,25.30343313,0.42914114,1.774361346,23.53485146,1.177743665,1.253055493,1.247237271,1.139622054,1.26522155,1.105903089,1.167786418,1.099749781,1.276698524,0.001294501,-0.005274241,-0.001689032,0.002512521,0.00926865,2.757458097,0.100058971,0.217335305,8.668857367,1.222824697,1.272458447,1.240426054,1.198505156,1.362614443,1.112232081,1.20044916,1.130057537,1.354521771,0.003021789,-0.00797497,-0.000847522,-0.010816234,0.032962004,2.942764539,0.128853057,0.358770756,11.17770181,2.711454774,28.05531133,220.881325,2.214924475,5.916753001,1.517736449,1.92393659,2.22984152,1.608261226,0.057068058,9.89657088,30.07100312,0.027011221,2.848660951,16.43444924,1.194576978,5.728487283,19.33919534,1.436943611,79.39655755,391.1843025,2.283323638,11.189847,1.82343553,2.108655826,1.909373964,1.474841254,0.001299578,33.80105818,51.8553348,0.025808155,9.413472152,25.69956868,1.63113866,4.151712271,14.88604376UPN16,0.155600006,0.192589265,0.004069096,0.951174304,2.868683416,0.253640786,0.009802952,0.053203793,0.014636681,0.079389649,0.015913183,0.075774131,0.007784204,0.011752048,0.003104405,0.072160545,0.004275129,0.002566203,0.005239647,0.04292094,0.013962369,0.50801561,0.782436671,0.252764503,1.032763957,0.017518653,0.000490067,0.001474757,0.00085632,0.013505685,0.213867154,0.005338243,0.095322681,0.081352249,0,0,0,0,0,5.333333333,0,2.666666667,0,0.690043705,0.670851637,1.087323719,7.508326858,1.012730294,2.284049111,3.004611873,1.926943392,1.162324318,0,0,0,0,0,7.953379953,0,2.228438228,1.398601399,0.703028781,12.83716534,0.049539307,15.30419861,0.806074438,1.137926492,1.277845425,1.220612481,1.409327701,0,0,0,0,0,2.285714286,0,-1.714285714,1.904761905,2.732898264,45.40220279,75.73027806,20.52576771,1.96104668,3.394550553,12.10941468,3.816853054,1.481918778,0.751879699,0,2.255639098,0,0,10.45614035,1.503759398,5.604010025,1.503759398,2.669446664,89.12684206,123.203337,6.824927276,2.316831058,5.040607696,7.687425244,2.364222269,2.325409263,0.900900901,0.900900901,6.306306306,0,0,21.69369369,0,3.63963964,6.306306306,0.105684043,0.20693941,0.011489469,0.647524136,2.181343134,3.024281725,0.029253085,0.087600982,0.074098627,0.184461699,0.048105244,0.163462654,0.010399346,0.031874462,0.00983562,0.097070601,0.008924363,0.005733044,0.024557927,0.090863502,0.046759956,1.120753845,1.799930006,0.727180155,1.565439938,0.064152639,0.002194632,0.000402093,0.01255616,0.112498008,0.620257777,0.024166828,0.243165069,0.419277241,0,0,0,0,2.222222222,17.77777778,0,6.666666667,13.33333333,0.962565838,1.189772908,0.000527222,0.442998342,0.253532846,1.270107241,1.239466241,1.034419911,1.050840705,0,0,0,0,-2.222222222,3.533697632,0,-0.109289617,-0.218579235,0.568600913,4.488066417,4.552435966,1.287008561,0.411200615,1.153015506,1.032420222,0.937073245,0.793630507,0,0,0,0,-0.813771518,3.348982786,0,-2.441314554,-3.474178404,1.277268101,46.08986442,769.7952441,4.783976578,1.234371829,2.208307624,3.733726764,2.606954984,1.031218121,1.282051282,2.564102564,10.25641026,0,0.341880342,14.27350427,0,15.12820513,-0.512820513,1.624727336,158.0261707,1535.285776,4.958301908,2.321068141,3.130850434,7.161564461,2.339433114,1.447073115,0,9.836065574,18.03278689,0,2.695810565,26.4845173,0,9.726775956,6.338797814,0.001282523,0.215060293,0.000734818,1.262666172,3.147381899,3.684586876,1.401037859,0.026288242,0.054038948,1.0545954,0.234984851,0.259453656,0.073530837,0.018774959,0.010567514,0.059955394,0.022899322,0.001476616,0.011545634,0.219272743,0.114279065,1.677303675,1.932519045,0.970795647,1.400215277,NA,NA,NA,NA,NA,NA,NA,NA,NA,NA,NA,NA,NA,NA,NA,NA,NA,NA,NA,NA,NA,NA,NA,NA,NA,NA,NA,NA,NA,NA,NA,NA,NA,NA,NA,NA,NA,NA,NA,NA,NA,NA,NA,NA,NA,NA,NA,NA,NA,NA,NA,NA,NA,NA,NA,NA,NA,NA,NA,NA,NA,NA,NA,NA,NA,NA,NA,NA,NA,NA,NA,NA,NA,NA,NA,NA,NA,NA,NA,NA,NA,NA,NA,NA,NA,NA,NA,NA,NA,NA,0.003219077,0.151754846,0.020214266,0.70211358,0.152994963,2.772024478,0.092581196,0.795640473,2.376764745,2.259035025,0.348038754,0.108240781,0.007240797,0.057940796,0.033086625,1.118665305,0.016378409,0.007650873,0.012255601,0.225420907,0.042177539,2.264131776,1.307733052,0.510507311,2.836312336,0.017671272,0.013464399,0.034010769,0.055919419,0.037090587,0.280140693,0.035135607,0.118052724,0.952807491,0,0,0,0,0,0,0,3.846153846,26.92307692,0.560336275,0.331721314,0.871533778,4.940724045,1.630880481,1.344715121,1.258706782,0.564525979,0.558050273,0,0,0,3.448275862,0,10.34482759,0,-3.846153846,-13.12997347,4.01783932,1.461898389,0.176664078,1.138768621,1.045592947,1.180908644,0.302096187,1.682810884,1.115787097,0,0,0,0,0,9.523809524,0,0.915750916,6.41025641,2.867950676,7.899296717,11.06955398,2.121656252,2.207845215,2.491946973,1.684115036,3.489473216,0.782265291,0,0,13.33333333,0,0,20,0,9.487179487,-6.923076923,0.784466045,1.170534102,7.110573495,1.890538825,0.631525699,1.523599744,0.159285774,2.244122201,0.514579599,0,0,9.090909091,4.545454545,0,13.63636364,0,0.699300699,-8.741258741,0.102578012,0.248184897,0.02887535,1.104586261,0.646824991,1.796382641,0.201822791,0.399920633,0.296647515,0.687391537,0.139256402,2.26525593,0.010475477,0.062398688,0.038047338,0.51746328,0.085651876,0.201710574,0.009008998,0.131313849,0.112602771,2.596395612,0.885584901,0.561932238,1.22840225,0.0671265,0.009803643,0.000199385,0.024753207,0.07258053,0.510797051,0.026069579,0.330894829,0.451132601,0,0,0,0,0,8.928571429,0,5.357142857,10.71428571,0.917918233,3.818833742,49.59183762,2.143824861,1.516103007,1.226238409,3.039493829,1.24963176,1.382889803,0,0,0,0,0,8.513289037,1.162790698,3.945182724,9.053156146,1.029665897,2.541977468,45.37757602,2.116059039,0.905356924,0.999994882,1.095055557,1.297678785,1.546267601,0,0,0,0,0,3.571428571,0,8.705357143,15.84821429,2.047108021,3.427492605,1775.797011,3.977444148,1.477425126,0.980920199,2.189464699,1.657968546,1.131511875,2.105263158,0,10.52631579,0,0,2.65037594,0,9.379699248,4.022556391,1.18674576,25.6755464,2511.922293,4.470832766,3.818311424,1.410859203,2.107923943,1.415899803,1.295702022,0,3.947368421,17.10526316,1.315789474,3.947368421,13.43984962,0,5.169172932,6.390977444,0.128211991,0.535220523,0.029959146,1.335408542,0.294441314,2.125540197,0.151469307,1.839498066,1.680345215,1.375635913,0.283340177,0.977328239,0.036799031,0.122062635,0.053796405,1.029332232,0.041924875,0.059400602,0.025277245,0.211569432,0.180055089,2.934596584,1.155063286,0.701288042,2.462129961,0.14222077,0.053656152,0.007290072,0.060979133,0.140199898,0.706348136,0.068653568,0.431036768,1.056109475,1.408450704,0,0,0,0,19.71830986,1.408450704,8.450704225,42.25352113,0.522519297,1.212048959,1.090542468,1.799063416,1.020692312,1.143042216,1.202494032,1.064063422,0.976672544,-1.408450704,0.602409639,0,2.409638554,0.602409639,1.36602749,-0.806041066,4.199898184,-12.73544884,0.744408905,1.551270488,2.750966724,0.858654453,0.976026037,0.821061855,0.849371429,1.130007274,1.108425788,-0.418351694,0.99009901,0,0,0,-4.866824711,-1.408450704,3.430483893,-7.60005578,0.944654841,2.456588202,56.71975284,3.221315676,1.071060051,1.135130777,1.255088353,1.533477624,0.951365424,0.137941048,2.577319588,13.40206186,2.577319588,0.515463918,0.384782924,-1.408450704,10.62146072,-9.779294323,0.354484027,3.07647501,45.19291168,2.437740455,1.202419625,0.765739605,1.187414126,1.225227575,0.753531255,-1.408450704,3.125,8.59375,1.5625,0.78125,-8.780809859,-1.408450704,5.611795775,-15.69102113,3.14783587,0.95087874,0.014493903,3.81044428,0.892211304,2.637917053,0.135611077,1.219214773,1.189909102,0.340143122,0.132752038,1.247495058,0.038286047,0.101888533,0.038887027,0.490695287,0.106925525,0.027403499,0.019805225,0.052547728,0.298544468,3.513987223,1.306040293,1.497566342,2.218733252,0.146659062,0.049241943,0.012785604,0.126796247,0.192317389,0.870598874,0.063342623,0.848254351,0.871689688,0.910010111,0.101112235,0,0.404448938,0.303336704,23.05358948,0.101112235,24.46916077,28.00808898,1.135272445,1.774068097,1.181453154,1.051341404,0.910989731,1.110922863,1.059138588,0.997366674,1.064716451,0.250282111,0.156730481,0,0.240157852,-0.002520202,5.180187911,0.027809123,-0.317893042,2.331403931,1.008914377,1.102457761,1.232686719,0.950596034,0.889480998,0.994239175,0.868764298,0.959961597,1.026655173,0.119800187,-0.046911693,0,0.029155398,-0.249136162,1.716058212,-0.046911693,-0.946125538,1.531206414,1.652656548,3.690792702,48.23759392,2.680036879,0.977181745,1.01017678,1.5108297,1.41939418,0.881444321,3.298988437,2.402516212,21.77068215,4.493954545,0.640059523,0.930445349,0.080310117,16.82256637,-5.620570837,0.764676702,6.69360077,70.69626706,3.013341553,1.321360776,1.370733524,1.836975824,1.32586582,0.966297043,-0.39374785,7.797700362,29.53020134,5.067931031,1.813338567,11.48435579,0.208645122,13.32123675,-2.401480822,3.390838889,0.922767212,0.045394975,3.809349781,0.527531211,2.6587657,0.309630472,1.52236603,1.59607963,1.992422721,0.456433819,1.318604546,0.072155366,0.248270814,0.084172743,1.041108997,0.167321702,0.057763084,0.035850789,0.197335568,0.336471466,3.918421944,1.673787176,1.638463097,2.999292729,0.173213267,0.09488565,0.025772478,0.1835177,0.268325357,0.723382278,0.113827448,0.857629337,1.233944701,2.097235462,0.095328885,0,1.334604385,0.381315539,15.5386082,0.571973308,26.31077216,42.51668255,1.137110933,1.483479312,1.307249633,1.264196761,1.026928601,1.15200242,1.007305523,1.0969868,0.999401729,0.147662497,0.516916013,0.081632653,0.665395615,0.639092625,5.971595883,-0.327075349,4.423921714,-0.679947861,1.115015729,0.980171533,1.074302237,1.084747668,1.004818179,0.970086863,0.841338047,1.028877624,0.981909428,0.531630517,0.110856682,0,0.160240976,0.237241162,0.131494894,-0.417334133,0.957269073,-1.48575472,1.348758243,1.933086174,12.94870534,1.990506931,0.99284298,0.957667919,1.11947607,1.51734267,0.860007887,2.086707244,2.090875412,9.913305692,4.357065423,0.5610139,-0.574416717,-0.006575645,18.35564321,-8.818981839,0.671252175,2.844279231,21.68871375,2.170234131,1.246260083,1.086191375,1.317247141,1.253943927,0.909033753,-1.654539938,6.299162015,16.33054599,5.404205256,2.963495086,2.365966322,0.264229348,11.17078219,-5.428635334,9.572192657,1.861467557,0.032635348,3.686511471,0.036864247,3.793593498,0.115586859,0.678780511,0.632754773,2.34687421,0.382291703,0.115334187,0.065018264,0.102623181,0.089525384,0.372668828,0.082801465,0.015176034,0.062000933,0.117623941,0.275612858,3.631442193,1.534016933,0.717795092,2.647382467,0.094918115,0.036536467,0.015498306,0.07850217,0.178878005,0.675969218,0.055289584,0.505519753,0.994077054,0.785994998,0.035727045,0,0.357270454,0.321543408,16.14862451,0.142908181,12.21864952,33.51196856,1.120670497,1.362027123,0.945754313,0.948692102,0.957249306,0.986592346,0.917519294,0.989066045,1.053553527,0.014507278,0.074145816,0.015696123,0.035132623,0.039467422,-0.374020836,-0.03303532,0.416729544,2.557722226,1.150414126,1.175743843,1.098591682,0.909917666,0.983351031,0.95293863,0.855159811,0.988722094,1.085615211,-0.054099775,0.041314557,0.057781202,-0.049104044,0.121445806,-0.701783214,-0.046606178,-0.046076328,3.756906632,1.355660117,7.005902317,50.43175894,2.324888494,1.684845981,0.952378762,1.644916581,1.526891138,1.019571072,1.059940394,6.10555801,25.29286475,1.151426742,3.636568058,-0.138684857,0.105583121,12.27549319,1.117069423,0.583453689,9.314764778,63.6035286,2.428056812,2.188416218,1.131680339,1.676144114,1.308142031,1.017863552,-0.586672694,10.06991378,30.19732908,1.456562514,6.555076085,3.145774534,0.176007505,7.833174281,-0.165347073,0.178978014,1.232946302,1.386366954,3.412027314,0.238438282,3.645874424,0.251462326,1.368030095,1.362934111,3.618265655,1.003923744,0.165370112,0.324647907,0.249020947,0.151466802,1.203883161,0.11821298,0.038276147,0.083113002,0.385999516,0.457871448,3.621685246,2.163256481,0.968247511,3.566092598,0.138272006,0.056809361,0.062928999,0.129364147,0.226320664,0.737190027,0.102839431,0.510328816,1.023245588,1.282051282,0,0,1.282051282,0,16.66666667,1.282051282,12.82051282,33.33333333,1.066032955,1.684650612,0.260899521,1.257567984,0.978260851,0.977193094,0.848261779,1.258843769,1.203242223,0.487860222,0,0,0.045382346,1.327433628,0.589970501,-1.282051282,7.53346948,11.79941003,1.402018344,1.479781792,0.507818657,1.422878922,1.340141885,0.958048491,0.926453867,1.15931894,1.292798717,-0.723392064,0.558659218,0,2.069904025,2.793296089,-1.024208566,-0.723392064,3.380604498,14.15270019,0.874198752,2.355191895,5.570540315,1.68329248,1.542125083,0.819678802,0.989558948,1.37429974,1.004111836,0.903741068,1.092896175,11.47540984,0.903741068,2.732240437,-3.005464481,0.35729298,6.851618327,2.18579235,0.430753962,2.162984569,6.341555888,1.388955204,1.220958842,0.809899156,1.001136766,0.841996587,0.90017215,-0.7040166,1.734104046,9.248554913,1.030087446,3.468208092,-6.262042389,-1.282051282,-3.571957907,-3.275529865,0.004383223,1.299744752,2.722287103,3.093349829,0.603286707,4.268376027,0.161418695,0.128708157,0.118058764,5.255177947,3.572338854,0.093647647,0.870742466,0.105681684,0.248954832,0.603726929,0.034687495,0.021008384,0.13585834,1.146888484,0.60332571,2.674695958,2.300855123,0.398936616,3.55088185,0.01905398,0.678057858,0.00073766,0.009760719,0.000860332,1.148609719,0.11808271,0.703302422,0.296616451,0,33.33333333,0,0,0,66.66666667,0,33.33333333,0,0.912288979,0.000607878,37.26425647,21.45319661,132.627656,1.062436021,1.614244342,0.819278031,2.506845199,0,-33.33333333,0,0,0,-26.66666667,0,-13.33333333,20,33.31958141,0.148709976,1.642666178,0.072163646,3.416245532,0.132471179,0.007912171,0.740586275,1.336867201,0,-33.33333333,0,0,0,-66.66666667,0,-33.33333333,0,0.005427926,0.000202614,0.455803984,0.262753419,0.578792118,3.83E-05,0.018988315,0.001037459,0.004204267,0,-33.33333333,0,0,0,-66.66666667,0,-33.33333333,0,0.041526412,1.495775597,1020.865724,0.073806192,677.4948265,1.098004573,0.807831421,0.702500334,0.638270639,0,-16.66666667,16.66666667,0,33.33333333,-16.66666667,0,-33.33333333,0,0.752080342,1.602259054,1.529454712,0.955742919,0.048000296,0.879486871,0.053054935,0.130304042,0.087476763,3.614818197,0.90871212,0.025017382,0.21442506,0.036920426,0.065184015,0.150162876,0.010156068,0.015326611,0.062766,1.083972222,0.034424049,1.593511783,0.32162781,0.122640409,2.156661534,0.011962669,0.03531293,0.012796283,0.042495467,0.046072645,0.99850744,0.045495879,0.222587412,0.34832131,0,0.742115028,0.185528757,0.742115028,0.185528757,33.76623377,0,2.040816327,7.050092764,2.394064959,1.37647935,1.130208207,0.767727684,0.974077114,1.037251378,1.064164628,1.164012535,1.207920368,0.216450216,0.123685838,-0.077303649,-0.417439703,-0.185528757,2.597402597,0.108225108,0.664811379,2.906617192,1.727171933,0.333794944,0.312078063,0.545526998,0.88801643,1.075626226,1.260419321,1.137649635,1.119913649,0,-0.742115028,-0.185528757,-0.607525526,-0.185528757,3.918826799,0.134589502,0.112615706,0.217740345,2.808851193,13.1551117,143.494152,1.859557789,17.67306464,1.225849235,2.659031642,2.8681857,1.758767597,0.23255814,13.90904776,53.0702852,-0.276998749,29.69819217,12.39655693,0.465116279,17.8429046,11.08944212,1.894762113,3.149312494,35.52819812,0.886406791,4.181804512,1.090984586,1.313315116,1.275422006,1.578306369,0,1.992259972,12.05405458,-0.481698361,3.850929576,3.9941829,0.130208333,2.12585034,8.314490569,5.531611876,0.371485884,0.054175814,0.525082826,0.012288179,3.703895539,0.03240631,0.097788067,0.098249429,0.63236142,0.08889367,0.029926914,0.006129914,0.019430521,0.009849834,0.201547103,0.005267693,0.003548258,0.021921401,0.251901322,0.041255563,1.874918948,1.214896306,0.393661031,1.519241593,0.014560105,0.006827154,0.004330775,0.018778441,0.02762557,0.684565265,0.012808696,0.140303778,0.33432364,0.068775791,0.068775791,0,0.309491059,0.103163686,17.81292985,0,1.856946355,8.665749656,1.886041103,1.39948823,1.091701169,1.185771527,1.263006671,1.460046816,1.355550469,1.36899779,1.667396618,0.023390108,-0.038053825,0.030721966,0.089894502,-0.041719754,7.932077832,0.030721966,1.123084367,8.04699996,1.514207619,1.439656441,0.666213307,0.763452306,1.024693599,1.172243102,1.220635308,1.188510284,1.460816444,0.034958649,0.034958649,0,-0.274912913,-0.034007393,2.864801825,0.034578147,0.840149081,6.721525586,1.950302494,11.94853418,104.571149,2.13013054,3.990326564,0.994451206,1.814168658,2.165084742,1.368372694,0.054604838,1.689398176,14.09623689,-0.093574958,1.994307011,-0.385415968,0.061690315,5.669272029,4.751893774,1.180033485,19.16831783,108.2310515,2.174363091,5.924554168,1.288645337,2.229664103,1.911069017,1.375033024,0.188956168,2.991791219,13.78865979,0.044890384,3.279568272,3.675472213,0.096649485,4.554136119,4.832961684,38.86436057,0.302024058,0.011695012,3.46164263,0.227329337,3.083619341,0.077782152,0.291296314,0.290219736,1.249336714,0.178447545,0.197041297,0.012329574,0.038290682,0.018957027,0.344893527,0.03881084,0.007976349,0.010335081,0.080068863,0.09399082,3.047082536,1.226068037,0.975834995,2.101073948,0.033000971,0.013912298,0.006426382,0.039641816,0.060328498,0.405393881,0.022154709,0.308249704,0.456719754,0.070175439,0.051036683,0.019138756,0.261562998,0.057416268,9.862838915,0.019138756,5.939393939,11.47049442,1.306907873,1.739386302,1.080035045,1.077131268,1.04664819,1.351671868,1.170083286,1.145521731,1.26944169,0.045112576,0.023077041,-0.006786469,0.018422179,0.016697455,4.560515142,0.022035535,1.702554428,4.785115579,1.118379955,1.158576843,0.960497573,0.992837912,1.008761527,1.104098603,0.974326455,1.073275873,1.18285724,0.021199758,0.004803715,0.001166843,0.06332659,-0.00157587,1.284935083,0.011319643,0.959433412,3.30182905,2.362405477,5.908272619,58.00593676,2.44641838,1.473565567,1.083019373,1.690210698,1.936685796,1.180496213,0.659234365,0.957632874,11.7264431,0.451174581,0.313540718,0.682342812,0.055886252,11.7498358,3.380289177,0.713102767,9.419975278,79.36582848,2.563379044,1.976457464,1.364664061,1.813461875,1.506840189,1.169527269,-0.029775026,2.530100813,16.48218548,0.532978457,0.835881752,4.389528998,0.034728461,6.78673615,3.414813299,38.05946539,0.129182937,0.005303309,2.570148753,0.094214769,0.808483218,0.022768216,0.19398272,0.165414114,0.784569521,0.061918122,0.129969118,0.004053487,0.0157255,0.008909596,0.273205812,0.018126834,0.00333137,0.004867592,0.084550814,0.033740776,2.16448019,0.668475623,0.501480723,1.622800511,0.009013453,0.005710579,0.002302574,0.018433717,0.01782584,0.237360997,0.010186301,0.163084846,0.163361061,0.033351399,0.033351399,0,0.195939467,0.020844624,5.578021428,0.025013549,2.684787593,2.89740276,1.58028605,2.123721721,1.51141451,1.382673817,1.267889148,1.389808186,1.334531441,1.366654377,1.530529719,-0.02358911,0.015460043,0,0.07252346,0.027966817,2.851714502,0.014035604,1.659430691,2.720794146,1.368696947,1.466522095,1.595365106,1.25638016,1.184353751,1.062398167,1.125913171,1.267882765,1.342398041,-0.022682456,0.019993315,0,0.033442801,0.005827733,0.311234946,0.022996693,1.316065922,2.047652185,3.839961885,5.595038045,84.17201835,2.702855034,1.787803172,1.214886979,1.606251183,2.637779618,1.399101105,0.195329321,0.307590766,5.463390296,0.265579804,0.249414409,1.373872464,-0.004224393,9.485184549,2.179309227,0.987044626,10.30368474,127.6877128,2.760505959,2.173973478,1.526935537,1.7295475,1.730526918,1.317160608,-0.011676351,0.955030776,9.038494885,0.272241563,0.31295111,3.902644429,0.022671556,4.151522447,1.819087616,100,0.456852573,0.041123469,2.955913455,0.187054282,2.265361644,0.068923913,0.362739441,0.348959663,1.178256872,0.170324494,0.233241626,0.021037836,0.045759295,0.025801479,0.343866599,0.040145291,0.009714824,0.016170793,0.112939756,0.102350238,2.728425409,1.053944371,0.766965415,1.980917613,0.029080836,0.013576423,0.005485364,0.03512606,0.051540788,0.378457286,0.020854698,0.259568994,0.360390227,0.157346639,0.053829113,0.008281402,0.269145566,0.072462268,9.260677833,0.045547711,5.229705389,9.355913956,1.730815111,2.196178434,1.459190813,1.443984471,1.408339247,1.447197001,1.431914373,1.378988108,1.543156086,0.127108621,0.054691391,0.004872598,0.118897447,0.073875987,5.077182669,0.016933791,3.114863653,6.999441366,1.538326497,1.487818366,1.347934407,1.265116976,1.329629432,1.191657998,1.197145478,1.27583163,1.425972535,0.100390314,0.013996401,0.005283701,0.056416901,0.043810042,2.013860469,0.006774828,2.236914769,5.691660797,2.643228399,6.802123995,68.09319443,3.009098163,2.125185716,1.205541055,1.983703155,2.275286869,1.371633093,0.747135084,1.493804838,11.58254233,0.783996647,1.118386505,2.086029729,0.060861903,12.62207228,4.72301694,0.91622049,9.719175651,86.82560855,2.98539628,2.460848329,1.460423675,2.022368355,1.693208062,1.325213084,-0.067189118,2.883945187,14.89832902,0.819549021,1.426193875,5.084574438,0.066723918,7.023211972,4.228953189UPN17,1.401588227,1.518848875,0.012753451,0.283964106,3.461012508,0.655600483,0.040299477,0.539574656,0.290801333,0.212587757,0.046952406,0.132536781,0.030554332,0.051217176,0.021243419,0.066596431,0.011150986,0.007497262,0.063999459,1.59163775,0.027902009,1.627505383,0.247207538,0.418542479,3.007793103,0.119895172,0.017341726,0.005992263,0.014400579,0.032828966,1.887205324,0.058243311,0.228123408,0.723233488,1.283185841,0,0,0,0.044247788,49.91150442,0.309734513,3.584070796,21.81415929,1.309414739,1.317105564,1.05919497,1.093867046,1.206062304,0.992758024,0.976455584,1.144163316,1.092160589,1.048851916,0.055524708,0,0.055524708,-0.044247788,-2.49340337,0.134463155,0.913430592,2.616712446,1.153556732,1.078340125,1.007174802,0.850509549,1.350422746,0.978016562,1.031408228,1.138710348,0.975758697,0.274446558,0,0,0,0.215357612,-1.988347623,-0.050129113,0.46577344,-0.163068949,1.095833952,7.910735905,51.91565835,7.529656786,1.827359335,1.226384349,1.856135397,1.530510247,1.01955393,0.294484062,3.114886731,8.818770227,1.577669903,0.683907552,7.693673569,0.337514678,3.697482602,1.486811582,1.14761881,11.53531487,109.1716464,3.071852934,3.155349233,1.380721662,2.216578168,1.271280533,1.034049687,0.263205912,5.248359888,17.9475164,0.093720712,1.267842184,12.8813728,1.189796883,1.945451228,1.10055486,5.886608314,1.540265347,0.023684496,0.496916295,3.329650345,3.436956304,0.055139979,0.344624402,0.281493365,0.179706505,0.056883638,0.174314556,0.082329258,0.06749971,0.029087911,0.057191457,0.015146634,0.014122366,0.073632401,2.134674292,0.093840161,2.339842237,0.480371218,0.946300228,3.577376042,0.128999351,0.025349384,0.008277539,0.024367459,0.059269944,2.155579836,0.058169676,0.27659181,1.448007039,1.075663122,0.012223445,0,0.024446889,0.012223445,49.93277105,0.146681335,4.65713238,49.30937538,1.228850307,1.072278855,1.165451377,1.207905974,1.033532902,1.021338906,1.066190538,1.071083408,1.056508362,0.541112931,-0.012223445,0,0.023576162,0.003784239,1.916116411,0.013395502,0.337264931,2.699588921,1.128276448,1.040433563,1.064993696,1.020193525,1.031394391,1.02341301,1.05044877,1.076300356,1.06356394,0.246265338,0.018880755,0,-0.024446889,0.003328655,2.322283377,-0.053368738,0.630581461,2.914574851,1.090837081,7.415031935,38.97482941,9.80796859,2.091803202,1.101746878,1.95326013,1.312770837,0.993645952,0.406935195,4.448135897,9.008669431,3.543840584,1.596018797,4.131809923,0.305636796,2.793552379,-0.270551409,0.959679894,9.349960645,91.00383918,3.685134553,3.581364036,1.30515174,2.059087691,1.281898949,1.085476496,-0.188659651,5.695451064,20.90242962,0.476902899,3.767182649,11.7589631,0.380378699,2.618867106,4.617864623,0.160122777,1.529487597,0.122578631,0.624669011,2.923229302,3.058452303,0.809729962,0.332668616,0.282720342,1.223866301,0.329364037,0.260843918,0.173268418,0.243340982,0.115655268,0.199971812,0.080173291,0.058104252,0.206387421,2.31473377,0.19762364,2.099385572,1.453136144,1.41911901,3.49211101,0.246109182,0.080271713,0.030397096,0.07683693,0.204694803,1.618518979,0.138958542,0.43302608,1.700555338,2.542372881,0,0,0.423728814,0,39.83050847,0.847457627,8.898305085,60.59322034,1.077310223,1.39019158,0.64911367,0.849922723,0.945637503,0.981215107,0.799470766,1.102498919,0.984418822,2.324883756,0.442477876,0,-0.423728814,0.884955752,-3.547322634,-0.404979751,4.376031198,-1.743662817,1.063682828,1.033571841,1.025118397,0.939863547,1.044284538,0.986497433,0.868191819,1.085315096,0.946218375,-0.238225416,0.460829493,0,0.03710068,0.460829493,1.644145903,-0.386628134,3.544091229,-6.215340155,1.005114339,3.182351296,9.774295323,3.835353558,1.199784447,0.993987919,1.336146838,1.358114706,0.867670616,-0.361687523,5.919003115,8.722741433,3.314588943,2.492211838,-0.578172026,-0.224404668,9.170230741,-10.12593062,0.865208425,4.125811724,23.57983484,1.924479185,2.293134923,1.185396148,1.441823491,1.155755516,1.005559871,-1.337553604,7.228915663,20.88353414,1.182696889,8.835341365,3.542985501,0.35736165,4.354706963,-1.958682186,0.79469239,1.180694576,0.026000506,0.594256748,3.037154138,3.810881904,0.077104997,0.895553222,1.807349965,0.25259339,0.069909707,0.15071343,0.061121347,0.078237956,0.029304071,0.111591262,0.014179304,0.013511739,0.051227294,2.059680711,0.114256236,3.164366384,0.524327095,1.015406097,3.83514504,0.168339459,0.033754204,0.009079702,0.026682819,0.060096831,2.510799541,0.057935768,0.421056136,2.140832153,1.699463327,0.029815146,0,0.029815146,0,58.19916518,0.059630292,8.467501491,73.97137746,1.295782421,0.816185479,0.76352324,1.06981468,1.06771515,1.039747389,1.21056658,0.989692381,1.05272876,1.622795809,-0.029815146,0,-0.029815146,0.041528239,2.307479342,0.189539143,-0.70172076,3.271147457,1.114475021,0.973081178,0.912531016,0.998941316,0.967872536,0.995288928,0.952983806,0.972028909,1.022689545,0.015035368,-0.029815146,0,0.007456565,0.037271711,-0.353470059,0.014913129,0.365893962,-0.397020397,1.007049867,6.341181739,44.39948322,10.99436251,2.121079924,1.083789531,2.154326413,1.189999201,1.018663456,0.216503059,4.978588215,11.15966387,5.482789896,1.378151261,2.204196169,0.713478952,2.994683383,0.818538507,0.927942199,5.723394552,67.26320837,4.261644126,2.899627837,1.180097793,2.19249733,0.979674313,0.993653543,-0.498944184,4.090885698,16.80726801,0.748899974,1.9467878,3.968258575,0.427066658,0.552615317,-1.031727882,0.628042525,1.525200789,0.061238405,0.65523946,3.647390965,3.33927751,0.18444237,0.281931634,0.339999296,0.379200655,0.102691569,1.454198585,0.104339433,0.164712479,0.062862926,0.106690394,0.037715609,0.039273695,0.134258557,2.286507462,0.180411693,3.505599427,0.690822115,1.339458514,3.684193628,0.24605796,0.055563184,0.012518119,0.058108483,0.127985794,2.479761833,0.109155376,0.523211947,2.060490452,1.515151515,0,0,0,0.189393939,58.71212121,0.568181818,11.17424242,74.62121212,1.112749186,0.796829939,0.905658985,0.892939461,1.184727287,1.069750794,0.949460432,1.073534376,1.013047162,2.423579338,0.218818381,0,0,0.029424441,3.6511173,-0.568181818,1.95486042,-0.441781049,1.172702779,1.005374696,1.203796659,0.896714432,0.998477312,1.060700731,1.050376364,1.09533808,1.026296082,1.341991342,0.204081633,0,0.204081633,-0.189393939,5.165429808,-0.568181818,1.682900433,-0.335497835,1.397616468,6.041392326,44.68814137,9.27665339,2.010047522,1.219340381,1.925412373,1.320902367,1.026354447,5.01950195,8.514851485,15.64356436,13.86138614,4.959120912,8.614611461,0.421917192,5.459420942,1.022352235,1.018028572,7.057077372,87.02383088,3.684809305,3.017046456,1.442910758,2.140534654,1.352834298,1.029372529,1.38620245,9.864603482,29.98065764,2.127659574,7.160702772,15.75596389,0.39893617,8.168117344,-0.346550613,12.0145544,2.414591386,0.079678072,0.841010571,3.173543317,3.856415929,0.147182285,2.03984552,2.126820565,0.295555354,0.085497205,0.47784604,0.169186714,0.162659546,0.070237132,0.290897659,0.033392392,0.029332551,0.093681726,2.126704085,0.286234984,3.513891758,0.72622181,1.292286647,3.665015232,0.275342714,0.068432225,0.016271295,0.064570207,0.142108624,2.780436251,0.113711502,0.744232196,2.231018318,3.287332771,0.027118236,0.012052549,0.054236471,0.210919609,65.91539111,0.292274316,21.5409184,77.98300591,1.162337235,1.01947907,0.99505669,1.019138244,1.033440938,0.996802437,0.988814972,1.006757037,1.027591592,1.397395992,0.009576768,-0.008994632,0.031385204,-0.018270842,0.233468292,0.044096548,0.096901913,0.94794633,1.080398088,1.061856819,1.002277952,0.983464336,1.006044718,0.971458603,0.931119509,0.986755372,1.008873871,0.627151717,0.038571054,-0.009066672,0.011452819,-0.028781125,-0.68891235,-0.020559527,-0.445698793,0.005110305,1.150104256,3.27056579,21.50983777,7.02912725,1.39994767,1.061490264,1.769470512,1.192839854,1.013680999,2.212993766,4.053379068,10.05011033,10.54247881,1.141183528,2.575042584,0.885676002,5.629340164,0.513958514,0.955899293,3.954610159,45.19573912,3.092117378,2.164284535,1.095072517,1.902382535,0.981392302,1.006294732,0.278298798,5.145708459,20.884145,1.781797695,3.639430301,0.990758279,1.184535774,-0.532962256,0.258658765,10.70014006,2.594671958,0.066414901,2.690124976,2.598836465,4.481603991,0.122063018,1.975128243,2.172890858,0.147581744,0.056863878,0.476029909,0.134339104,0.159169811,0.062007221,0.438519647,0.045297632,0.024687703,0.117557739,2.206703893,0.434623741,3.763738988,0.770163805,1.374010542,3.585923305,0.329324223,0.074074888,0.016093743,0.068424131,0.1406073,2.903643416,0.101301777,0.880654429,2.538257925,4.508584029,0.023625768,0.003937628,0.055126792,0.169318003,69.23531265,0.161442747,27.80359112,85.27327138,1.141271067,1.018403331,1.094427672,0.973698535,1.004217884,0.973336744,0.968281582,0.981785516,1.030488851,1.34505398,0.018456461,0.004478818,0.033245889,-0.030446648,-1.247264001,0.057384842,-0.963545668,1.580240381,1.03707402,1.019317007,1.054216497,0.955802044,0.97190549,0.951424204,0.896359063,0.974520083,1.014311198,0.470768896,0.0124565,-0.003937628,-0.011026242,-0.053052918,-1.721380883,-0.013104536,-1.118749678,0.883165294,1.033900862,3.696913459,29.76060143,7.688631184,1.535893716,0.984480454,1.68803123,1.155558293,1.004196798,1.395855344,5.575284635,14.00622213,12.60776064,1.590234379,-0.815228719,0.449615193,5.841406307,0.352142739,0.847473645,4.524255688,61.66965791,3.144060518,2.483192637,1.007011808,1.774219727,0.969720308,0.988522468,-0.722193602,7.091930582,27.82245994,1.6594651,4.760133685,-2.741295859,0.774438661,-1.309574328,-0.522423016,11.93054276,3.102055957,0.248368365,2.824879107,2.589380478,4.478362818,0.250615967,2.786782794,3.00685245,0.840548855,0.168511986,0.565803727,0.286553166,0.346135633,0.135924552,0.803664819,0.100801475,0.050537962,0.181098069,2.233777236,0.676070651,4.260298813,1.209737854,1.690473198,3.900484078,0.492243534,0.170387139,0.032214363,0.142992099,0.276765977,2.775186118,0.161574153,1.248709571,2.64471882,10.07916156,0.15609321,0.011149515,0.34191846,0.791615565,66.35076374,0.48314565,45.36366001,87.55714126,1.017144117,0.974307902,1.049974077,0.958848709,0.992392726,0.932883587,0.885124647,0.963631169,1.027218623,0.835813436,-0.00245325,0.005195162,0.004588683,-0.101870215,-2.7601652,-0.139907443,-2.576565771,1.080039606,1.01745858,1.01846388,0.998587904,0.970160023,0.976683865,0.953328111,0.89749983,0.989469856,1.017933556,0.233575845,0.119292964,-0.011149515,-0.009555836,-0.088906018,-0.72972044,-0.115964085,-0.611824106,0.670891149,1.05598302,1.888080736,11.86871956,4.916109899,1.233854041,0.9841481,1.529371748,1.1407702,1.019258774,1.600171355,4.07654348,10.52822139,19.7235238,1.382756401,1.363506894,1.203048144,6.058653687,1.151429561,0.84653138,2.188653534,26.58719255,2.339069874,1.708117143,0.963843265,1.504013525,0.977536342,1.013786543,-1.988922039,5.344689716,25.06859299,3.520518471,5.457297037,-3.780445352,1.416175814,-2.267911015,0.687363752,9.633260308,3.034515373,0.187133651,2.940474574,0.488902964,5.151030189,0.145040067,1.016799596,1.185062262,0.474012396,0.081271982,0.046354581,0.141139641,0.149647777,0.056808107,0.67856639,0.060409313,0.022139246,0.169186285,2.60131922,0.37931446,3.650857875,0.818245905,0.810311503,3.558286688,0.229287547,0.067522152,0.016475684,0.060317869,0.148341925,2.34008102,0.063976076,0.599490762,2.698476882,1.40419097,0.064808814,0,0.122416649,0.194426442,59.71052063,0.064808814,15.63332613,86.84381076,1.159838586,1.054003081,1.04873761,0.977645053,1.066882302,0.941324819,0.942746307,0.964556039,1.027204217,0.969962575,0.000460012,0,-0.032672013,0.140076291,-3.212193144,-0.040333004,-0.955998891,0.41245097,1.111898558,1.076683303,1.007612762,1.04004194,1.030982542,0.937545518,0.898660728,0.978818446,1.022329738,0.642826462,0.015152804,0,0.069491236,0.005477604,-1.810312731,-0.016831843,-0.704491973,0.530249693,1.126595441,3.573094052,21.5302521,9.132489041,1.52617313,0.931857957,1.434474879,1.319935725,1.025804929,1.036693851,5.000027189,9.778794813,13.89741554,2.231202849,-1.068262812,0.095374252,8.1805564,-0.177144092,0.852769335,2.855230731,33.37450539,2.886697253,2.250023235,0.897893629,1.104867928,1.105281804,1.040962024,-0.039417837,2.771918589,14.83386924,0.920813076,4.550125184,-4.183546712,0.006645277,2.551739963,1.466299996,0.63200952,3.163024575,1.947863715,2.775717895,0.857383298,5.209545233,0.301327023,1.842628713,2.054732079,1.456607008,0.359493008,0.078207051,0.350831536,0.366996764,0.150637354,1.328269893,0.123156727,0.058230025,0.21690825,2.746523868,0.582223149,3.895944725,1.714625857,1.316527126,4.201872796,0.365630353,0.148765421,0.027035137,0.119292856,0.32328573,2.310475816,0.129594379,0.803472247,2.819367426,4.704097117,0.455235205,0,0.151745068,0.758725341,55.38694992,0.151745068,27.16236722,87.5569044,0.977515292,0.950284417,1.283180264,1.057685364,0.953575388,0.917062406,0.768877156,0.900682665,1.038486287,0.714622095,-0.208929786,0,0.340865769,0.226496333,-1.569215934,-0.028592359,-3.393894317,1.605657176,0.988089047,1.119450681,1.05543665,1.085919646,0.954576838,0.962160583,0.837698032,0.961739156,0.99195335,1.972039247,0.254992068,0,0.132345841,0.093547386,-1.551722651,-0.151745068,-2.304412678,-1.90349531,1.071590622,1.860192248,10.68191647,4.621641603,1.20275648,0.827453609,1.123444157,1.186594266,0.980560355,3.080990602,3.382484093,7.236842105,13.77369353,3.18864308,-5.496599047,0.1772023,6.390264356,-1.701641243,0.732795151,1.726907098,20.03827277,2.097865697,1.511898421,0.843762363,0.879796414,1.152030794,1.048956483,-1.428987947,2.383192743,15.72052402,2.250001657,5.900663305,-3.858565645,-0.151745068,5.370383869,1.089383809,0.006755336,2.661341881,2.106265514,1.986564154,0.973423968,4.214096592,0.202781336,1.008277121,0.354833077,5.940724549,4.409735633,0.085287932,0.467267398,0.272939835,0.577194265,0.355685104,0.027794684,0.028730695,0.65710969,3.290297944,0.140030192,2.431847127,0.915361249,0.591575708,4.089235063,0.579067426,3.030631072,0.035317062,0.001345068,0.051905084,2.597552224,0.029699,1.280378256,1.794728137,0,62.5,0,0,0,75,0,12.5,62.5,0.32702938,0.481558365,0.946610798,11.98393954,0.656153118,0.857649775,6.309943993,0.644168883,0.609124058,0,-29.16666667,0,0,0,-19.44444444,0,-1.388888889,-18.05555556,0.197806641,0.852844302,0.453403927,0.308137015,0.421740052,1.057519285,0.45710892,1.13256967,1.145099043,0,-12.5,0,0,0,0,0,37.5,0,0.40624281,1.113614735,51.80764265,218.6218115,24.31147358,0.670337778,0.671223087,0.411071041,1.050931108,0,-2.5,50,10,40,-35,0,-2.5,7.5,0.234684327,0.480691799,13.82421492,119.5926311,5.698347891,0.734998097,3.198436943,0.528844113,0.878235204,0,-32.5,20,0,0,-25,0,7.5,-12.5,0.633718704,2.647611238,1.577606199,0.763685209,0.424198056,1.060247821,0.191083339,0.224911402,0.195850851,3.176688755,1.253890671,0.030747721,0.53547831,0.121652156,0.358591975,0.157789264,0.026281068,0.0242687,0.095859519,2.971254102,0.053829163,1.793008145,0.419696381,0.30085595,3.504994573,0.080890314,0.049011623,0.022696822,0.038105109,0.09017541,1.759990154,0.105949074,0.296225964,0.895248366,0.146520147,0.21978022,0,0,0.366300366,58.97435897,0.146520147,3.296703297,29.45054945,1.234724037,1.184020242,1.032638258,1.14756676,1.193687742,1.004706055,1.037623639,1.127856996,1.061272983,0.074882068,0.223024208,0,0.295202952,-0.144898152,0.730438074,0.074882068,0.688536556,1.250557561,1.178515689,1.09832891,0.893109431,0.930298226,1.093650535,1.033998463,1.038605024,1.09082689,1.067388679,0.003855793,0.15615963,0,0.07518797,-0.215924426,3.732407943,0.079043763,-0.2891845,1.827646038,1.128226556,20.0208836,97.51240627,4.195448477,15.33888456,1.041034891,2.064732637,2.466996043,1.326182017,-0.076979117,31.28230601,57.51043115,1.182197497,44.34858141,4.099354517,1.03567735,19.16504914,12.62177322,1.076732622,2.924992536,14.78673687,1.568241241,3.115407978,0.966981959,1.051694397,1.314063983,1.136124711,-0.146520147,2.896563271,8.448753463,0.415512465,4.966109606,-1.079622132,0.199740241,2.174210831,4.482968555,6.136876292,1.288607472,0.110680284,0.368992022,0.353808748,4.192528914,0.239102823,0.266447749,0.256487632,0.503569939,0.081213286,0.040093162,0.050627953,0.12029968,0.030769562,0.178395179,0.035167852,0.025810062,0.05379388,3.082613745,0.125002266,1.164120067,1.636439448,0.758873058,1.649884669,0.061170333,0.046215231,0.020746428,0.032667502,0.131477149,0.97867145,0.025454059,0.362978867,1.64572747,0.167186803,0.022291574,0,0.011145787,0.234061525,23.09407044,0.033437361,5.907267053,60.02006242,1.167943733,1.332784847,1.09356792,1.121917846,1.211437424,0.90756677,1.030789694,1.080504825,1.026203169,0.130624928,0.042450107,0.025896672,0.06654423,0.21913024,-2.635699342,0.005407648,1.525077891,2.119002714,1.035472178,1.192728783,1.098152637,1.103389458,1.173051849,0.86165376,0.925363351,1.022580557,1.013908095,0.006467377,0.027323906,0,0.013661953,0.200073926,-3.099031989,-0.008629621,0.505533741,1.676787001,1.085133005,3.410802608,10.23078179,5.465273343,1.263510133,1.031136412,2.246319648,1.431317751,1.096695304,0.272255855,2.818008533,5.487674169,2.56120148,1.588017789,1.557590866,0.095180003,7.715455348,4.856679277,0.876196654,4.524630435,18.59639821,1.985620319,2.262439093,1.05409367,1.589331875,1.167126076,1.072636741,0.006364047,4.142928836,9.753557792,0.254965517,4.833623307,1.330319238,0.024412923,3.927281136,3.916070871,36.94328294,0.962425423,0.044290018,2.68176122,1.908400146,4.152213319,0.094395281,0.409504951,0.454273198,0.391029639,0.111236212,0.089206931,0.041894633,0.080063079,0.030713107,0.148333624,0.027325843,0.012503422,0.130813163,2.135694243,0.186594047,2.682929799,0.65771735,0.984965155,3.616259888,0.149267356,0.026125941,0.008729245,0.026791531,0.055472944,1.535448268,0.040115634,0.265689414,1.858652639,1.612903226,0,0,0.187546887,0.037509377,38.22205551,0.150037509,4.538634659,63.05326332,1.449436482,1.222031234,1.031564132,1.19965966,1.162749685,1.084565235,0.945704499,1.090711595,1.093907659,1.161791558,0.055493896,0,-0.076559095,-0.037509377,3.065402866,-0.150037509,-0.099123005,4.760277195,1.310507495,1.177844517,1.256711749,0.95574478,1.150801105,1.010592888,1.002197394,1.07141367,1.062386037,1.109609863,0.052356021,0,-0.135190866,-0.037509377,1.149672235,-0.097681488,0.644611415,3.177103176,1.069302959,14.88444305,78.43343813,9.509589923,4.240926522,1.066244887,1.972026278,1.498995512,0.965048091,1.180156444,10.41049513,19.33982226,4.382914391,4.998461846,1.515566153,-0.065399338,4.306054296,-2.240736866,0.95105699,12.42412598,113.5347224,4.202980434,4.664315101,1.241435873,1.739859273,1.364721071,1.026356605,-0.244249804,8.432671082,27.10816777,1.004506093,5.392954199,6.237105634,0.070713042,2.966884105,1.096847059,2.471438175,0.347330068,0.056175437,0.271570449,0.231940603,0.844587981,0.273382251,0.186567904,0.139506552,0.5214845,0.105359425,0.039797388,0.01979822,0.110607848,0.029930717,0.074433058,0.038286818,0.026526781,0.151951331,2.511386277,0.072877363,0.368133407,2.315954546,1.122964722,1.308136856,0.078239681,0.046020014,0.01455773,0.026751553,0.099223897,0.731452199,0.031355789,0.407134547,0.951069458,0.328652525,0.059755004,0,0.029877502,0.298775022,19.00209143,0.059755004,7.708395578,31.84941739,1.210030534,1.539086703,1.785066394,1.173865442,1.128946991,0.990958854,1.082353731,1.171289335,1.154686753,-0.00221074,0.230415471,0.072542619,-0.029877502,0.063938072,-0.104739231,-0.059755004,1.141803914,4.349349387,1.082100206,1.11298749,1.331523772,1.066052169,1.094269621,0.952785845,0.951817676,1.103481542,1.100709311,0.008615604,-0.026028192,0,0.003849311,-0.02896052,-1.632782825,-0.059755004,1.532751134,3.091560689,1.093123576,6.804702743,42.13356419,2.163047231,2.284345016,1.053563978,1.688066382,1.616512257,1.076493016,0.158035136,9.130053183,18.26510163,0.285038043,4.195928671,1.78233457,0.026131053,12.47482801,0.959056702,0.921274569,9.991556822,77.70998989,1.370086789,5.221836066,1.250357824,1.855322208,1.627083335,1.102139737,-0.111665544,11.9985215,33.44699318,0.001120638,14.36334525,6.540376027,0.126233836,11.35546059,2.589516275,100,2.472240363,0.155545361,1.865857747,2.366573187,4.125462752,0.171368188,1.791233923,1.934338915,0.475387468,0.114697536,0.385652722,0.174148784,0.1957104,0.080453005,0.460371497,0.054502068,0.031480301,0.126285869,2.28705847,0.389157167,3.431296074,0.93737177,1.27680043,3.516026185,0.286952603,0.083717153,0.018911925,0.072686434,0.157802775,2.477713352,0.100377731,0.762472476,2.254711009,4.150156891,0.07100158,0.006107663,0.116809052,0.303856226,59.6214776,0.241252682,23.33050854,76.21752441,1.16043784,1.085738885,1.10742071,1.052928221,1.079236821,0.985529413,0.994446396,1.034886714,1.048737246,1.401886008,0.025040678,0.003496563,0.032056449,0.023487806,-0.22814453,0.00445543,0.819317384,2.596353695,1.103194314,1.105357471,1.066449672,1.041416645,1.050414539,0.975218263,0.958030007,1.036360121,1.033638262,0.78139234,0.053524678,-0.005334208,0.016998668,0.002431964,-0.052292044,-0.032419825,1.105256021,1.87204168,1.138181714,3.159091247,21.22784343,6.685740023,1.548635709,1.032105636,1.751352167,1.252654919,1.030048375,1.847252778,4.857896472,11.31073213,12.00025806,2.028763445,2.227966011,0.70633276,7.768664141,1.755409271,0.920722252,3.540129744,41.30924526,2.863437815,2.226851039,1.055079663,1.744633085,1.053268976,1.030762478,-0.254205936,5.473662616,22.10188998,1.827702742,4.726104635,0.599505397,0.869896915,1.494402271,1.92178493UPN18,0.404913373,0.257924221,0.028684949,0.851358681,2.477673556,0.252521066,0.043410836,0.026895886,0.020584391,0.088522487,0.092501597,0.058440547,0.021868309,0.023371394,0.013401285,0.029831475,0.010530721,0.005256016,0.110726909,0.024378989,0.86776744,0.544253476,0.135478847,0.249332402,3.586679579,0.011386543,0.008248412,0.001147895,0.000194,0.031847233,0.43377242,0.045738922,0.164540752,0.507117852,0,0,0,0,0,12.08791209,0,2.197802198,14.28571429,0.683189753,1.130936757,1.317487512,23.91920537,0.902020013,0.882086132,0.951070292,0.76472442,0.845651586,0,0,0,0,0,-0.976800977,0.653594771,-1.544207427,-1.867413632,0.386749193,1.243266661,1.028098252,24.48028734,0.320496272,0.797867697,0.478877015,0.756410334,0.852674019,0,0,0,0,0,-3.660945796,0,-1.074206692,-0.802568218,2.287919421,32.46646254,427.8015225,94.9201418,2.989343592,1.837258248,2.546009629,2.231852041,1.044995329,0,7.368421053,12.63157895,0,0,17.38577212,1.052631579,6.223250434,0.45112782,2.300311214,119.7521858,1126.297221,117.4816989,13.04101863,2.055045218,2.219314639,2.036355969,1.23895004,0,31.11111111,42.22222222,0,12.22222222,21.24542125,1.111111111,4.468864469,5.714285714,0.276180702,0.378543653,0.053486754,0.771779255,1.520618604,2.804269459,0.090675923,0.073410597,0.081222728,0.274507358,0.176641499,0.074773211,0.04174657,0.054681508,0.031241336,0.128652,0.020899334,0.015882793,0.164541827,0.039611152,1.169375966,0.582995461,0.3586284,0.775700439,3.17956223,0.04005714,0.011168295,0.013413613,0.067043078,0.075598345,0.599545633,0.064518357,0.227518357,0.578951988,0,0,0,1.204819277,0,16.86746988,0,2.409638554,14.45783133,0.690642833,1.465501964,0.13112327,0.292097713,1.820501783,1.08700701,0.941705034,0.907269281,1.222648154,0,0,0,-1.204819277,0.943396226,-0.82973403,0,-1.466242328,7.240281882,0.58767553,1.638448512,0.416794453,0.154078369,0.527205724,1.155096379,0.929820381,0.749643896,0.898312569,0,0,0,-1.204819277,0,1.619925078,0,-2.409638554,0.668219095,0.701473498,21.53698506,29.30365273,0.768267227,2.370268795,1.413153003,1.183476982,0.920183485,1.180113601,0,6.944444444,12.5,-1.204819277,2.777777778,3.965863454,0,0.368139224,3.59772423,1.313066969,56.72232544,70.72589778,1.228440351,5.255583203,1.812057826,3.21467827,1.971916887,1.301626256,0,18.98734177,26.58227848,0.061003508,10.12658228,17.30974531,3.797468354,11.51441208,10.85862437,0.091103887,0.708381411,0.136519712,0.783178606,1.794847677,2.558768695,1.206080806,0.202181527,0.191982289,1.485673819,0.444092204,0.325924364,0.059077785,0.192274695,0.131341818,0.558689702,0.059775812,0.072153962,0.353570912,0.183476659,1.744928012,0.817089756,0.70630403,0.961280988,4.300904363,0.000171043,0.032557344,0.012088138,0.052008468,0.067118858,0.702391546,0.13205306,0.190341832,0.985559758,0,0,0,0,0,13.63636364,0,0,31.81818182,124.6829782,1.983574416,0.973278601,2.531529902,1.747712618,0.744147785,1.010425899,0.564090671,0.972387752,0,0,0,4.545454545,0,-9.090909091,0,0,9.090909091,213.9971902,0.561631231,2.524181465,0.298415201,1.89348986,0.915226763,0.432973058,0.72579848,0.984995888,0,0,0,0,0,-3.958944282,0,0,-2.785923754,505.3835495,1.911079619,6.34368897,0.643201887,1.146556599,0.994831944,0.728929359,0.880601177,1.138228039,0,0,3.571428571,0,0,4.220779221,0,3.571428571,7.467532468,219.4960523,7.314442196,13.56054532,0.507674393,1.857880125,0.665076997,0.854314775,1.224062497,0.764233877,0,7.692307692,7.692307692,0,3.846153846,-5.944055944,0,7.692307692,-16.43356643,0.002791492,0.413538436,0.156272962,0.603984668,0.701446234,2.181146634,0.663549087,0.535372644,2.446452098,0.884420305,0.262159419,0.125943952,0.034771757,0.043231499,0.016226022,0.022946815,0.01090044,0.023184792,0.059366144,0.182498784,3.222582966,0.653247134,0.452027506,0.637207019,2.288371474,0.088166231,0.146898925,0.349324641,0.089793603,0.090749882,1.887747614,0.252624535,0.456739026,1.032115692,0,0,25,0,0,50,0,0,50,0.033053207,0.003541279,0.001607889,0.038910896,0.006941242,0.001834826,0.002962804,0.00296871,0.001175356,0,0,-25,0,0,-50,0,0,-50,0.034648912,0.013503896,0.007783027,0.00959811,0.002978006,0.095032639,0.000129401,0.007987502,4.620381759,0,0,-25,0,0,-50,0,0,50,0.000499774,0.020424872,0.003751111,0.004156811,1.718722027,0.000593289,0.013501378,0.000773247,2.234919917,0,0,-25,0,0,-50,0,0,50,0.032337459,1.993923921,0.009484435,0.010458277,0.018820465,0.15516125,0.003046705,0.002167019,5.316265304,0,0,-25,0,0,-50,0,0,50,0.029011998,0.409819035,0.099321071,1.089621171,0.922324737,1.9036174,0.781253832,0.13162192,0.327174479,0.971545078,0.317213177,2.501360759,0.043219721,0.159597127,0.073224941,0.594248511,0.192487058,0.474372706,0.098783142,0.289243904,0.863277898,1.065186919,0.541907925,0.560734701,2.727918336,0.000703953,0.110249106,7.89E-05,0.000797185,0.091050347,1.09805484,0.000931911,0.110596944,0.369792391,0,0,0,0,0,33.33333333,0,0,0,91.59781226,0.372399864,209.3073913,16.96743369,0.429101738,0.655434248,104.121359,1.159188407,2.101283843,0,0,0,0,0,-13.33333333,0,0,20,60.79796865,0.250607103,489.8801455,0.368597537,1.288966585,0.403591489,95.52754084,2.111802171,2.263641431,0,0,0,0,0,-24.24242424,0,9.090909091,18.18181818,99.48127674,0.778613333,666.9181418,97.29462388,1.31368142,0.41170844,122.688306,2.670140182,2.838854733,0,0,0,0,0,-20.83333333,0,12.5,25,32.8141346,2.942587745,4290.976608,177.4855142,5.070931517,0.64408414,139.4973472,2.568669352,3.765305977,0,11.11111111,11.11111111,0,11.11111111,-11.11111111,0,11.11111111,33.33333333,0.006528467,0.913981696,0.169307435,1.094188294,1.069496848,2.326564778,0.888813588,1.292756075,1.222566826,1.441494981,0.701336586,1.044665237,0.215017472,0.363688292,0.109906286,0.47194678,0.188066846,0.415116817,0.103664025,0.259324017,1.445580213,1.626021917,0.748982467,0.842295425,3.105411498,0.61667823,0.00066352,0.14068717,0.286651226,0.000689862,1.51630759,0.402869447,0.705293848,1.211653685,0,0,0,0,0,50,0,0,50,0.256343519,3.151964827,0.008432777,7.63E-05,636.5745195,0.527173198,1.244072503,0.626403837,1.149658057,0,0,0,0,0,-50,0,0,0,0.372170951,128.1421766,0.001802086,0.002108952,216.6565378,1.202090776,0.792951826,0.886188323,1.765100757,0,0,0,0,0,0,0,0,50,1.712268385,390.9704855,3.29251365,3.918094003,173.6229745,0.999762241,0.465757448,0.734186634,1.33483663,16.66666667,0,16.66666667,16.66666667,0,16.66666667,0,16.66666667,0,0.059489032,831.1558092,5.691662858,0.547998511,952.9835058,0.498411057,0.669358468,0.665510157,1.291724732,0,20,20,0,20,-30,0,20,-10,0.234289493,2.070839297,0.100763925,3.952732026,2.206252754,2.588175374,0.342290539,0.586876317,0.657306944,0.261316903,0.418475585,0.620161491,0.212338314,0.392112917,0.09855316,0.223768659,0.242555966,0.053221904,0.259001008,0.028643296,2.149783324,2.247713703,0.814426301,1.818023148,4.753275308,0.178387579,0.090060046,0.017790247,0.120251014,0.190037793,1.429447246,0.220482559,1.052463244,2.145055875,0,0,0,0,0,65.78947368,0,36.84210526,92.10526316,0.73355853,0.69954533,2.905875879,0.972088585,1.089827802,0.956875389,1.156061551,1.04793803,0.931362926,0,0,1.075268817,0,0,-21.70345218,1.075268817,1.867572156,-11.46010187,1.243928906,1.292906602,1.651779898,0.671519797,1.055033191,1.020894734,0.990794399,1.026117603,1.016625961,0,0.900900901,0,0,0,-9.032716927,0.900900901,1.896633476,-4.717875771,1.995497096,11.94858488,116.9051329,1.201208202,3.795780595,1.25349286,2.453335195,1.767438534,1.140990876,0,39.75903614,69.87951807,0,13.25301205,11.31896005,6.024096386,30.62777425,0.665821179,0.800352772,21.12189529,156.2407772,2.083567142,5.454732372,1.275161867,2.207855231,1.596874652,1.093851975,0,66.66666667,84.84848485,1.515151515,36.36363636,11.48325359,4.545454545,19.2185008,1.834130781,0.289906243,2.06815866,0.238075726,4.073325905,2.157529299,2.491662338,0.589008272,0.68225279,0.916160084,1.203951678,0.630516178,0.588352817,0.29623301,0.459045564,0.148367607,0.42790936,0.420249264,0.096816591,0.279577783,0.09736779,2.124256107,2.073565012,1.010113787,1.945910358,4.912040449,0.155207828,0.095570689,0.036032063,0.14490949,0.216111132,1.118159566,0.191697329,0.927933858,1.898364694,0,0,0,0,0,27.02702703,0,32.43243243,78.37837838,1.021781201,1.096719669,0.783526619,0.788739958,0.997771241,1.135851185,1.274469106,1.16817032,1.023263967,0,0,0,0,0,17.22076058,0,7.390576417,-7.581918201,1.080943972,1.026609248,1.173467438,0.815313962,0.871840516,1.149827972,1.348229297,1.170610926,0.987575446,1.438848921,0,0,0.71942446,0,19.7355629,0.71942446,6.416488431,-7.874781256,2.018121957,6.381042792,34.01072645,1.67624391,2.150909609,1.243328122,2.111118024,1.696189606,1.140655503,1.226993865,18.40490798,40.49079755,1.840490798,10.42944785,26.3472061,3.067484663,29.53075775,0.762725916,0.96664581,11.2134131,50.98076306,2.315032957,3.073579319,1.14160363,1.855550437,1.36109761,1.005829294,0,37.81512605,54.62184874,3.361344538,21.8487395,20.87213264,1.680672269,14.6263911,-6.109470815,0.844938791,2.086120654,0.114509275,4.207617978,0.761948755,3.333742949,0.371424344,0.303567858,0.469003536,0.794647298,0.494296149,0.127846122,0.160103754,0.264800892,0.083327183,0.199882706,0.245589433,0.03409461,0.147439176,0.074095467,2.7818655,1.707136206,0.738176078,1.9027803,4.564569368,0.080532138,0.081215841,0.039215668,0.072350898,0.167310035,1.100789419,0.130793797,0.717157575,1.711255713,0.775193798,0.775193798,0,0,0.775193798,33.33333333,0,18.60465116,75.96899225,1.536897164,0.781375337,0.617521827,0.997575547,0.976138731,0.977595123,1.421978971,1.113287043,1.114068456,-0.367030533,-0.775193798,0,0,-0.775193798,-1.496598639,0,2.211675368,1.990191425,1.350259546,0.754574631,0.321129175,0.70104725,1.032908151,1.004823829,1.29128956,1.157302638,1.13300351,-0.775193798,-0.775193798,0,0,-0.775193798,2.893081761,0.377358491,6.678367705,0.634781337,2.789221704,8.659950251,35.19221613,1.465260928,2.395131929,1.1420011,2.204802997,1.860347614,1.203287984,-0.397835308,24.13046658,44.90566038,0.377358491,5.639900541,14.21383648,2.264150943,29.69723563,1.389498318,1.612485023,18.52175554,58.38541576,1.664790765,4.395595481,1.208533873,2.170781984,1.685007485,1.178059589,-0.775193798,49.97857505,68.84422111,0,20.33033384,15.91289782,1.005025126,26.11896693,3.427992677,0.017520177,1.139668844,2.817078547,4.623646866,1.859601657,4.472594679,0.450215465,0.393321218,0.284043774,2.016076497,1.954551737,0.11870714,1.822660056,0.085417212,0.037225868,0.462728342,0.15782288,0.043446325,0.077735806,0.624250457,2.627763644,0.827855464,3.361205693,0.616008799,5.010848519,0.017306138,1.472900335,0.000314227,0.000353761,0.270623325,0.637791117,0.054854325,0.401320764,0.676047661,0,25,0,0,0,0,0,0,0,0.499303079,0.107671091,36.51023204,291.4789304,0.346181715,0.411854028,0.075194906,0.832113784,2.420188748,0,-25,0,0,0,0,0,0,42.85714286,8.72916018,0.277520866,1.750485478,400.2930681,0.108954432,0.266905912,0.68451781,0.254450897,1.214188915,0,-13.88888889,0,0,0,0,0,0,22.22222222,2.481895958,0.326826741,2283.094101,264.4569033,0.810242116,1.277423418,2.743294843,0.629204195,1.691545511,0,0,25,0,0,25,0,0,25,3.564355359,0.573527407,4312.533782,54.90615219,1.114941217,0.647204322,1.981011313,0.393520241,1.487379954,0,0,37.5,0,0,12.5,0,0,37.5,0.000920583,0.470862087,1.157917327,3.444390693,0.736977663,3.713281843,0.075137908,0.622618442,0.076524672,4.832825643,5.141877499,0.001291435,0.459648969,0.001219772,0.098265784,0.073248464,0.151477551,0.002091657,0.594935989,1.164776014,0.743782302,0.360276458,1.553980104,0.54840899,4.333200148,NA,NA,NA,NA,NA,NA,NA,NA,NA,NA,NA,NA,NA,NA,NA,NA,NA,NA,NA,NA,NA,NA,NA,NA,NA,NA,NA,NA,NA,NA,NA,NA,NA,NA,NA,NA,NA,NA,NA,NA,NA,NA,NA,NA,NA,NA,NA,NA,NA,NA,NA,NA,NA,NA,NA,NA,NA,NA,NA,NA,NA,NA,NA,NA,NA,NA,NA,NA,NA,NA,NA,NA,NA,NA,NA,NA,NA,NA,NA,NA,NA,NA,NA,NA,NA,NA,NA,NA,NA,NA,1.212826189,1.412617848,0.954601717,0.622514944,0.124141833,0.622037645,0.187953104,0.064858565,0.08179542,3.339523727,1.677448073,0.02050374,0.320471628,0.052142573,0.114057084,0.051477231,0.023336838,0.018886879,0.067290693,1.067171181,0.090047042,0.910946637,0.206568679,0.173807567,2.791090225,0.043375219,0.073663299,0.01155424,0.037348889,0.053466639,0.993745032,0.141340854,0.217277598,0.400035503,0.490196078,1.470588235,0,0.490196078,0,33.08823529,1.715686275,2.205882353,7.598039216,0.752782792,1.048960706,1.080215612,0.952133016,1.02836176,1.098518147,1.090005639,1.107072545,1.132137674,-0.323529412,-0.137254902,0,-0.323529412,0,4.078431373,0.284313725,-0.039215686,2.568627451,0.668908011,1.316518511,0.713333827,0.706487384,1.101185367,1.162857697,1.086604669,1.088097489,1.135713681,-0.490196078,0.271572043,0,-0.315980051,0,8.200963312,0.026474004,-0.289506046,2.680706429,1.099798365,7.837799625,133.3306012,2.819911068,18.92957781,1.323678606,1.762451948,2.361022711,1.606002459,-0.490196078,15.91258933,48.59813084,0.070551585,36.63551402,14.762232,1.274967931,12.18664101,10.34588602,0.612190936,2.96357628,35.43985987,1.302385261,5.305868747,1.12401386,1.4184993,1.298247456,1.200750511,-0.490196078,3.94457422,12.27436823,-0.309690663,7.761732852,6.081439796,1.172400368,1.765236781,3.593296524,2.322714069,0.21487774,0.047435731,0.304214917,0.11003963,3.581790692,0.25370936,0.04915632,0.053573642,0.668885748,0.281420855,0.034628523,0.015734049,0.041082432,0.022117988,0.142637638,0.016129673,0.014107308,0.045611028,0.567230259,0.782105754,0.207348264,0.580784686,0.478605397,1.695372644,0.005466215,0.019885967,0.003081802,0.006390786,0.022018972,0.195191137,0.021265644,0.058231641,0.3111453,0,0.184842884,0,0,0,2.772643253,0.184842884,0.554528651,8.87245841,1.767942297,0.423059907,1.582404479,1.849921862,1.349286766,1.083115519,1.000112379,1.384662362,1.368116227,0,-0.184842884,0,0,0,0.075458013,-0.184842884,0.23661059,2.203490957,1.812705355,0.770831968,2.198489392,3.404518353,1.925365472,1.112713719,0.9107897,1.124694028,1.230076741,0,-0.022505221,0,0.324675325,0.162337662,1.448135968,-0.022505221,-0.392190988,1.192476655,2.056762538,3.312188412,39.44471784,2.818308126,3.88651059,1.51602755,1.487306015,2.576511458,1.558824002,0,1.476286685,2.990033223,0.166112957,1.328903654,2.376858408,-0.018729927,2.933843442,5.911594746,1.684104372,8.548563979,88.23603738,2.031724233,5.047044938,1.403089906,1.326539434,2.005718136,1.803184613,0,3.750756401,8.228980322,0.178890877,1.610017889,2.057410414,-0.184842884,1.055489238,7.76439311,20.93635519,0.548866968,0.047935838,3.738175029,0.802948068,2.63947674,0.187773089,0.121192253,0.154974633,0.429543928,0.303016515,0.07615196,0.049480307,0.095591534,0.032791255,0.110923299,0.097714258,0.017581692,0.076180778,0.090655738,2.145744945,0.950127301,0.419974376,1.1793437,3.83834408,0.034083386,0.023298198,0.009290664,0.034878429,0.060156101,0.540377283,0.074921519,0.373840008,0.911783323,0,0.024925224,0.049850449,0.224327019,0.049850449,12.98604187,0.149551346,8.399800598,32.00398804,0.998686434,0.981717757,0.826348241,0.814456281,0.936346464,1.00778554,0.884946825,1.090799806,1.116650736,0.017415535,0.009905845,-0.049850449,-0.102418276,-0.049850449,0.110440188,0.024604001,1.265821136,3.715273545,1.071022879,1.000940088,1.015918148,0.774206503,1.009109048,1.025839385,0.929911241,1.085952491,1.134330245,0,-0.009404504,-0.049850449,-0.146723418,-0.003288288,0.811878349,0.021176576,1.269608062,4.500745784,2.077283335,11.48813199,73.41757842,1.306720843,2.729217311,1.222357306,1.61552611,1.963786587,1.320001586,0.017793594,6.861195772,23.11740934,-0.081978264,1.658334605,5.981929656,0.241907729,15.60375812,11.6259052,1.278010577,32.70639989,154.0973168,1.607714806,5.913626314,1.496756081,1.864806634,1.827367768,1.277194249,0.01879346,25.44021291,46.08809355,-0.149153179,7.73064194,12.32874858,0.43304591,12.55490716,10.75113318,73.32082806,0.123915754,0.013594055,2.104121835,0.175130282,0.497788617,0.046062674,0.024731139,0.030958637,0.201641438,0.079288555,0.016386632,0.009767199,0.016379666,0.008243326,0.068227674,0.020661916,0.004084775,0.013904851,0.069243218,0.764086578,0.327520758,0.093513846,0.328960439,3.152564498,0.004324156,0.004882939,0.002524,0.007858505,0.008070934,0.124794075,0.010997695,0.071439,0.207299478,0,0.009815951,0.004907975,0.083435583,0.004907975,1.560736196,0.009815951,0.849079755,4.304294479,1.150463156,1.122501555,1.120843684,0.921473395,1.146265217,1.201130928,1.112780208,1.503776533,1.519502815,0,0.009996818,0.014904794,-0.028950467,4.52E-05,0.8316557,0.019903203,0.735941792,3.640626023,1.056432723,1.183821646,1.013859415,0.853556091,1.096126699,1.213659204,1.118234738,1.51919211,1.585447634,0,0.016250153,0.000305245,-0.036516596,0.000305245,0.769573469,0.005823711,0.75659223,4.094204114,2.155865775,15.96719708,128.0421132,1.250322148,6.55660516,1.863705552,2.07281839,3.28878956,2.024520156,0.005110907,1.518345145,9.225389479,-0.016993796,0.925277039,3.340623305,0.025960396,4.721808521,7.639894421,1.440419968,67.79850312,321.4076079,1.440659975,10.38290555,2.325934159,2.383195334,2.871298501,1.892827066,0.005249068,9.543488338,25.25885771,-0.004699558,1.260117483,5.294546991,0.0479238,4.006308414,6.26207999,100,0.272785891,0.04418627,2.387713876,0.339304506,1.059897978,0.090363366,0.053370059,0.06798561,0.333769844,0.170377652,0.036214127,0.028432683,0.039536812,0.017539334,0.082423036,0.040851738,0.008527556,0.032894382,0.105024712,1.064863099,0.492311817,0.188242044,0.530108307,3.279358977,0.010657629,0.010113392,0.004089822,0.013424038,0.018978301,0.216870086,0.024879164,0.127597295,0.338558923,0.011650485,0.046601942,0.015533981,0.112621359,0.015533981,4.27184466,0.062135922,2.236893204,9.467961165,1.306151241,1.181138355,1.110006933,1.030301383,1.263123668,1.260321452,1.222663917,1.453019853,1.461243901,-0.000908578,0.003526961,0.002369199,-0.041008641,-0.008372709,1.757946231,0.045283155,1.444000523,5.545645251,1.45530661,1.360148136,1.179452143,1.006059976,1.384426964,1.346320862,1.313434824,1.533292787,1.565917075,-0.004425574,0.025647173,-0.011921525,-0.047597156,0.002528298,2.465385309,0.039012839,1.772932676,6.932587928,2.659391986,13.93951255,107.352072,1.678503799,5.492425544,1.709017769,2.210600655,2.874634674,1.842140569,0.010529841,3.402438759,13.49228458,-0.001719729,1.940031433,5.498588965,0.170757501,8.250704297,10.60893063,1.553056831,42.78471833,229.8473955,1.827991281,8.249708873,2.003410779,2.361059839,2.506699664,1.721498672,-0.003983832,13.23970925,29.52408345,-0.009121532,3.131627441,7.864468446,0.202363637,6.480092268,8.932008168UPN19,2.053830696,0.780443246,0.002333343,0.298435433,2.363189327,0.481481567,0.015242284,0.010530881,0.015735038,0.104224344,0.049178969,0.301841603,0.02703514,0.012504396,0.004536954,0.133256318,0.004367438,0.003392404,0.750463875,0.008760891,0.977173505,0.825092375,0.958813164,0.524745467,3.66104062,0.077397066,0.006076801,0.00200485,0.006616016,0.031412508,0.552616932,0.023610675,0.576244907,0.373677729,0.389105058,0,0,0.064850843,0.064850843,15.43450065,0.064850843,15.69390402,8.300907912,0.872393923,1.296168506,1.306879696,0.572814518,0.674806099,0.967768753,0.916632572,1.085779258,0.904461647,-0.076279198,0.052137643,0,-0.064850843,-0.064850843,-0.106033495,-0.0127132,2.241445301,-1.158050769,0.920816795,2.274008941,1.395296388,0.81753459,0.961438345,1.041914687,1.041712738,1.018459676,1.086640647,-0.039105058,0,0,-0.014850843,-0.014850843,1.165499351,-0.064850843,1.056095979,1.799092088,2.261784312,42.62525971,304.9858506,2.294022266,3.786211742,2.341142326,6.648574078,1.632715294,1.084328112,1.848031407,6.096196868,19.07158837,-0.064850843,1.165574213,26.90330696,0.550361685,16.18529061,1.095065243,0.523413757,126.1871692,497.8272902,2.731519896,5.303653851,2.685537965,5.058128605,1.060707734,0.887395799,-0.267079433,23.85600976,32.39780354,-0.064850843,2.070597601,33.3757495,0.484264471,1.816773221,-1.101396014,9.770070426,0.855859153,0.003758653,0.485268166,1.907284404,2.582372465,0.022998064,0.036816072,0.043944293,0.10535003,0.080520521,0.391580043,0.042013102,0.020884221,0.006637382,0.14623677,0.008895381,0.00630883,0.860685013,0.012354277,1.70279454,1.039669485,1.641295183,0.913219565,3.834111131,0.095629988,0.011172767,0.004585068,0.008282056,0.054138409,0.556627111,0.029512767,0.567799849,0.654534137,0.415110004,0.069185001,0.013837,0.013837,0.069185001,14.57036115,0,14.15525114,17.71136018,1.037336502,0.980783889,0.97071959,0.971211663,0.977881317,0.984365984,1.039761215,1.109733194,1.004534505,0.122838774,-0.022406846,-0.002142461,-0.002142461,-0.010712307,0.164757554,0.058472693,2.801829902,0.42686927,0.989704037,2.39448207,0.882090728,1.006244035,0.920752797,0.968278476,1.023053738,1.031645372,1.049291451,-0.180643416,-0.034015012,-0.013837,0.021332988,-0.045738342,-0.045155987,0.023446659,0.639590594,1.245263504,1.935357241,23.63410262,125.9956441,2.732365694,2.43222397,2.075190082,6.028471575,1.622788566,1.045779906,1.386691798,5.378450134,17.11735669,0.084699036,0.902098783,23.9853821,0.900900901,15.70116778,1.517243426,0.542827122,65.77664336,219.1148108,3.640636854,4.416270475,2.510444699,5.68959001,1.200050478,0.983542688,-0.327294417,21.73103454,32.28034522,0.063001639,2.949475812,32.36707025,0.54884742,5.186131954,-0.773928783,0.048537242,1.20054024,0.013551734,0.646763864,2.326473091,2.629405814,0.894075783,0.072046125,0.103210423,0.782417344,0.342295556,0.561021657,0.145227606,0.065000071,0.026780263,0.327363199,0.028497506,0.026837893,1.292625103,0.13778126,1.82297817,1.209561901,1.905057948,1.39225338,4.095300427,0.263766178,0.037927032,0.007306705,0.094931935,0.164258603,1.243074046,0.121144799,0.847703018,1.125002832,5.263157895,0,0,2.631578947,0,31.57894737,0,23.68421053,47.36842105,0.950113386,0.673355343,5.871631874,0.377569539,0.838765393,0.653260815,0.679695731,0.921109844,0.898500224,-1.417004049,0,1.923076923,-2.631578947,1.923076923,-8.502024291,0,3.238866397,-10.82995951,1.017827706,2.03508983,1.315247261,0.381732372,0.613681503,0.607298221,0.69868167,0.74775551,0.901423345,-3.040935673,0,0,-2.631578947,0,-11.57894737,0,-8.128654971,-11.8128655,1.305371013,10.61682544,96.63732898,0.925528092,1.640470986,0.882715483,2.60966744,0.893194208,0.804518121,0.859291085,8.163265306,18.36734694,-2.631578947,4.081632653,3.114930183,2.040816327,-1.235230934,-18.79699248,0.733065229,21.4489871,213.788793,1.124677554,3.234656646,1.315161788,3.318068104,0.964587326,1.031515881,-2.232854864,30.3030303,54.54545455,-2.631578947,12.12121212,22.96650718,0,-5.502392344,-7.974481659,0.009693296,0.585099559,0.015589029,0.554796657,1.462584689,3.120825985,0.070341811,0.295988246,2.077333984,0.423518342,0.115734456,0.383791567,0.048309291,0.09282768,0.010512526,0.28671089,0.010803085,0.006895658,0.417399784,0.148721148,1.887927409,0.86271115,2.416475213,1.025908306,3.277800653,0.098294906,0.076693868,0.000147401,0.034923481,0.124193926,0.465149976,0.014042219,0.790275184,1.335194312,0,0,0,0,0,5.555555556,0,22.22222222,44.44444444,2.205676635,0.066530314,0.997650674,0.522648795,0.352121265,1.244046837,3.893662603,0.806547265,0.954662131,9.523809524,0,0,0,0,3.968253968,0,-7.936507937,7.936507937,3.994546645,0.89123832,34.75515149,0.421183599,0.786052275,0.86375802,0.75291071,0.685397541,1.209603247,15.78947368,0,0,0,0,10.23391813,0,-11.69590643,18.71345029,3.756862069,3.095207307,2508.613671,0.881447737,1.445949437,1.254275322,7.804033932,1.256001966,1.053983564,13.63636364,4.545454545,13.63636364,0,0,12.62626263,0,0.505050505,14.64646465,1.386633781,3.607189136,3678.932449,5.077675663,1.592482144,2.48077079,5.83958963,0.754313086,0.916960405,4.347826087,8.695652174,13.04347826,0,0,29.22705314,0,-4.830917874,-0.966183575,7.649420569,1.165967123,0.008069409,0.76251339,1.654220187,2.486557835,0.058790842,0.122917955,0.122523739,0.191399532,0.122823178,1.595960905,0.090813362,0.060497064,0.012642663,0.333963714,0.019947813,0.020284585,0.860419391,0.011649362,2.528847925,1.784114449,2.060414661,1.25955357,3.702689493,0.262673107,0.023791793,0.010944508,0.014385296,0.115830185,0.780503336,0.052475592,1.173259978,1.337238487,2.127220157,0.041305246,0.041305246,0,0.082610492,21.29285419,0.020652623,40.45848823,50.90871541,0.997194073,0.97403479,0.757557235,1.075077106,0.944793422,0.975897851,0.912927824,1.052066981,0.998705093,0.148673944,-0.025822973,-0.025822973,0.015482273,-0.036163673,-0.593055462,-0.00517035,2.226137875,-0.173307449,0.95350882,3.834085044,0.64707972,1.056182441,0.941339313,1.003206162,0.959530989,1.018227787,1.002211818,0.005609217,0.498651558,-0.041305246,0.04049676,-0.055612651,0.777880149,0.046841978,0.537732074,0.063206839,1.7406749,19.23131859,78.95433014,3.387338952,1.724010163,2.127590042,6.833343434,1.432396243,0.979724913,6.0401725,10.3507296,27.58781734,0.077784692,0.897476627,37.24790499,2.966279549,22.62489696,-0.986500099,0.616520735,53.70794534,148.4168959,5.06520409,3.202326319,2.634354156,6.488609954,1.349705859,0.971066338,-1.38579291,42.60929716,57.19687826,0.037071362,4.365952993,49.75441179,1.999736626,16.24216052,-1.511125045,2.084899106,2.18559721,0.01488862,0.74152389,2.242940193,3.108170687,0.095799018,0.566681728,0.551256431,0.286480129,0.161296242,1.649085463,0.177294851,0.098858334,0.023418886,0.526221138,0.028432072,0.031636141,1.193436978,0.031552516,2.873000171,2.130527273,2.522492084,1.683079952,4.040674794,0.400118128,0.04410061,0.027888404,0.024421007,0.188314789,0.756265057,0.061888796,1.339745613,1.639752549,5.010224949,0,0.051124744,0.102249489,0.408997955,18.50715746,0.051124744,48.05725971,68.50715746,1.027251377,1.085278006,0.856036629,0.965756212,1.02371623,0.973361808,0.903276156,1.090674538,0.996552279,0.512818211,0.109729334,0.022028145,-0.065673044,-0.006657063,0.110252923,-0.051124744,5.563808318,-0.255511524,1.041673937,3.484202475,0.868371922,0.971581458,1.027430168,1.011984804,0.947307617,1.082788989,1.018758717,0.606301843,1.452550032,0.013433035,-0.03769171,-0.183045728,1.989937436,-0.018845855,5.493418143,0.731060741,1.536123008,14.49328233,39.00073606,3.415472445,1.331590973,2.316600917,6.750250192,1.442993746,0.949100967,7.976156374,16.34241245,36.71930327,-0.053611356,1.196060411,45.20879584,4.131754633,24.8513006,-4.01299404,0.64153959,33.46751092,65.11094941,4.244723543,2.316753464,2.727270347,6.634893789,1.260695989,0.937491583,-3.316413874,51.53094463,65.87721402,-0.102249489,3.630089993,54.13127902,3.075911086,13.70169794,-5.445268213,21.60507612,2.288994429,0.011187612,2.817848125,2.099469194,3.86792321,0.072401342,0.305677361,0.374479025,0.185632967,0.109563715,1.512730265,0.128089044,0.075645928,0.017668323,0.385781983,0.05173502,0.021881896,1.27718466,0.018482113,3.039183933,2.181476042,2.561281824,1.55101385,3.839415167,0.293524027,0.039313942,0.029108716,0.020252016,0.176177429,0.662829158,0.041016939,1.311427249,1.509030429,2.236883443,0.037700283,0.050267044,0.018850141,0.27646874,16.98397738,0.025133522,47.33898838,61.0304744,1.068465916,1.066952688,0.951072342,0.96699172,1.019783305,0.954557568,0.970814999,1.074868644,1.023606117,0.26890103,0.01645223,-0.020729309,0.010687593,-0.040166865,-1.663739109,0.004404213,4.199435294,1.249838705,1.0627995,3.231583813,0.866394405,0.978127271,0.992209299,0.967377269,0.936512491,1.044136022,1.016052444,0.402874721,1.090583449,-0.020463322,0.002438231,-0.012492924,-1.175232116,0.000412525,2.535410228,1.101768973,1.729555167,17.59224233,36.51643037,3.82863479,1.347193008,2.313410823,7.996999231,1.522273258,0.991274412,6.867701946,19.05605348,36.06117838,0.059378286,0.848817094,38.07078252,2.297649003,26.79749014,-1.239885877,0.662965896,34.3659294,59.19014542,4.051609585,2.26273199,2.726931647,7.677743801,1.336194988,0.966858413,-1.288516742,46.09507106,61.66381796,0.037349367,3.945519317,47.70165662,1.604652218,17.47309452,-2.639185319,2.787074356,2.548547844,0.045928885,3.274703464,2.524594502,3.5055096,0.129347876,0.381433387,0.583683623,1.16882419,0.267687075,1.59858466,0.285183078,0.141916555,0.042299494,0.566596902,0.107132791,0.036993982,1.761065759,0.055442998,2.804145279,2.459847221,2.684239821,1.82742963,4.420146054,0.49675051,0.078266892,0.065470375,0.041902283,0.294730673,0.942044536,0.083153879,1.502335932,1.714409818,7.606589147,0.242248062,0.145348837,0.096899225,0.532945736,27.22868217,0.048449612,56.83139535,71.65697674,1.077216522,0.999307516,0.925275428,1.029506237,0.956183278,0.946973932,0.993355618,1.064137408,1.016619269,0.443632418,-0.057609953,0.150072138,0.087738884,0.279461945,-2.339465036,0.099260875,2.843641579,1.718207894,1.093667638,2.434500375,0.863014497,0.997094788,0.974045706,0.959351324,1.070305849,1.063754359,1.004159562,0.861654937,2.123878962,0.041450665,0.027633776,0.525584774,-2.010749418,0.076083389,2.477446494,-0.797699036,1.549069378,10.99397992,19.22843853,3.874124819,1.192632119,1.649546644,5.195377037,1.366198339,1.013990845,11.77092089,25.91237041,44.38276361,0.405108807,1.675889605,28.99621743,4.017815448,20.22683758,1.636195947,0.700304835,16.47963651,25.9744619,2.861586824,1.632105801,1.788088592,4.691367829,1.138410433,0.961623703,-4.422797541,45.70565353,60.99792179,-0.096899225,5.906996376,32.03325705,3.352418694,7.206231279,-2.988380507,6.192934113,2.340610403,0.006773337,3.5380671,0.825837682,4.416164066,0.01935516,0.095631244,0.133496219,0.167319861,0.055841379,0.284159519,0.034985636,0.016128492,0.00632026,0.114016581,0.025223317,0.003739472,1.007958044,0.0219308,2.655155728,1.632674759,1.968921205,0.769829622,3.572072022,0.063554434,0.008773336,0.009136361,0.007487495,0.054243991,0.329582593,0.017060726,0.611671673,0.808245066,0.105596621,0.021119324,0,0,0,7.22280887,0.084477297,15.77613516,24.22386484,1.006266464,1.296111651,0.800996828,1.207794394,0.997105338,0.928719689,0.879505432,1.070849608,1.050739045,0.027255913,-0.002140391,0.018978933,0.037957867,0.075915734,-0.732013653,-0.027540497,2.424661952,2.384599768,0.936534266,3.101563901,0.779013802,1.305194679,0.876588604,0.913145025,0.742172644,1.059131028,1.085203178,-0.038583721,0.096153251,0.016753225,0.0670129,0.050259675,-0.823076922,-0.084477297,2.015789782,3.586488657,1.821508064,43.17767205,72.6016356,3.154208987,1.879946118,2.670176113,5.870244533,1.960766739,1.05507411,0.428477295,9.293129768,20.50843837,0.06408887,0.598162786,20.07904971,0.19324114,26.09525984,2.223475476,0.661941416,100.3888722,136.3871424,3.178899011,3.407883719,3.297354198,5.197896874,1.630225528,1.043973863,-0.067230997,26.98828025,42.12545559,0.019182812,1.879915596,30.1453093,0.011436764,17.92806587,1.768845695,0.010236406,2.17817953,3.12397239,4.03762188,1.830690525,4.676581423,0.039954628,0.362751715,0.357575971,1.762460866,1.213449172,0.418702982,1.099251343,0.034740706,0.07172351,0.201573411,0.079362887,0.038891912,0.83432863,0.510118877,3.001214154,1.637595647,3.079464657,0.735409807,4.781695904,0.00576241,0.000697401,3.88E-05,0.00081543,0.000105424,0.487755993,0.000161321,0.370842787,1.105876046,0,0,0,0,0,0,0,20,40,30.34983273,155.5313068,279.5598212,14.58267215,413.5446716,1.74179598,796.0049684,1.687821802,1.334662844,0,0,0,0,0,37.5,0,-7.5,22.5,40.60417975,83.34741626,155.0266446,53.37392342,1981.015739,1.394810749,404.6934469,1.993575035,1.000815398,11.11111111,0,0,0,0,22.22222222,0,-8.888888889,4.444444444,19.28403622,423.3202527,13289.76365,12.83173806,1008.613698,2.119310143,532.7185271,2.778650663,0.875546316,0,9.090909091,9.090909091,0,0,27.27272727,0,16.36363636,-3.636363636,14.4190832,2033.290553,45664.8815,54.84155763,5049.220578,3.440384676,735.8100728,1.80704107,0.801705324,0,50,50,0,14.28571429,57.14285714,0,1.428571429,-4.285714286,0.000149609,1.609909753,0.848301832,1.806786115,0.684916319,3.854422092,0.001982073,0.001248461,0.099425787,5.511025282,3.592853358,1.203959986,0.002704842,0.001175705,0.646883854,0.495237021,0.088087957,0.000948901,1.115673379,0.001567419,1.937108559,1.81022144,2.139120978,1.235291571,4.820272489,1.293259239,0.355625183,0.000604696,0.003088131,0.003973515,0.88149928,0.359459309,1.909398132,0.307501679,0,0,0,0,0,0,0,100,0,NA,NA,NA,NA,NA,NA,NA,NA,NA,NA,NA,NA,NA,NA,NA,NA,NA,NA,NA,NA,NA,NA,NA,NA,NA,NA,NA,NA,NA,NA,NA,NA,NA,NA,NA,NA,0.00113286,0.002890697,3038.387462,0.385094625,0.114149964,1.680188126,0.004652625,0.480912474,6.273486259,0,0,100,0,0,100,0,-100,100,NA,NA,NA,NA,NA,NA,NA,NA,NA,NA,NA,NA,NA,NA,NA,NA,NA,NA,0.499131827,2.249330172,0.868402636,0.761782874,0.569913701,0.90738773,0.055563604,0.033726141,0.091366346,2.050102829,0.730975145,0.134642677,0.232021331,0.018437363,0.062739644,0.083211614,0.008760299,0.007697194,0.767637029,1.140623435,0.97186557,1.056618839,0.858733484,0.419738067,3.726380339,0.057000232,0.019761239,0.01103989,0.012951109,0.050373464,0.794520329,0.058262783,0.479268416,0.428124824,0.337268128,0.252951096,0.084317032,0.084317032,0.168634064,23.693086,0.337268128,13.153457,10.03372681,0.80467571,0.638392696,0.720710583,1.423890949,0.83028322,0.927795248,0.900905735,0.901411369,0.950093073,-0.180773605,-0.252951096,-0.084317032,0.150424752,-0.090386803,-1.549111042,-0.024279083,-2.355334933,0.294911685,0.757274754,1.162342654,0.906242337,0.870162551,0.937121886,0.960644681,0.77600844,0.985523024,1.022637631,-0.262305609,-0.103026059,-0.084317032,-0.009354513,-0.018709027,-0.154855119,0.037544466,-1.609229112,0.685913367,1.457586211,11.74652839,72.10566626,1.609935454,7.862090912,1.448022388,1.794037023,1.499334508,1.063857413,0.4542886,5.903601235,26.38885799,-0.084317032,10.56135714,15.88475041,-0.073415885,7.339067188,1.751673363,0.435993487,24.40839021,63.13551547,1.974026599,3.520772202,1.425888999,1.48622797,0.929662595,0.923397263,-0.337268128,13.96723239,23.4019215,0.007426087,3.592833826,13.0041617,0.029704349,-1.869053329,-0.125469932,14.47743332,1.137307485,0.006050857,0.474905142,0.503192334,3.344268618,0.023288381,0.039956701,0.046580936,0.083137494,0.047074704,0.262185886,0.021015339,0.010906585,0.003536279,0.100608967,0.00483305,0.003370947,0.689421583,0.155380652,1.843504305,0.942286916,1.83804504,0.679359333,3.633533091,0.040364076,0.008775661,0.004602247,0.007692874,0.034916791,0.351322525,0.013938592,0.441631722,0.51788868,0.055147059,0.055147059,0,0.119485294,0.018382353,8.520220588,0.018382353,10.40441176,12.60110294,1.002778281,0.669856198,0.918351389,0.705688466,0.976700439,0.96229988,0.958267783,1.126006083,1.001430165,0.01660611,-0.023256761,0,-0.087594997,-0.018382353,-0.459947926,0.013507944,1.984968766,0.059345118,1.139634943,2.728953466,0.945281613,0.755492388,1.066345006,1.050692495,0.982079882,1.148882318,1.157712831,0.045254548,0.020154146,0.016733601,-0.05255089,0.015084849,0.390421982,-0.001648752,2.380059454,3.228883672,2.258288944,21.61429538,90.99166845,1.707410362,2.174200564,2.82743549,6.61490505,1.900596878,1.071285059,0.363227258,3.710221794,11.2363388,-0.051179283,0.528065734,23.83975209,0.203612183,17.52420845,1.956615638,0.608777403,85.92933591,210.7956813,1.975699649,4.086392739,3.644797659,5.924278558,1.433756301,0.990231867,-0.048039738,22.92992757,31.0376688,-0.041304768,1.580764769,34.57146385,0.145086019,8.565026757,-0.063789508,13.17453226,0.8868068,0.004159112,2.695675966,1.079619173,3.468952358,0.021474608,0.060064329,0.062188331,0.138812455,0.060256956,0.342434037,0.028632646,0.015883443,0.005609846,0.112557573,0.017264693,0.004505862,0.679446336,0.013652974,2.308639072,1.193653118,1.574341396,0.778570993,3.352722986,0.061922608,0.008175531,0.004081728,0.008797648,0.038728303,0.428219733,0.01975239,0.544692684,0.662904292,0.156380317,0.020850709,0.010425354,0.062552127,0.031276063,11.06130108,0.020850709,14.1263553,18.46330275,1.069387449,0.988079913,1.217663046,0.842733025,0.954968145,0.956775316,0.914592185,1.079491063,1.011015924,0.034732918,-0.011295047,-0.010425354,-0.014773818,-0.01216474,-0.253847668,-0.001739385,1.573596926,0.428240487,1.095015335,3.113104014,1.019074332,0.959834852,1.008560545,1.000118297,1.113492954,1.048316163,1.101409528,-0.032946971,0.055108273,-0.000930482,-0.024572636,-0.012286318,-0.018764054,0.007633909,0.657161605,2.995109705,2.272094487,32.16258485,135.5472142,2.044208556,2.581575379,2.214467528,6.512819655,1.770836332,1.09405797,0.975801964,5.630625845,16.44395713,-0.03424757,0.534815077,19.08305216,0.450891908,18.37671103,2.425460339,0.683234788,91.20670774,253.015413,2.637918073,4.754772028,2.877430682,5.944181666,1.545867151,1.046146626,-0.089050325,22.54217764,33.96877716,-0.010184355,2.168170334,30.75062381,0.226025928,12.67846254,0.957659318,19.63544034,0.420029669,0.003045666,0.67702319,0.405381026,0.914644029,0.010285211,0.037617889,0.030340457,0.094754568,0.035812589,0.208508596,0.016606662,0.009576425,0.003385535,0.092015315,0.00554862,0.002354299,0.537323397,0.039411994,1.785998333,0.667871576,1.101685702,0.486437324,3.162627768,0.03202082,0.00395954,0.002550823,0.005116711,0.016133155,0.359422226,0.011702518,0.358437384,0.38462858,0.056557887,0.016967366,0.005655789,0.039590521,0.005655789,9.168033482,0.011311577,8.116056784,8.732537752,1.069345466,1.301205599,1.11770136,0.740961689,1.088992467,1.018962019,1.065390929,1.135681518,1.084762243,0.027865921,0.007153722,-0.005655789,-0.003408889,-0.005655789,-0.207049342,0.01280951,1.59268108,1.181229359,1.226347435,4.179440257,1.352767665,1.057086183,1.127149216,1.15520207,1.150290944,1.181782888,1.258188368,0.06387283,0.018453433,-0.005655789,0.009998598,0.008512531,1.507795364,0.002856742,2.361415588,3.68599441,2.949020818,39.50423797,162.8379331,1.944053408,3.495498569,2.786610935,7.881171788,2.089240489,1.213352038,0.666881551,2.850953262,10.85627063,-0.018920823,0.35606393,23.81563746,0.236724801,15.24586963,2.599624298,0.719617828,180.7704253,372.742313,2.579711091,7.32787056,3.603173135,6.926564001,1.772935819,1.092528472,-0.014256703,21.65710201,30.4723476,0.007998312,1.289817985,34.38103589,0.152605512,11.27374863,1.239966478,100,1.346642775,0.020501091,1.600350679,1.299568349,2.85224394,0.039524487,0.134527798,0.159533777,0.19621516,0.089445416,0.724686283,0.068477811,0.036837895,0.010672288,0.211603059,0.023224861,0.010746109,0.887956724,0.058138088,2.264487767,1.385264218,1.84438366,0.972725349,3.614731572,0.135715047,0.017904545,0.012012129,0.011712867,0.079075805,0.508139062,0.027707573,0.735662936,0.846332443,1.019541206,0.042480884,0.023171391,0.047630082,0.10427126,13.12273113,0.028320589,22.7993615,28.81619938,1.143442647,1.115250923,1.022229224,0.995987354,1.080056561,0.998965415,1.020842935,1.142481748,1.076312239,0.254867144,-0.003112576,-0.000675215,-0.009386583,0.004835192,-0.236921722,0.00992291,4.223044692,2.956274303,1.23898014,3.647744671,1.036918219,1.096465677,1.156703248,1.062811872,1.092121754,1.176973094,1.171207868,0.401210713,0.459089249,-0.002454364,-0.001834548,0.027663493,0.843816318,0.004390507,5.225324474,6.456175012,1.8388197,19.98906423,55.82660489,3.025539512,1.752386874,2.354237121,6.849101772,1.648413299,1.037232246,2.821226708,8.69589448,20.82158211,0.017001102,0.810140297,27.52310195,1.1218751,19.75069775,1.084101038,0.570849863,50.26388136,98.71427565,3.101238271,2.845288895,2.824705969,5.8961281,1.320625039,0.936291067,-0.696360551,28.56016966,39.91870259,0.005845854,2.466061221,36.07861739,0.658728934,9.726795208,-2.901295866UPN20,1.126084021,1.503969675,0.004922576,0.433733922,2.143773704,0.381617596,0.04257416,0.013040699,0.049589848,0.27421854,0.164468566,0.277649527,0.042413824,0.057357633,0.017576716,0.701167202,0.01282243,0.007403444,0.922919944,0.023931681,0.482307736,1.969731917,2.117774242,0.732439315,5.028675069,0.089754177,0.010477714,0.0094933,0.031901425,0.069595092,0.861291537,0.092517191,0.749338241,0.934278835,0.631911532,0,0,0,0,27.33017378,0,21.64296998,33.33333333,1.245833084,2.618080312,0.772056196,0.843853107,0.938261342,0.998656167,0.9345822,0.98152584,1.007554478,0.24624434,0.219538968,0,0,0,0.551275182,0,-0.347690072,-2.378338822,0.841140634,1.135319454,1.022886886,0.817024924,0.889806589,1.072433795,1.014523499,0.969648592,1.010100536,-0.526759061,0,0,0.105152471,0,4.951634847,0.315457413,-0.612475768,1.366982124,2.689963686,31.99398314,41.85808737,2.636548986,1.324499129,1.391643519,1.843576394,1.833819871,1.178645457,3.250564858,9.863588667,12.80167891,0.419727177,0.104931794,15.16720293,0.419727177,24.9467467,5.386498776,0.979685776,138.1598488,157.5901757,3.544702131,3.612567153,1.870514299,2.179459735,1.205149997,0.983901067,-0.526091427,42.96296296,47.3015873,0.423280423,1.693121693,25.47405903,0.740740741,9.044860704,-1.164021164,1.472177834,1.425428137,0.008374525,0.683834479,1.812395341,1.823448395,0.040666763,0.027606953,0.079006325,0.363931178,0.193844382,0.317729473,0.063061292,0.081463827,0.026804989,0.633894641,0.020753266,0.012277044,1.093849119,0.020073469,0.913473809,2.036945793,2.3189894,1.099114917,4.534449487,0.123923679,0.027722486,0.028483807,0.031381347,0.122610569,0.989637808,0.097440861,0.863666907,1.30184289,0.511508951,0.127877238,0,0,0,33.50383632,0,24.04092072,47.82608696,1.018629649,1.216220935,1.040177877,1.213518009,0.945112724,0.935381375,0.868735059,1.005596615,1.011889465,-0.103012219,-0.127877238,0,0.081699346,0.163398693,-3.601875533,0.081699346,1.612674055,3.317703893,1.131255957,1.358608151,0.95762798,1.079184714,0.9678384,1.046054652,1.061544163,0.969767789,1.018596136,0.390130393,0.118024401,0.081967213,0,0,0.512557125,0.081967213,-0.926166618,1.764076978,2.677660778,15.32696769,20.46018842,3.261559777,1.449354403,1.306190737,2.122473374,1.681148735,1.168711085,6.040497601,11.74763464,19.32841933,0.573300573,0.737100737,13.9163111,0.491400491,25.672429,8.9306698,1.09902267,55.78041906,57.61088333,4.734427804,2.957685625,1.576168948,2.540307614,1.446040455,1.026927372,0.573632952,47.36794914,52.67111853,0.584307179,2.754590985,19.33422712,1.168614357,17.77877878,1.673078319,0.026608951,1.580883391,0.023811278,0.662291191,2.087122266,2.101022791,0.568146647,0.081033887,0.112688445,1.74675065,0.447225594,0.477713499,0.127525792,0.181583385,0.107046683,0.973365313,0.037649044,0.027014396,1.542628673,0.109915046,1.016994068,2.318843009,2.375662343,1.1781031,4.420027042,0.118147345,0.037511218,0.013237419,0.048678364,0.13853002,1.087732376,0.078256048,1.161690009,1.473304312,0,0,0,0,0,30.43478261,0,52.17391304,47.82608696,2.042463744,1.738320094,3.955567,2.265270866,1.038769251,0.848082472,1.243486084,0.793449968,1.084104113,2.857142857,0,0,2.857142857,0,3.850931677,0,-20.74534161,6.459627329,1.554543417,1.845110735,1.694068812,0.458696306,1.380889243,0.944238911,1.485268977,0.773322469,1.053878125,0,0,0,0,0,13.56521739,0,-20.17391304,8.173913043,3.894038838,14.1568066,42.70884803,2.054502613,2.366381039,1.443156389,3.951255295,1.440057197,1.380307743,8.333333333,16.66666667,12.5,0,0,27.89855072,0,18.65942029,31.34057971,2.02803667,28.61449667,98.50558524,5.085356914,2.822759261,1.144750626,2.785197121,1.201724612,1.167784692,3.333333333,40,43.33333333,0,0,12.89855072,0,4.492753623,5.507246377,0.002035478,0.472681873,0.00823683,0.605733444,1.246873851,2.591516151,0.040930104,0.182348285,2.755081198,0.462782533,0.085959326,0.094870532,0.025982351,0.148839845,0.016847214,0.663993037,0.001469514,0.007270361,0.388855192,0.058290136,0.736054234,0.885725798,2.921537731,0.884894476,4.28192494,0.523966005,1.77E-05,0.000443591,0.001038138,0.361222003,2.118857121,0.144599558,0.180898828,1.65675568,0,0,0,0,0,66.66666667,0,0,33.33333333,NA,NA,NA,NA,NA,NA,NA,NA,NA,NA,NA,NA,NA,NA,NA,NA,NA,NA,0.001511555,71.66382819,0.933889176,0.967197229,0.002788004,0.039178501,0.006196387,1.119709692,0.413627339,0,0,0,0,0,-66.66666667,0,0,0,0.241103411,504.5763917,1.984518227,156.0472444,0.001361289,0.379467235,1.918545558,0.008828261,0.353972631,0,0,0,0,0,-41.66666667,0,0,-8.333333333,2.444297797,75808.8017,4591.20368,64.71383581,3.16619375,0.913899865,2.57616135,7.311856018,1.257537463,50,50,75,0,25,-41.66666667,0,50,41.66666667,0.890887589,1.738205889,0.019078408,0.928979604,1.613203537,1.294173046,0.115504565,0.048062943,0.130525819,0.566008906,0.320747994,1.465404058,0.110628993,0.202149809,0.055485573,1.599278953,0.042188772,0.052120025,1.067109713,0.029435377,0.952351178,2.883804866,2.44920273,1.240580389,5.093604595,0.145702158,0.033483817,0.024294242,0.098494312,0.151222234,0.878611463,0.138837188,1.280906551,1.208459158,0.961538462,0,0,0.240384615,0.240384615,23.79807692,0.240384615,48.31730769,37.25961538,1.22213658,1.435051342,1.277686602,0.856537218,1.163563261,1.081346567,1.144953794,1.068357668,1.191144497,0.167493797,0.161290323,0.161290323,0.243486352,0.243486352,4.427729529,-0.079094293,2.811724566,7.901674938,1.099296421,1.004383898,0.815428756,1.000105125,1.061873022,1.077452571,1.067613795,1.100217182,1.046914546,1.051884357,0,0,0.095185854,0.095185854,3.886486835,-0.07259938,3.863900361,1.834344347,3.227238298,17.52835044,28.87633158,2.301235791,1.417157194,1.547420509,2.080132823,1.681977132,1.363633409,10.57248691,19.37716263,24.56747405,1.259038683,0.451656907,24.06812838,0.797677668,26.30783648,17.29632464,1.100239632,35.24780534,61.45748269,2.493596411,2.396330068,1.468045774,1.896656548,1.412230579,1.102825826,-0.010451505,37.5,47.41847826,0.303093645,1.933528428,17.23453177,0.438963211,16.22073579,3.772993311,0.260334488,2.246187808,0.027656979,0.792394616,2.221177102,1.74074342,0.158281694,0.260881211,0.52477592,0.693055775,0.41214612,1.205635073,0.217790917,0.226282511,0.071047352,1.422572161,0.050764772,0.044498967,1.610208675,0.025567189,0.807833144,3.027404369,2.74572258,1.489398491,5.726205076,0.271867925,0.047011105,0.038687936,0.123634738,0.237856944,1.459278832,0.301185805,1.324949732,1.63201376,4.790419162,0,0.598802395,0,1.19760479,52.69461078,0.598802395,49.7005988,52.69461078,1.16433146,1.129520687,0.59889593,0.750173765,1.013048481,0.994712025,1.068452427,1.012317275,1.064984368,-1.099143994,0,-0.598802395,0,-0.862034321,-3.030181248,0.743479484,0.299401198,2.003375799,1.221433197,1.044515091,0.973664203,0.865742525,1.01940547,0.995721028,0.911132419,1.015552797,1.004227694,1.195496331,0,-0.598802395,0,-1.19760479,-3.046723454,0.457535633,-3.221725563,1.530741334,2.423842342,13.00126085,17.00151224,2.604480824,1.098009455,1.149515274,1.472300454,1.477142075,1.148007154,17.22549596,17.77188329,19.5603488,1.591511936,-0.401848822,10.4353627,4.706237393,19.53017043,9.374354739,0.802474991,26.56624665,40.81959184,3.281355832,2.075190936,1.034573314,1.45032573,1.220186086,0.836233167,-3.368618214,38.86255924,47.74242983,4.265402844,5.911399949,-1.035843006,2.244799501,9.067173709,-10.51451599,4.308202815,2.202115386,0.013651742,2.711408339,1.713880314,2.075710837,0.071033637,0.225912555,0.383539806,0.255497713,0.236445103,0.856807006,0.17285555,0.138898783,0.041121688,0.976610939,0.064963505,0.02238097,1.083456377,0.010018528,2.109046875,2.645209015,2.703639221,1.576176816,4.859731151,0.194238992,0.033878614,0.022952515,0.066163222,0.183719704,1.260173512,0.136059078,1.285652503,1.711389822,1.211072664,0,0,0.129757785,0.173010381,46.71280277,0.129757785,44.42041522,61.85121107,1.003853669,1.424909473,1.282913087,1.003452578,0.935300419,0.928006622,0.927089284,0.989836433,0.972409551,-0.250718072,0.049248953,0.098497907,-0.080508832,-0.000639044,-4.309453839,0.017989075,0.27301004,-2.53084663,0.957960993,1.199919274,1.172167471,1.053247114,0.899349525,0.92510391,0.984614177,1.006843424,0.952637548,0.12294478,0.051308363,0.051308363,-0.078449422,-0.070393654,-6.050924882,0.101129849,1.141411353,-3.847106404,2.695203561,21.13673372,43.97489852,3.169204956,1.244973683,1.225885881,1.956199721,1.622798268,1.065689265,11.14375807,23.42475908,37.28687917,0.685661043,0.271763526,12.88690072,0.611532059,31.48766483,0.886619419,1.149808525,44.72912295,77.6548939,3.685036385,2.388754917,1.10281125,1.768503617,1.454545046,0.84435388,0.401830561,47.65745008,54.37788018,0.753498743,3.59043048,3.479209521,0.791901201,27.58419307,-14.27056591,3.922610255,2.303386812,0.03519029,2.763912364,1.941032594,2.183487608,0.119829433,0.28491139,0.522192496,1.285060725,0.410545539,0.939003185,0.277862146,0.22903433,0.081532173,1.244805521,0.093058035,0.03644028,1.401208128,0.020448361,2.053011334,2.866773803,2.791741817,1.683658087,4.969951239,0.328917388,0.050577979,0.055342684,0.080548475,0.268079651,1.518262059,0.217272274,1.47621623,2.119396003,3.456669912,0,0.048685492,0.194741967,0.486854917,59.25024343,0.389483934,56.71859786,75.46251217,1.000464987,1.680469613,1.014150672,1.16710373,1.01092519,0.936017046,0.922010101,1.000326319,0.983240539,0.115609202,0.047630388,0.070390479,0.13867075,0.013264159,-5.713687105,-0.032256022,-1.443532366,-2.802354991,1.001091657,1.258495997,0.908665601,1.179103966,0.987650727,0.93482238,0.990807011,1.010860608,0.965048553,0.350781815,0.108784335,-0.048685492,-0.004369381,-0.051717577,-5.973115334,0.07284949,-1.075410477,-4.671106134,2.020467552,15.14525624,19.18547781,3.456144024,1.107716417,1.10857181,1.59142922,1.601394656,1.017306188,14.93413469,25.62907735,39.65308524,1.575994287,0.414045984,5.02437602,1.443383416,27.00305483,-4.570930935,0.65633205,21.60914977,27.75271074,4.735911054,1.653094241,0.871340796,1.378634545,1.440708346,0.719804071,-1.304438941,34.85564304,49.45262684,3.374811839,2.610257944,-13.79092584,0.660384833,24.17379059,-29.21579301,4.731911326,2.179144664,0.033368712,3.214137649,0.70871147,2.914854755,0.041738555,0.169535837,0.239405756,0.758018018,0.218996345,0.180145696,0.093129653,0.074675811,0.056273925,0.571295188,0.050184465,0.009913518,0.811999313,0.027681632,2.063196908,2.46447631,2.462151104,1.137729356,4.650099925,0.124074889,0.022001582,0.022900035,0.032220359,0.12610989,1.100777336,0.079491774,0.915180492,1.820591257,0.405405405,0.045045045,0,0.135135135,0.18018018,39.36936937,0.135135135,27.02702703,68.87387387,0.961574933,1.444096469,1.008209777,0.965141999,0.907268462,0.893697786,0.969289604,0.941935935,0.987824152,0.073793026,-0.023263298,0.043563494,-0.004444654,-0.049489699,-6.065078365,-0.048008148,-2.217617312,-2.330637106,1.043281118,1.100283225,0.792967793,1.087830262,0.88719849,0.915271711,0.983802856,0.964279121,0.99985383,0.050798974,0.023385612,0,0.001726179,-0.134559742,-4.97155915,-0.089514697,-0.453121918,-0.762560005,2.755134311,27.93060559,37.42197625,3.72753131,1.408057468,1.210960324,2.070949128,1.929219063,1.088690687,4.956235473,19.06254761,28.64339691,0.368643202,0.755408161,10.50468605,0.260690701,35.8013285,0.755489206,1.062644383,71.08411221,78.73422501,4.168612174,2.562452905,1.158240055,1.837797212,1.675006855,0.950068225,0.078856096,50.43921646,58.39386602,0.308771241,2.967519578,8.532164125,0.026285365,28.46126999,-7.897279846,0.025225396,1.951581178,2.435366732,3.631408332,1.452198238,4.033611401,0.087673794,0.422886977,0.425151247,2.464901069,1.182711789,0.220291663,1.165972084,0.145904149,0.280188635,0.847808929,0.099913575,0.025127091,0.77592145,0.425863368,2.291110879,2.216664724,3.338983949,0.745532134,4.806615302,0.204954489,0.103096201,0.031776122,0.011714274,0.23401853,1.62029241,0.22556663,0.822583791,1.644275506,0,0,0,0,0,75,0,25,56.25,0.643975364,0.195161042,0.931142228,10.79022553,0.216306532,0.593841295,0.177457842,0.910733844,1.088857535,0,0,0,4,0,-39,0,-1,15.75,0.658322619,0.167655836,0.052173736,7.37357461,0.592004412,0.496066703,0.214090743,0.8747725,0.87714609,0,0,0,0,0,-53.26086957,0,-7.608695652,0.27173913,2.291645179,5.203348854,27.64165648,7.691022661,1.13163809,0.511359403,0.164777311,1.135721404,0.876251852,13.33333333,13.33333333,26.66666667,0,6.666666667,-55,0,8.333333333,-2.916666667,0.723502403,19.65979103,64.7021735,24.77440457,1.509694692,0.811201253,0.332563501,2.502079142,1.108948533,0,68.75,68.75,0,0,-31.25,0,37.5,6.25,0.002630705,2.031902032,2.973134531,1.612774568,0.182265791,4.172575927,0.103839934,0.005169562,0.039447228,5.744771638,3.163343041,0.033187305,0.350652419,0.05050701,0.464594581,0.129667747,0.01094437,0.021495909,0.270495924,2.112524737,0.350807516,1.878885909,1.654468201,0.35919156,4.151213482,0.147720723,0.000332108,0.0003077,0.000365023,0.001094336,1.481456526,0.000225361,0.263902285,0.066942865,0,0,0,0,0,50,0,0,0,0.00053879,0.575103846,6.781957822,2.525468219,0.815836642,0.22101439,2.820890069,0.005168773,0.031839711,0,0,0,0,0,-50,0,0,0,0.602174562,90.5791302,4.314812632,0.507492992,775.1295756,0.233023937,563.8351071,2.157595404,0.877502185,0,0,0,0,20,-50,0,20,0,NA,NA,NA,NA,NA,NA,NA,NA,NA,NA,NA,NA,NA,NA,NA,NA,NA,NA,0.014790147,4.042873955,4.663908326,5.764546255,359.3834069,1.226854383,767.6073008,4.186303362,33.84352121,0,0,0,0,0,50,0,0,100,3.128102778,2.162078922,0.308318123,1.275351412,0.7459099,0.866585325,0.042014059,0.026822665,0.11084818,0.977178201,0.416257856,0.243818904,0.140392262,0.064476222,0.041551488,0.578689147,0.021607138,0.009878769,0.776766032,0.291406561,0.831926752,2.28779563,2.034763904,0.851929646,5.228844412,0.104671164,0.017702857,0.014431774,0.029765676,0.093053887,1.113955381,0.105682371,0.702604181,1.39281216,0.431066518,0.059457451,0.014864363,0.104050539,0.066889632,39.42772204,0.178372352,19.83649201,49.93682646,1.076518353,1.361725302,1.028869545,1.109519791,1.015320129,0.97016151,0.971971273,1.040375299,1.058337485,0.264662236,-0.015423985,0.015959063,0.023646511,0.021177299,-1.717462239,0.041794975,1.154260962,2.718391507,1.025147913,1.151792552,0.877620561,1.03325982,0.95640364,0.976499226,0.92896349,1.027860569,1.034057893,0.265240233,0.015818955,-0.000750037,0.01827362,-0.001022777,-1.126145937,-0.037229092,1.146806037,1.646330446,3.081875404,32.53603658,65.4060755,3.940350675,3.024192793,1.254293442,1.861771901,2.123466382,1.157445894,6.341618234,18.09458059,31.70325226,0.438512604,5.340032725,12.68328514,0.663535973,30.55951672,5.89728642,0.848237264,80.97096478,109.7070464,3.942496095,2.98754737,1.15719123,1.461000484,1.505139135,0.863085182,-0.070287235,41.20567524,48.25740374,0.360953871,2.795292682,4.771748821,0.422926453,15.08694261,-9.224888673,7.418671706,1.235491104,0.030491092,0.519983203,0.379665537,2.794818352,0.057578162,0.019570241,0.052513339,0.267617158,0.117728991,0.135234127,0.029387686,0.03814638,0.014232247,0.355944955,0.010685944,0.006255445,0.458826165,0.808618711,0.603902256,1.564420115,2.81119872,0.708547185,3.712955396,0.056419058,0.009394366,0.009891577,0.014262385,0.082616067,0.604612443,0.046693782,0.495670274,1.15863536,0.326188257,0.023299161,0,0.023299161,0.209692451,18.31314073,0.023299161,12.04566636,40.49394222,1.137401273,1.754801568,1.245043723,1.131633578,1.203000931,1.070596867,1.043292555,1.059212344,1.205551617,-0.086724656,-0.007334921,0.079821201,0.008629319,-0.06601429,0.764126195,0.024593559,0.486262124,10.09673467,1.073594198,1.446810746,1.036910702,1.179904086,1.129665944,1.070468413,1.012205142,1.042111386,1.203937644,0.014831554,-0.023299161,0,0.090374109,0.01765409,1.758311043,0.025417955,0.036178399,10.36672683,2.936238625,32.94180534,43.42923178,4.326883825,1.444070574,1.429916791,2.141807752,2.179187558,1.338225097,2.264860846,8.510855577,13.17267621,0.194131533,0.424480406,11.76477194,0.121654635,21.71044888,16.4728996,1.172569015,142.7606065,149.6809619,4.904425411,4.092661211,1.651100075,2.21139108,1.765161332,1.308473489,-0.157724645,41.16605394,48.0458221,0.246242618,5.282221296,16.57567329,0.229396257,15.31282421,15.4022842,8.565412466,1.313013657,0.018579458,2.879299386,0.849696658,2.500229516,0.035817982,0.09929217,0.127823036,0.441108936,0.169053908,0.183078218,0.050365546,0.055675357,0.035518488,0.585854834,0.035254776,0.00845439,0.513210992,0.02689637,1.961631984,2.147116673,2.102178698,0.903787784,4.35429878,0.060615995,0.015834172,0.011227797,0.025053827,0.079960354,0.739401211,0.054257941,0.694439399,1.192826763,0.096774194,0.032258065,0,0.032258065,0.161290323,22.22580645,0.032258065,19.41935484,44.5483871,1.068104481,1.240887637,1.306951238,1.1460093,0.95502203,0.958150535,0.941010046,1.076622751,1.036102532,0.032147164,0.010715721,0.042973786,0.032202614,-0.032368965,-1.77028432,0.010715721,1.831182334,1.562485271,1.199559659,1.35507358,1.093309529,1.260818472,0.925518313,0.998132596,1.032470248,1.085090427,1.082005539,0.145037194,0.055673349,0,0.143604762,-0.139307469,-0.990370092,0.077656202,1.046681653,3.70397606,3.471656053,27.67614594,55.10891675,3.662107043,1.630795354,1.379844519,2.126065099,2.234313021,1.205137371,2.689188839,13.25464255,20.41253683,0.289199208,0.16016695,14.36674645,0.048106254,33.29963793,7.554479231,1.513339104,77.50101206,129.2922738,3.961200325,3.214732749,1.438976264,2.011770573,1.789126662,1.135455226,0.23678151,40.95061941,49.67756282,0.167875358,2.084651416,16.26652177,0.07892717,24.12078303,4.106271565,64.11709245,1.054405894,0.005875386,1.207331927,0.316672097,0.600566563,0.015839238,0.028609181,0.044618596,0.17012063,0.083795265,0.113491596,0.017875964,0.02458113,0.010673595,0.481238494,0.010021579,0.003504586,0.303834106,0.076788715,0.979176333,1.826767673,1.801256522,0.536325649,4.684327266,0.023054478,0.005887903,0.004109356,0.009966606,0.025640274,0.475414889,0.025217206,0.424041427,0.748621162,0.036732295,0.041629934,0.014692918,0.053874033,0.026937016,12.05309041,0.036732295,9.863845626,25.18855911,1.389681476,1.575346239,1.313054528,1.199001029,1.21436747,1.164948826,1.195450557,1.221677443,1.324110071,0.020914086,-0.00594408,-0.000967589,-0.012698047,-0.013211688,2.602815599,0.004443691,3.268548894,10.42043372,1.431745259,1.438575233,1.110617596,1.334206817,1.20534066,1.192282527,1.151643131,1.240540986,1.366554334,0.022494374,-0.013426759,-0.003411648,0.010993271,0.001266159,3.058171118,-0.014169754,3.445232976,11.65888991,5.388717369,51.11952914,114.8140265,3.655471236,2.451690025,1.847784105,2.709283625,2.730677132,1.533051633,1.17683106,7.87270677,13.74854325,0.043686943,0.410897606,17.36749258,0.070346825,26.74769512,16.22250573,2.13562853,261.1317865,395.782904,4.507443131,5.682655933,2.252046227,2.976408784,2.143745527,1.495071822,0.065090583,49.64545098,55.52844521,0.052915815,1.016126611,25.32087273,0.097375886,18.60682442,15.24009037,100,1.514964761,0.084155696,1.469024349,0.669347213,1.200050002,0.036664136,0.058785006,0.114650826,0.471874353,0.203622069,0.243426393,0.074663847,0.056369687,0.027238022,0.575841012,0.022801015,0.00876232,0.580102656,0.168125437,1.106494876,2.062324044,2.081310062,0.790621676,4.758008722,0.063336021,0.012174129,0.009991082,0.020536806,0.0626847,0.707614186,0.056979037,0.5835554,1.035147563,0.311468882,0.04266697,0.014222323,0.069689384,0.078222778,22.06877916,0.081067243,15.97593583,36.24132438,1.399214491,1.808037067,1.410285633,1.350151939,1.299493018,1.154859017,1.236763011,1.207140483,1.255874957,0.203497698,-0.003143576,0.021813713,0.019819479,0.014773444,4.101520176,0.036340487,4.472770942,10.42882964,1.358998048,1.500969795,1.195316607,1.360777488,1.235290916,1.163418396,1.213905202,1.204699371,1.253294011,0.238914204,0.008249527,-0.002099348,0.029719014,-0.000635736,4.356882759,0.018341156,4.365204701,10.50123211,3.636452693,34.45417332,63.78475514,4.037199342,2.225683226,1.536369488,2.279730667,2.354462262,1.350125007,3.881851996,12.31581309,20.52179025,0.284187798,1.395440593,16.62138034,0.327252583,29.54801275,13.2507505,1.215664978,120.5721449,160.4134769,4.246155747,3.558487927,1.618108852,2.00967079,1.809404831,1.18530885,0.007758425,46.28212635,52.96386832,0.274093868,1.995390493,17.89056711,0.231338967,18.96444779,7.15858285UPN21,0.476687298,0.201734891,0.091961958,0.641215583,2.467393164,0.26724202,0.054246517,0.115500029,0.10010098,0.444584067,0.161782369,0.323259128,0.077402405,0.068755418,0.06130267,0.438088812,0.027175189,0.078697662,0.093375867,0.135760983,1.284968959,1.68590769,0.907725266,0.36906348,3.455691236,0.037875574,0.063854296,0.012483263,0.114059452,0.054984432,0.268674404,0.046134486,0.418266478,0.744072433,0,1.492537313,0,1.492537313,1.492537313,5.970149254,0,8.955223881,23.88059701,0.861746757,0.709486597,1.463719133,0.49321565,1.104359523,2.964697103,2.806462578,1.353368706,1.138976594,0.854700855,-0.637836459,0,0.216864396,0.216864396,16.25207297,4.273504274,11.55759663,1.760428626,1.269669669,1.433391639,0.373466439,0.584228808,0.642541118,1.729528291,1.685104037,0.965743759,1.095950126,0,-0.566611388,0,-0.566611388,-1.492537313,7.918739635,1.851851852,0.304035379,2.045328911,2.810994603,2.501447688,45.43156542,0.47797558,2.768993593,2.64762769,4.23171306,1.793692607,1.464753361,1.818181818,0.325644505,19.09090909,-1.492537313,1.234735414,16.75712347,1.818181818,13.77204885,14.30122117,0.8883903,6.996992754,92.89221938,0.778186134,6.449876773,2.248521128,2.707000406,1.172943507,1.119534334,0,9.743417743,41.57303371,-0.368941808,9.743417743,10.88378333,0,6.775113198,6.456481637,0.830138852,0.187555527,0.067532483,0.652795443,1.718969453,2.225981551,0.019492879,0.198690503,0.162057426,0.42857066,0.175016276,0.217325415,0.062162885,0.097201357,0.04961092,0.391578619,0.027582682,0.100988652,0.110852305,0.167855507,1.666554432,1.448838089,1.237723021,0.536472076,3.348329041,0.02716096,0.086867562,0.005115089,0.052722412,0.095933365,0.873400619,0.110448563,0.394669942,0.878342436,0,1.639344262,0,0.819672131,0,26.2295082,2.459016393,11.47540984,28.68852459,1.055778892,0.886937926,2.515613271,1.367783651,0.51516662,0.772501995,0.656247194,0.74062641,0.82469947,0,-0.998318621,0,-0.17864649,0,-4.434636402,-2.459016393,-6.988230349,-6.252627154,0.766351769,1.650167106,3.331392426,1.846799928,1.073372536,0.7165603,1.134937723,1.097130704,1.187866904,0,1.910951596,0.591715976,0.363759822,1.775147929,-7.294596954,-0.092152488,2.13405762,10.36472985,3.817739123,1.933368929,127.4322315,1.581269252,2.329921162,0.643350348,1.232116112,1.839695115,1.343480335,1.098901099,1.107908485,22.52747253,1.378130067,4.945054945,-9.196541164,-0.261214196,13.79931544,12.52026662,1.465748038,6.223177565,221.5025893,1.324346419,5.653197521,0.596182518,1.572475845,1.195106705,1.083754193,0,14.88239487,40,0.049893086,20,-7.099073414,-0.719885959,1.568068425,4.354953671,0.034735451,0.217766914,0.135140491,0.516126214,1.950957013,2.007754161,0.813521584,0.197094297,0.119018423,2.225733248,0.356090962,0.341921176,0.149921625,0.145205914,0.056558316,0.271199354,0.046961686,0.171714174,0.182979979,0.689887485,1.163811006,1.57594025,1.492463382,0.727946299,3.171656299,0.000110166,0.591795752,0.041393246,0.06886412,0.022233605,1.73743062,0.000559345,0.574275252,1.574779214,0,25,0,0,0,50,0,25,75,1.333481503,0.189568181,0.325884182,2.154072852,6.481561749,0.30875807,5.956080275,0.498663841,0.530344193,0,-25,0,0,10,-40,0,-25,-45,319.7962462,0.000209611,3.021186905,2.776524434,12.47970828,0.419036111,364.4433925,1.270958633,0.691631797,0,-25,0,0,10,-30,0,-15,-25,10.62003904,0.132954418,11.59542792,0.02547593,8.360869299,0.223477749,137.1805212,0.419610382,0.491301604,0,-25,16.66666667,0,0,-33.33333333,0,-25,-41.66666667,1.668096635,0.522030983,9.682937006,2.982276044,11.88093739,0.75025953,463.4214142,0.867048678,0.796120591,0,-15.90909091,18.18181818,9.090909091,9.090909091,-22.72727273,0,-6.818181818,-29.54545455,0.0671402,0.169387011,0.080889993,0.661386786,0.504728347,1.779219268,0.074628894,0.263541473,3.273149558,0.582693081,0.184951945,0.137553727,0.109449828,0.09313996,0.08567529,0.449589385,0.021414868,0.084009514,0.082882859,0.212927309,1.588110811,1.460874337,0.972947044,0.485586719,3.230084183,0.028008428,0.161902985,0.030884557,0.083849571,0.101837802,0.646308156,0.084159926,0.374889334,0.985653788,0,5.882352941,0,0,1.960784314,17.64705882,0,9.803921569,35.29411765,1.709888682,0.72940157,0.809187506,3.014872829,0.317673537,1.084326406,0.957465197,0.906112178,0.992053978,0,-2.31092437,0,3.571428571,-1.960784314,5.567226891,0,-2.661064426,2.205882353,1.69663085,0.504683527,0.288896537,0.596149785,0.502960042,1.088016118,1.578493058,0.850761687,0.883766559,0,-4.064171123,0,0,-1.960784314,9.625668449,1.818181818,-0.713012478,-2.56684492,3.139371595,1.983470676,22.54330163,1.988188526,1.61010804,0.823281949,1.935233946,1.737232618,1.289048921,0,3.450980392,22.66666667,2.666666667,-0.62745098,1.019607843,1.333333333,11.52941176,11.37254902,1.46810173,1.321315916,27.21775062,1.919475205,3.035344298,1.098599807,1.408047072,1.501909116,1.047839649,0,0.240096038,28.57142857,0,6.202480992,2.761104442,0,4.481792717,1.44057623,3.313837523,0.199298447,0.138342892,1.005741003,0.465898745,1.31418001,0.133563374,0.176501309,0.207411639,0.64637326,0.238510986,2.65040642,0.0814218,0.144663367,0.067376264,0.558872243,0.083706773,0.317194905,0.112974797,0.205275825,1.516529063,2.166420347,0.947366431,0.473563346,3.404418676,0.041339345,0.099707699,0.010892959,0.085818566,0.073991297,0.551764148,0.080892382,0.430801578,1.09110823,0.573888092,2.725968436,0,1.147776184,0.717360115,17.79053085,0.430416069,10.76040172,37.44619799,1.418629377,1.166382039,1.544867397,0.724667562,1.020349939,1.177167813,1.417169633,1.14906627,1.00031209,0.233493684,-0.0731426,0.230680507,-0.225054154,0.205361915,2.278673306,0.953666976,4.349171519,0.616085746,1.645557944,1.008319514,1.497163448,0.852679121,1.081944831,1.043145412,1.249044252,1.307757146,1.152799594,0.524007608,-0.89614227,0.091491308,0.682049983,0.10606166,-1.505077965,1.124936173,6.256981627,8.93989533,3.646736479,1.913370749,56.874513,1.131854601,2.248535699,1.204015425,1.980983557,2.282406182,1.428333142,2.061770823,1.692636215,21.24031008,0.402611413,1.84077942,3.372259851,1.585087807,22.96052851,20.38325937,1.452766059,3.70982468,89.99835469,1.293529753,5.168718451,1.304760877,1.65098677,1.470581985,1.189893516,-0.03697534,9.086112101,31.54362416,0.597190259,10.69203586,4.088663784,1.448778562,9.642282842,9.936352344,0.588981551,0.28755155,0.178250384,1.344850698,0.545732498,2.009743007,0.15249374,1.730424178,1.458615409,0.642725212,0.228645221,1.57659271,0.107451976,0.211055551,0.100768874,0.697746939,0.083889097,0.243403041,0.117744394,0.226015719,1.992026335,2.144947781,1.309101866,0.722616394,3.463992397,0.090800509,0.129102401,0.032641829,0.242163244,0.116904279,0.598354567,0.120476777,0.648999373,1.398319729,1.01010101,3.03030303,0,6.060606061,0,20.2020202,2.02020202,21.21212121,50.50505051,1.224198019,1.045345835,0.738164377,0.329113146,0.882854355,1.219349928,0.838346963,1.139046264,1.076077762,1.8800724,-0.14012962,0,-4.904536696,0.578034682,5.23150581,-1.442167338,1.331231389,3.830209611,0.702942001,1.059834695,0.611995845,0.312943967,0.895158996,1.29205681,0.961639687,1.211396274,1.129871038,-1.01010101,0.303030303,0,-5.643939394,0.833333333,4.381313131,-0.353535354,3.371212121,4.494949495,1.966499584,2.558519256,26.62265252,0.427160027,2.825081611,1.461251877,1.99420555,1.804173919,1.306241682,0.97009701,5.138013801,34.15841584,-5.070507051,6.930693069,6.778177818,0.95009501,19.8769877,15.83158316,1.030218861,4.868719819,35.77758093,0.509065011,4.832458472,1.337023953,1.869074132,1.36822013,1.072937384,0.145968354,16.04484148,41.04046243,-4.326502014,19.07514451,4.075436445,0.86997139,10.00175162,7.298417703,3.416193266,0.477773834,0.088087331,3.178312298,0.483121429,2.743421602,0.087873996,0.982140019,0.889112954,0.213348085,0.165142361,1.878293829,0.102107689,0.21993905,0.079744804,0.618764,0.095563772,0.264303299,0.130343239,0.112000433,2.815899251,2.52053308,1.36742991,0.926631263,3.517092287,0.097081471,0.1640015,0.022219315,0.060593343,0.139944287,0.795961902,0.114968703,0.77860088,1.535921214,1.050420168,3.571428571,0,0.210084034,0.840336134,22.68907563,0.630252101,24.15966387,59.24369748,1.000503849,0.944854491,1.026834142,1.038225168,1.101293728,0.924834506,1.039556601,1.159996665,1.010176362,-0.105538278,-0.736782902,0.472440945,0.419837226,0.734467015,0.775491299,0.944551049,4.816714087,0.126381261,0.909457845,0.829572868,1.061009095,1.461265119,1.100187921,0.928592505,1.095775062,1.173342666,1.105808755,-0.215347099,-1.066209365,0.417536534,1.460062104,1.560498939,0.275433764,0.517973369,6.320503149,4.430624024,1.95751473,1.987864416,42.79537829,1.76451723,2.130883554,1.050745607,1.668477178,1.71001115,1.157693321,1.905600019,4.287259244,34.82335977,1.015582873,4.999606187,4.491890484,1.74898366,22.70407081,7.519099925,0.917469568,3.910003461,60.61437573,2.043532564,4.442196116,1.00182963,1.527281028,1.38209964,1.059144957,-0.577234048,18.19513294,46.05678233,1.051745619,19.50666702,3.336160963,1.735678499,14.01068314,3.059141638,1.959970526,0.584284665,0.308501034,3.163506369,0.533685126,2.399672153,0.154837436,0.972711364,1.286965987,1.6515337,0.422145131,1.931976022,0.140179587,0.329028569,0.107754153,0.828514321,0.12448645,0.322778595,0.177275062,0.317538858,2.614664416,2.56009931,1.418985641,1.018324799,3.731981219,0.073525527,0.156733659,0.035632397,0.159445719,0.137011213,0.713415363,0.134150953,0.699404994,1.553518893,0.380228137,3.041825095,0.380228137,3.802281369,1.140684411,22.05323194,1.520912548,22.81368821,59.69581749,1.107294564,0.810750123,0.537852508,0.747067368,1.084712674,1.119819666,1.099507337,1.074570922,0.916620424,0.173788484,-0.271741993,-0.103219827,-2.694248128,0.244357141,2.046491053,0.695153934,0.732018158,-7.064238543,1.249749721,1.058134593,0.700094429,0.765282117,0.915277015,0.980770965,1.035358819,1.062508534,1.033494969,1.028222567,1.183527018,-0.380228137,-2.217774327,-0.612515397,-1.102527714,0.591763509,0.249692069,-1.773282279,2.495093971,1.461866783,12.42350644,1.063884169,1.447318743,1.128707719,1.675510804,1.692693648,1.121192415,1.533647461,1.264395001,13.97383885,-0.644386632,1.443047647,1.104662798,1.924063529,19.57865628,5.088871505,1.238118119,1.949172699,15.52944179,1.332395358,2.458248759,1.162719606,1.523149448,1.253867015,1.023580041,0.421910901,6.316463675,16.99945101,-0.593725219,7.95022468,3.615217259,0.885504565,8.469734247,0.197230638,0.414681076,1.603318657,0.15134956,3.410352515,0.171188151,3.646186593,0.087767782,0.760925502,0.745817366,1.112504376,0.694447933,0.222376833,0.213801636,0.179064387,0.113832558,0.585718944,0.090331396,0.169222277,0.179516901,0.244964662,2.929063536,2.017763729,1.483842833,1.09730201,3.493117021,0.058605989,0.052635774,0.054705071,0.174504728,0.069059347,0.918036179,0.070848699,0.623311265,1.450869294,1.923076923,0,0,7.692307692,0,28.84615385,0,17.30769231,55.76923077,1.692008626,6.061648564,0.294963705,0.876611522,2.395947468,1.016354232,1.501473441,1.045912232,0.955734012,-0.657254138,7.594936709,0,-3.894839338,1.265822785,0.267770204,1.265822785,4.211295034,-1.338851022,0.5870517,1.762559713,0.435885416,0.823304705,1.406502345,0.866598668,1.244999961,0.957307777,1.102994759,-1.923076923,1.769911504,0,-3.267528931,0.884955752,-4.067392784,0.884955752,1.276378489,4.407760381,2.985196974,8.087946774,14.45174474,1.058349177,4.978764566,0.765503031,2.50135978,1.561162617,1.082189169,0.743589744,10,29.33333333,-4.358974359,9.333333333,-8.179487179,2,17.35897436,3.564102564,1.986732821,11.06331078,16.52528852,1.295786152,7.584396516,0.868773261,1.433545066,1.087714063,0.895929134,0.77962578,16.21621622,31.08108108,-4.98960499,17.56756757,-5.873180873,0,5.665280665,-5.769230769,0.042647886,0.490726201,3.079111933,3.2831914,0.348399311,3.220421777,0.090722629,0.895430657,0.941139572,1.864079081,0.609790481,0.330319949,0.105160786,0.251384998,0.150124041,0.993285894,0.086231161,0.227527398,0.178361276,0.299685859,2.73472884,1.980997902,1.332003636,0.96761639,3.626817015,0.13996164,0.10045719,0.016113202,0.005238595,0.081863306,0.48152179,0.104683028,0.179576064,1.035808781,7.142857143,0,0,0,0,14.28571429,0,7.142857143,28.57142857,0.326762412,2.620975566,0.139921573,27.56056657,0.662859866,1.518778082,2.125942532,2.670085565,1.069319995,-7.142857143,5.263157895,0,5.263157895,0,12.03007519,10.52631579,-1.879699248,13.53383459,0.913606352,1.860626792,2.658474067,16.20933965,0.991722955,1.52671258,1.08319261,3.599231591,1.626940896,-7.142857143,5.263157895,0,0,0,12.03007519,5.263157895,13.90977444,39.84962406,0.827071788,1.236420182,35.9217108,11.64995608,3.642025217,2.565945683,2.175956157,5.644918624,1.406400276,-7.142857143,0,21.42857143,0,4.761904762,30.95238095,2.380952381,28.57142857,26.19047619,0.748614161,2.751301782,59.13586168,14.46410951,4.043881765,2.617158471,1.861915191,4.812116358,1.609531726,-7.142857143,6.25,25,0,6.25,29.46428571,6.25,17.85714286,33.92857143,0.002363796,0.308853594,1.058754501,2.391258545,0.159607073,4.652802608,0.012823617,0.025891933,0.162114495,4.392691017,4.615235702,0.263859466,0.425132175,0.019438802,0.010451179,0.842631302,0.249912189,0.000804296,0.1731336,0.630515379,1.465263801,1.854259241,1.496229488,0.886160718,3.769599103,NA,NA,NA,NA,NA,NA,NA,NA,NA,NA,NA,NA,NA,NA,NA,NA,NA,NA,NA,NA,NA,NA,NA,NA,NA,NA,NA,NA,NA,NA,NA,NA,NA,NA,NA,NA,NA,NA,NA,NA,NA,NA,NA,NA,NA,NA,NA,NA,NA,NA,NA,NA,NA,NA,NA,NA,NA,NA,NA,NA,NA,NA,NA,NA,NA,NA,NA,NA,NA,NA,NA,NA,NA,NA,NA,NA,NA,NA,NA,NA,NA,NA,NA,NA,NA,NA,NA,NA,NA,NA,0.59972645,0.513586392,1.394256946,0.970403966,0.213014294,0.613394449,0.069692851,0.122458832,0.12487038,3.373040266,2.005617603,0.28168104,0.236674838,0.131314204,0.102460028,0.391249906,0.038457587,0.10669068,0.146130328,0.689300692,0.771772923,1.993877713,0.633775022,0.353525282,2.905867882,0.026065079,0.214972244,0.020304747,0.124382451,0.07167407,0.61136994,0.107439968,0.339322722,0.735422184,0,4.213483146,0,2.528089888,0.842696629,19.94382022,0.842696629,7.02247191,21.62921348,0.884441844,1.039605659,0.823265689,0.826326553,0.771928285,1.079745231,1.134184591,1.049942658,1.011466539,0.237529691,1.487229443,0.237529691,0.084736716,-0.367637247,0.721262911,1.532600283,-0.134110865,0.936107182,1.542537475,0.883560778,0.787926004,0.77793976,0.995542276,1.107276638,1.00290596,1.222711161,1.175898575,0.769230769,0.401901469,0,-0.22039758,-0.265773552,1.402333621,-0.265773552,3.746758859,7.216940363,2.533831397,1.124379331,21.89011134,1.144596417,4.547066509,1.128852355,1.298165793,1.509312458,1.380590614,0.166112957,1.434357385,15.11627907,0.628056292,6.964612341,0.986412333,0.153981112,6.598790548,10.92892605,1.557522862,1.497097931,26.4061104,1.013505612,4.999630614,1.002904268,1.104030717,1.110295407,1.111104342,0.543478261,5.84086468,18.20652174,0.732779678,9.211651197,-3.367733268,1.059477284,2.216658525,5.54469956,4.177828222,0.230349505,0.251835944,0.496124838,0.083682569,3.072044479,0.051826312,0.17980368,0.14405899,0.506453496,0.30919366,0.158789026,0.075457168,0.074507588,0.041662312,0.335122256,0.024397315,0.080554059,0.076531483,0.193907432,1.523486337,1.35418664,1.002514795,0.447950891,3.200402595,0.016423406,0.100385932,0.009775429,0.058385712,0.035515354,0.52320159,0.071408242,0.287864429,0.832236038,0.168067227,2.18487395,0,1.008403361,0,16.30252101,1.344537815,6.554621849,27.73109244,1.671904878,0.417214561,1.67002889,1.007006978,1.541573223,1.012510537,0.914173139,1.027710206,0.934565735,0.21216091,-1.424417676,0.126742712,0.132281049,0.760456274,-0.459681972,-0.710824254,0.669712752,-2.382549978,1.488633725,0.782924734,0.285539798,0.931884839,1.375916808,1.00044532,0.970369308,1.212473554,1.142005215,-0.168067227,-1.031834117,0,-0.169828938,0.209643606,-2.466043021,-0.401141589,2.355231401,4.65884467,3.822859389,2.215063922,68.36503827,1.087009501,6.540522184,1.31498307,1.560942407,2.074106041,1.509993058,0.51452663,3.389642546,24.00455063,0.243018709,5.34698521,4.51659162,-0.889475244,11.19281842,16.63750825,1.527523295,4.814209779,111.1909828,1.157365364,12.22033287,1.043898524,1.328549003,1.625315992,1.059164903,-0.168067227,11.83951629,37.65243902,-0.093769215,13.26219512,1.532844845,-0.582342693,6.555134249,0.317688051,20.97094841,0.217875397,0.083220974,2.983412375,0.352157927,2.957934201,0.062418993,0.312878659,0.300508615,0.617828594,0.335336709,0.331773507,0.078194182,0.116055895,0.055175921,0.39841743,0.050633748,0.122628975,0.100758145,0.150344322,2.53670108,1.794471375,1.122215249,0.705311014,3.183081713,0.033477848,0.078060812,0.018095238,0.060584963,0.085753486,0.57824061,0.08189233,0.493589053,1.065434977,0.319829424,1.599147122,0.142146411,0.781805259,0.959488273,17.87491116,1.172707889,13.61051883,37.84648188,1.261884633,1.178062665,0.730430858,0.966260482,1.005320903,1.03944376,1.132641979,1.08557298,0.964626092,0.120958116,0.252160548,-0.053988903,-0.076545195,-0.01914152,0.226763834,-0.144203628,1.493800883,-1.701903563,1.055124464,1.13099555,0.869906898,1.069258633,0.910377892,1.021342632,1.026320185,1.082473033,1.080058625,-0.05527916,0.25270473,-0.060746329,0.072895595,-0.22688754,0.765707482,-0.256956973,1.468846245,3.179159149,2.773167715,2.935340244,40.64376603,1.285277745,2.602118755,1.135282811,1.667267551,1.687778295,1.283842832,0.7809817,3.808346119,25.98763343,0.222443485,3.347193844,2.519063349,0.468852559,13.23382261,11.88314346,1.396526525,6.859913952,67.26131792,1.417978317,6.1002569,1.131718932,1.401531768,1.415733958,1.069259203,-0.024582893,15.8203982,42.04858285,0.45823017,16.10576121,2.231377593,0.1559015,7.647231387,1.952750483,63.06369479,0.133440333,0.066411816,1.507263149,0.128942256,0.774835322,0.038865536,0.133970079,0.14850677,0.471237775,0.154205707,0.312027122,0.059110702,0.08334683,0.041086533,0.380853816,0.032240022,0.070613854,0.067356353,0.12929226,1.39925849,1.788598499,0.827820831,0.365151486,3.375845696,0.021442133,0.074312711,0.009592502,0.053195601,0.04392273,0.453000039,0.062920296,0.334305133,0.777326517,0.158361486,1.573057432,0.031672297,0.939611486,0.422297297,13.47128378,0.696790541,8.350929054,25.10557432,1.108340385,1.004256058,1.128528982,0.911041292,0.918241284,0.999050783,1.006676327,1.043459301,0.94066379,0.012088657,0.038471195,0.061300508,-0.195829043,-0.065901543,-0.075452065,0.039244169,0.853378686,-1.606697746,1.185617795,1.009595042,1.357293894,0.993459285,1.075477396,1.05264664,1.154242355,1.151769182,1.170228216,0.047243143,-0.171899955,0.113012442,-0.033428118,0.057446839,0.532676009,0.194162856,1.89122751,5.681815258,3.936418563,2.099335847,63.01583114,1.374803643,3.56931386,1.275241314,1.8369209,2.277610637,1.564088509,0.727800749,1.562593556,20.79314025,0.125487355,2.193585457,4.243440143,0.555765697,16.26563536,18.529395,1.695453733,5.265524618,114.2812652,1.268322076,8.849646788,1.227915,1.603594528,1.704437177,1.214356392,0.093918739,10.36173783,36.96619302,0.147134099,11.40576403,3.392678956,0.39965813,9.017594136,6.827280323,100,0.197157719,0.120355396,1.807522001,0.241135658,1.459528695,0.055050405,0.243178755,0.259692808,0.59425487,0.250368718,0.522906885,0.073290041,0.105511024,0.050650636,0.414710087,0.043065196,0.108527626,0.084277363,0.157672512,1.708960614,1.837752606,0.936486304,0.482856368,3.335460885,0.028631664,0.085674231,0.012716825,0.062330354,0.05934083,0.509010788,0.072341108,0.391081811,0.892390137,0.251855779,1.829268293,0.053022269,1.04718982,0.556733828,15.39634146,0.828472959,10.23992577,30.09013786,1.157493414,1.008103472,0.990177075,0.896534669,0.967000586,1.01771036,1.054700882,1.062068915,0.951281487,0.063207233,0.011099781,0.062000735,-0.207021786,0.013380195,0.171772159,0.091711078,1.162354687,-1.63944772,1.216786149,1.030018585,1.126226512,0.993706937,1.075195813,1.052075791,1.135647918,1.181048177,1.166261098,0.063118629,-0.088159758,0.073842423,-0.014773704,0.081964278,0.662978717,0.164571357,2.709022129,6.201913413,3.564056905,2.315604775,51.32460588,1.36654946,3.28472692,1.259001671,1.882408418,2.14471384,1.496591644,0.955675058,2.52476763,22.79917422,0.225262031,3.000937671,4.382927093,0.729631348,17.33419239,18.27168859,1.514310903,5.046488918,86.41692659,1.31663648,7.189800908,1.18662657,1.554227516,1.582680819,1.16610543,0.053882697,11.62910424,37.25883098,0.216921187,12.70173278,3.059679233,0.441517634,8.91576567,5.975243139UPN22,3.29297812,1.633847614,0.127852652,0.525186912,3.382753779,0.687639325,0.292072506,0.400059181,0.264843722,0.990395178,1.196659937,0.622523473,0.348425563,0.294140787,0.974308172,0.15618364,0.950519739,0.376903633,0.880475019,1.831730089,1.222135887,0.670872389,0.835513237,2.438025921,3.863922919,0.278868808,0.373847739,0.426473276,0.320720091,0.142645005,1.361399582,0.464398482,0.585827978,0.116434247,2.380952381,2.976190476,4.166666667,4.166666667,0,53.57142857,5.357142857,8.928571429,0.595238095,NA,NA,NA,NA,NA,NA,NA,NA,NA,NA,NA,NA,NA,NA,NA,NA,NA,NA,NA,NA,NA,NA,NA,NA,NA,NA,NA,NA,NA,NA,NA,NA,NA,NA,NA,NA,0.690537386,1.092126241,0.976418151,0.768962982,0.775347035,0.711133931,0.901370226,0.751319649,1.160427965,-0.614167929,1.264092209,0.7803298,-1.693168433,0.706713781,-23.53609288,0.29656739,-4.688288743,0.464832576,NA,NA,NA,NA,NA,NA,NA,NA,NA,NA,NA,NA,NA,NA,NA,NA,NA,NA,2.316553335,1.63172877,0.130176349,0.642808821,3.216514836,1.591906806,0.110406538,0.300694299,0.220538258,0.994878364,1.694963108,0.446942395,0.300870185,0.251342992,0.95146453,0.148691428,1.0340004,0.548328909,0.871639083,2.04411872,1.172514095,0.654240034,1.138283041,2.398622356,4.022211642,0.231728343,0.401984228,0.497499102,0.37866572,0.153332877,1.440693379,0.504019125,0.687621822,0.108077295,2.325581395,3.488372093,6.976744186,5.813953488,1.162790698,55.81395349,9.302325581,15.11627907,0,NA,NA,NA,NA,NA,NA,NA,NA,NA,NA,NA,NA,NA,NA,NA,NA,NA,NA,NA,NA,NA,NA,NA,NA,NA,NA,NA,NA,NA,NA,NA,NA,NA,NA,NA,NA,0.761241715,1.00374185,0.829353527,0.815262398,1.070036831,0.766032907,1.065353273,0.96735397,0.858686264,-0.270786875,1.306148455,-0.812360624,-3.074227461,1.57693533,-18.82765212,-1.768079006,-2.787511946,0.684931507,NA,NA,NA,NA,NA,NA,NA,NA,NA,NA,NA,NA,NA,NA,NA,NA,NA,NA,2.825476852,1.611603964,0.165335848,0.586342589,3.335218117,1.550150949,0.863545064,0.37408564,0.254089035,1.557326735,2.107156023,0.517070666,0.395055841,0.318983655,1.053311032,0.151613363,1.580998324,0.671800959,0.894050147,2.019289138,1.265587786,0.793824619,1.111787621,2.450620383,4.040295504,0.31572917,0.470710699,0.561692605,0.342724231,0.181270998,1.559216624,0.663316763,0.77797957,0.142239528,4.464285714,4.017857143,10.26785714,1.785714286,1.339285714,63.39285714,9.821428571,22.76785714,1.339285714,NA,NA,NA,NA,NA,NA,NA,NA,NA,NA,NA,NA,NA,NA,NA,NA,NA,NA,NA,NA,NA,NA,NA,NA,NA,NA,NA,NA,NA,NA,NA,NA,NA,NA,NA,NA,0.691458572,1.10955531,0.963783775,0.910965478,0.94760402,0.783823662,0.986123485,0.821210214,0.866441208,-3.467607973,4.620016611,-0.965531561,-0.789036545,0.321843854,-17.87790698,3.467607973,-10.47549834,-1.007059801,NA,NA,NA,NA,NA,NA,NA,NA,NA,NA,NA,NA,NA,NA,NA,NA,NA,NA,0.023013179,1.617067294,0.172808662,0.675330377,2.642296763,2.072147881,0.469649894,0.336110981,1.811329337,1.205429828,1.642084197,0.185437366,0.331445112,0.292748797,1.009470241,0.489037098,0.961756148,0.361947219,0.453200676,1.638005748,1.801113546,0.422602285,1.120797975,2.028511864,3.321880546,NA,NA,NA,NA,NA,NA,NA,NA,NA,NA,NA,NA,NA,NA,NA,NA,NA,NA,NA,NA,NA,NA,NA,NA,NA,NA,NA,NA,NA,NA,NA,NA,NA,NA,NA,NA,NA,NA,NA,NA,NA,NA,NA,NA,NA,NA,NA,NA,NA,NA,NA,NA,NA,NA,NA,NA,NA,NA,NA,NA,NA,NA,NA,NA,NA,NA,NA,NA,NA,NA,NA,NA,NA,NA,NA,NA,NA,NA,NA,NA,NA,NA,NA,NA,NA,NA,NA,NA,NA,NA,26.89800588,2.172636325,0.278198202,0.785107337,4.002519136,1.548275857,0.563259732,0.606908604,0.402073467,1.400226675,2.60733984,1.870250107,0.543339191,0.695647548,1.461290724,0.288182239,1.277552531,0.724255876,0.978462877,2.050655173,1.731100123,1.64125485,1.413442869,3.048873577,4.648904758,0.632814272,0.578500742,0.596880297,0.434647886,0.343144095,1.818173306,0.803450649,1.021385018,0.186681588,18.46956522,9.07826087,10.60869565,4.695652174,5.252173913,76.24347826,21.46086957,33.46086957,2.504347826,NA,NA,NA,NA,NA,NA,NA,NA,NA,NA,NA,NA,NA,NA,NA,NA,NA,NA,NA,NA,NA,NA,NA,NA,NA,NA,NA,NA,NA,NA,NA,NA,NA,NA,NA,NA,0.738320537,1.109824054,0.953930203,0.885648767,1.023239064,0.835330774,1.121711982,0.830009931,0.939390001,-7.764604382,4.092612354,-0.454938762,-1.214364097,-0.755510147,-13.81237875,7.752939544,-10.8615078,-0.241510576,NA,NA,NA,NA,NA,NA,NA,NA,NA,NA,NA,NA,NA,NA,NA,NA,NA,NA,37.63212496,2.800433835,0.517437978,1.099680717,4.466865574,1.992007969,0.706322348,1.277992607,0.976374237,1.4770199,2.691874369,2.204401789,0.800680527,1.146385767,1.816106234,0.815328494,1.336970039,0.841533562,1.1379305,2.087039865,2.549606534,2.50800831,1.77440024,3.657217678,4.914746652,1.200260742,0.762670231,0.712172441,0.55313453,0.632368676,2.219649393,0.894148475,1.406440596,0.256097838,48.60842675,16.00309239,16.79551604,7.80827213,15.77116351,91.92114418,25.97603402,56.70660997,3.594897565,NA,NA,NA,NA,NA,NA,NA,NA,NA,NA,NA,NA,NA,NA,NA,NA,NA,NA,NA,NA,NA,NA,NA,NA,NA,NA,NA,NA,NA,NA,NA,NA,NA,NA,NA,NA,0.781284354,1.153869502,1.021872389,0.954498296,0.934159198,0.925268984,1.248112582,0.79727932,0.917550814,-14.628439,8.991802449,0.888780466,-0.170943153,-4.682742027,-5.031211571,16.19264068,-16.0694852,-0.633901036,NA,NA,NA,NA,NA,NA,NA,NA,NA,NA,NA,NA,NA,NA,NA,NA,NA,NA,0.422128524,2.24763961,0.290107924,3.348426274,3.479056257,1.984592199,0.462012603,0.489982703,0.547643478,0.281675419,1.017179904,1.445865203,0.472349104,1.126751315,1.624363378,0.25641475,1.335373931,0.804407594,1.689305184,1.986761999,0.346537946,2.391096735,1.603131019,2.780688529,3.55698352,0.746995191,0.528347981,0.451366427,0.353171644,0.426311343,2.545650207,0.767515422,1.403295866,0.164029479,17.39130435,4.347826087,4.347826087,8.695652174,0,95.65217391,13.04347826,60.86956522,4.347826087,NA,NA,NA,NA,NA,NA,NA,NA,NA,NA,NA,NA,NA,NA,NA,NA,NA,NA,NA,NA,NA,NA,NA,NA,NA,NA,NA,NA,NA,NA,NA,NA,NA,NA,NA,NA,0.999814406,1.798447671,1.59001922,1.728877533,1.518999394,0.939537301,1.422303143,1.037141675,0.194835463,15.94202899,33.15217391,16.48550725,3.804347826,16.66666667,-16.48550725,45.28985507,5.797101449,-4.347826087,NA,NA,NA,NA,NA,NA,NA,NA,NA,NA,NA,NA,NA,NA,NA,NA,NA,NA,8.156099755,2.623508923,0.490353232,2.981351915,3.486704762,2.63860115,0.910594674,0.945562744,0.948265553,1.995121226,2.278606548,1.906103426,0.810082047,1.269913946,1.86291817,0.820485349,1.545415646,0.964129936,1.866475363,2.026922546,1.730873067,2.615236532,2.132055859,3.225346678,4.355986808,1.078198758,0.78750248,0.850786237,0.634505922,0.742699015,2.448933843,0.88959751,1.686686523,0.218178336,41.35514019,20.67757009,26.28504673,12.14953271,19.04205607,96.72897196,27.10280374,73.48130841,3.154205607,NA,NA,NA,NA,NA,NA,NA,NA,NA,NA,NA,NA,NA,NA,NA,NA,NA,NA,NA,NA,NA,NA,NA,NA,NA,NA,NA,NA,NA,NA,NA,NA,NA,NA,NA,NA,0.924248494,1.416695439,1.072652336,1.126899496,0.924889182,0.985229453,1.296489991,0.875040599,1.050515437,-2.408977529,18.49768764,3.611860488,5.032597874,-3.349043475,-4.861847106,18.48711608,-12.19837599,0.625863121,NA,NA,NA,NA,NA,NA,NA,NA,NA,NA,NA,NA,NA,NA,NA,NA,NA,NA,1.251185027,2.570905131,0.423753912,2.934807674,2.360497653,3.913784091,0.615291955,0.983695563,0.81032558,2.055967615,3.28530799,0.970954643,0.674427841,0.916133241,2.029845398,0.71232152,1.212505232,0.942585166,1.640966725,1.731607107,1.903667617,2.39548287,2.074212138,3.007995198,5.170665684,0.96532944,0.671772364,1.081551776,1.213835188,1.334906282,3.42114625,1.799873972,2.078266388,0.00139929,0,33.33333333,33.33333333,66.66666667,66.66666667,100,100,66.66666667,0,NA,NA,NA,NA,NA,NA,NA,NA,NA,NA,NA,NA,NA,NA,NA,NA,NA,NA,NA,NA,NA,NA,NA,NA,NA,NA,NA,NA,NA,NA,NA,NA,NA,NA,NA,NA,0.334590793,1.105820653,0.775043335,0.702589103,0.558153047,0.636629085,0.718637812,0.630944699,99.18997004,0,-20.83333333,4.166666667,-41.66666667,-54.16666667,-12.5,-37.5,-16.66666667,0,NA,NA,NA,NA,NA,NA,NA,NA,NA,NA,NA,NA,NA,NA,NA,NA,NA,NA,0.485130111,1.922039888,1.556241106,3.228050241,2.58996302,4.604275863,1.068230585,1.395968375,0.775294189,3.476547464,3.058486816,0.968331206,1.097951648,0.296365169,2.311905037,1.196844607,1.272115669,0.858862872,2.325049684,1.822150849,2.928771898,2.169843884,2.670973744,3.086585247,4.760063265,0.902973051,0.477242747,0.723691879,0.577635433,0.916676239,1.713711138,0.704805026,2.026892545,0.533162477,0,0,0,0,0,100,0,100,0,NA,NA,NA,NA,NA,NA,NA,NA,NA,NA,NA,NA,NA,NA,NA,NA,NA,NA,NA,NA,NA,NA,NA,NA,NA,NA,NA,NA,NA,NA,NA,NA,NA,NA,NA,NA,0.782282932,3.675489924,3.550519326,1.513946926,2.328747416,1.585915145,2.290813216,1.059872798,1.00988821,0,100,100,50,100,0,50,0,0,NA,NA,NA,NA,NA,NA,NA,NA,NA,NA,NA,NA,NA,NA,NA,NA,NA,NA,0.002488057,1.588836282,2.296466857,3.688833549,3.712997603,3.776537377,1.63391412,1.014777365,0.57266741,3.847957665,5.577266668,1.836857101,3.688610652,1.591875555,1.01719247,1.717303003,1.771639836,0.001524204,0.407717019,1.846449321,2.295222485,3.085661267,3.302554665,2.544376526,4.232289839,1.663954608,0.782559929,0.084334807,1.990281636,0.131267051,2.200177921,0.51408149,1.210701669,0.003421595,100,0,0,100,0,100,0,0,0,NA,NA,NA,NA,NA,NA,NA,NA,NA,NA,NA,NA,NA,NA,NA,NA,NA,NA,NA,NA,NA,NA,NA,NA,NA,NA,NA,NA,NA,NA,NA,NA,NA,NA,NA,NA,NA,NA,NA,NA,NA,NA,NA,NA,NA,NA,NA,NA,NA,NA,NA,NA,NA,NA,NA,NA,NA,NA,NA,NA,NA,NA,NA,NA,NA,NA,NA,NA,NA,NA,NA,NA,2.89725395,2.060079737,0.353486975,0.858957426,2.701037217,1.315537449,0.544634586,0.510441607,0.4233659,2.339711254,3.758288971,0.706746565,0.605390946,0.4209908,1.182910551,0.182807252,1.174574926,0.609658055,1.198895896,1.998645081,0.938377355,0.786275165,1.125106011,2.207026505,4.31983075,0.420709136,0.510815797,0.616819442,0.460289204,0.265023877,1.94059073,1.086255213,1.094452655,0.187107836,8.695652174,5.217391304,13.91304348,4.347826087,2.608695652,80.86956522,39.13043478,35.65217391,1.739130435,NA,NA,NA,NA,NA,NA,NA,NA,NA,NA,NA,NA,NA,NA,NA,NA,NA,NA,NA,NA,NA,NA,NA,NA,NA,NA,NA,NA,NA,NA,NA,NA,NA,NA,NA,NA,0.662756178,1.019252305,0.916735288,0.847946195,0.863686954,0.793235238,0.91965735,0.830937114,0.701614882,-6.195652174,6.032608696,-4.538043478,1.277173913,-0.733695652,-15.86956522,-2.880434783,-8.152173913,0.135869565,NA,NA,NA,NA,NA,NA,NA,NA,NA,NA,NA,NA,NA,NA,NA,NA,NA,NA,0.503697817,1.910708792,0.111760729,0.484086878,2.060651666,3.048636373,0.289037228,0.455222765,0.315118928,1.245241273,3.194929698,0.38405966,0.429412265,0.205466646,1.052309194,0.227421235,0.669880349,0.889509534,0.927348871,1.973342249,0.946364551,0.351911762,1.497019666,2.105597482,4.320864106,0.409384804,0.478921641,0.208822335,0.441579306,0.000408123,2.676339765,1.904613705,1.164457743,0.001426308,0,0,0,0,0,100,100,50,0,NA,NA,NA,NA,NA,NA,NA,NA,NA,NA,NA,NA,NA,NA,NA,NA,NA,NA,NA,NA,NA,NA,NA,NA,NA,NA,NA,NA,NA,NA,NA,NA,NA,NA,NA,NA,0.138133511,1.108836182,1.33207661,0.447747995,640.0766703,0.57219805,0.417471129,0.422949959,190.8806157,0,20,0,0,20,-20,-60,-50,0,NA,NA,NA,NA,NA,NA,NA,NA,NA,NA,NA,NA,NA,NA,NA,NA,NA,NA,7.75000593,1.869488603,0.319189828,1.895132194,3.329865986,1.9988936,0.623851781,0.530385923,0.34716657,1.800729614,3.375608479,0.837100047,0.617417993,0.52710537,1.308801538,0.309473214,1.407696283,0.657886156,1.280578039,2.062939577,1.100957835,1.04431041,1.52569474,2.698029801,4.659490053,0.381527058,0.630820855,0.693573676,0.504617637,0.237429147,1.820383304,0.977755502,1.070265531,0.150458971,7.782101167,10.11673152,17.12062257,5.836575875,1.945525292,78.59922179,33.07392996,35.40856031,0.778210117,NA,NA,NA,NA,NA,NA,NA,NA,NA,NA,NA,NA,NA,NA,NA,NA,NA,NA,NA,NA,NA,NA,NA,NA,NA,NA,NA,NA,NA,NA,NA,NA,NA,NA,NA,NA,0.82718956,1.085688285,1.020633934,0.945586602,0.996754291,0.775071968,1.000368543,0.834136065,1.065146505,-2.917236302,5.018403618,0.71721527,0.10937007,0.21663687,-22.1127353,1.520664634,-8.651803555,1.113681775,NA,NA,NA,NA,NA,NA,NA,NA,NA,NA,NA,NA,NA,NA,NA,NA,NA,NA,3.441346075,0.268830667,0.040147681,0.345450055,0.375446861,0.487932152,0.246506072,0.024700524,0.129975394,0.793486389,0.560506465,0.251947907,0.085015167,0.11162037,0.240932426,0.268896023,0.541552936,0.169889335,0.151584962,1.02038044,0.094591542,0.185054794,0.35173677,0.5830104,1.029124281,0.04354426,0.18400962,0.22562587,0.319146105,0.248307613,0.351499696,0.332650359,1.894784942,0.09998465,0,7.142857143,0,14.28571429,0,7.142857143,7.142857143,42.85714286,0,NA,NA,NA,NA,NA,NA,NA,NA,NA,NA,NA,NA,NA,NA,NA,NA,NA,NA,NA,NA,NA,NA,NA,NA,NA,NA,NA,NA,NA,NA,NA,NA,NA,NA,NA,NA,0.723588335,0.10117784,0.252378961,0.134891888,0.22119531,1.059679477,0.323740466,0.416294897,0.700248451,0,-7.142857143,0,-14.28571429,0,-7.142857143,-7.142857143,-27.06766917,0,NA,NA,NA,NA,NA,NA,NA,NA,NA,NA,NA,NA,NA,NA,NA,NA,NA,NA,100,2.236509657,0.356452371,1.181528897,3.748804095,1.845595931,0.607291046,0.813595816,0.646977916,1.560364003,2.510404789,1.656080064,0.651753397,0.802336714,1.521121374,0.491048425,1.288386919,0.735696432,1.128116082,1.958966162,1.786238983,1.789256189,1.535816526,2.994866265,4.435531742,0.959002255,0.69131439,0.681741391,0.516189243,0.52613686,2.079900625,0.872968759,1.284420229,0.223333366,35.85788217,13.7241242,15.51552548,7.185509554,12.08200637,85.78821656,25.41799363,49.24363057,3.045382166,NA,NA,NA,NA,NA,NA,NA,NA,NA,NA,NA,NA,NA,NA,NA,NA,NA,NA,NA,NA,NA,NA,NA,NA,NA,NA,NA,NA,NA,NA,NA,NA,NA,NA,NA,NA,0.739891416,1.131481185,0.980799609,0.925320688,0.903486698,0.876518521,1.165750263,0.796846902,0.909974821,-12.6814007,6.947041554,-0.160066478,-0.594033174,-3.687812046,-10.97079953,11.02464296,-14.83482961,-0.447619385,NA,NA,NA,NA,NA,NA,NA,NA,NA,NA,NA,NA,NA,NA,NA,NA,NA,NAUPN22-Rx,0.064320001,1.679949577,0.080411699,1.560247553,3.062084878,0.528720609,0.196092393,0.290487205,0.243864508,1.095856383,0.584744342,0.48311995,0.479042871,0.47063856,0.583522579,0.201101763,0.812085348,0.237578694,1.608407389,1.788127485,0.09566248,0.429938449,0.448480565,1.339589107,2.707079725,0.374733982,0.410221122,0.315545881,0.289135867,0.001087543,0.864608084,0.086982722,0.633083749,0.01280115,20,10,10,0,0,30,0,10,0,NA,NA,NA,NA,NA,NA,NA,NA,NA,NA,NA,NA,NA,NA,NA,NA,NA,NA,NA,NA,NA,NA,NA,NA,NA,NA,NA,NA,NA,NA,NA,NA,NA,NA,NA,NA,0.89582435,1.461726836,2.62781795,0.51118885,47.20266006,0.493941131,1.924398124,0.949736923,24.49598279,-14.11764706,7.647058824,1.764705882,0,0,-18.23529412,0,1.764705882,5.882352941,NA,NA,NA,NA,NA,NA,NA,NA,NA,NA,NA,NA,NA,NA,NA,NA,NA,NA,0.0310164,1.965700047,0.116416177,1.084433147,3.326047811,1.990969603,0.178324184,0.343359502,0.124058308,1.062035664,0.925453053,0.533900068,0.47421374,0.14968877,0.572777566,0.27435603,0.926933564,0.388764845,1.596721144,1.858315482,0.159285009,0.158411152,0.840560505,2.448768987,3.326589313,0.423118936,0.724545226,0.272819211,0.628393137,0.213863506,0.955401098,0.470473539,0.852599106,0.527473023,0,0,0,0,0,0,0,0,0,NA,NA,NA,NA,NA,NA,NA,NA,NA,NA,NA,NA,NA,NA,NA,NA,NA,NA,NA,NA,NA,NA,NA,NA,NA,NA,NA,NA,NA,NA,NA,NA,NA,NA,NA,NA,0.101473975,0.425592469,2.903632461,0.712390113,0.027609285,0.842951561,0.289313594,0.58627021,0.21746661,0,0,20,10,0,20,0,0,0,NA,NA,NA,NA,NA,NA,NA,NA,NA,NA,NA,NA,NA,NA,NA,NA,NA,NA,0.081568745,1.627477238,0.181420707,1.084833919,3.192638792,2.347974213,0.717863509,0.338393801,0.163756675,1.945278695,1.810987341,0.447648477,0.531651507,0.245601748,0.995580378,0.209487958,1.269893192,0.57263524,1.272816183,1.983160817,0.309347149,0.48735135,1.475356643,2.408156935,3.543888881,0.201371372,0.573142942,0.931015236,0.577673304,0.129304475,1.032341118,0.434024242,0.345241108,0.201964629,0,11.76470588,23.52941176,5.882352941,0,23.52941176,5.882352941,0,5.882352941,NA,NA,NA,NA,NA,NA,NA,NA,NA,NA,NA,NA,NA,NA,NA,NA,NA,NA,NA,NA,NA,NA,NA,NA,NA,NA,NA,NA,NA,NA,NA,NA,NA,NA,NA,NA,1.442441011,1.132606508,0.772870433,0.681399536,2.616833085,1.22980383,1.128342029,3.002313379,1.283258883,0,4.024767802,2.786377709,-0.619195046,10.52631579,18.57585139,9.907120743,36.84210526,4.643962848,NA,NA,NA,NA,NA,NA,NA,NA,NA,NA,NA,NA,NA,NA,NA,NA,NA,NA,0.009001578,0.924925433,0.10160411,0.790983443,1.466543211,1.053960461,0.382081481,0.029353172,3.034075086,0.533928191,0.518111212,0.469071056,0.037544791,0.835402591,1.669329436,1.091398904,0.568272328,0.340889393,0.759180069,0.827320488,0.381395151,0.330742293,0.516958618,0.906213935,2.355441595,0.048429136,0.952507806,0.617263504,0.202689807,0.134078744,1.237493393,0.455715777,1.613320399,0.274188251,0,33.33333333,0,0,0,66.66666667,0,33.33333333,0,NA,NA,NA,NA,NA,NA,NA,NA,NA,NA,NA,NA,NA,NA,NA,NA,NA,NA,NA,NA,NA,NA,NA,NA,NA,NA,NA,NA,NA,NA,NA,NA,NA,NA,NA,NA,NA,NA,NA,NA,NA,NA,NA,NA,NA,NA,NA,NA,NA,NA,NA,NA,NA,NA,NA,NA,NA,NA,NA,NA,NA,NA,NA,NA,NA,NA,NA,NA,NA,NA,NA,NA,0.93803997,2.356621279,0.328169353,1.341393576,4.211972843,1.815313366,0.609307764,0.702920596,0.288029914,1.292719905,2.830162211,1.87788754,0.827350321,0.744164481,1.607134124,0.295118846,1.230283409,0.870149096,1.27367714,2.025479636,0.313397275,0.929719191,1.42162182,2.779272197,4.617571714,0.328223494,0.606636969,0.634341078,0.378029306,0.377677242,1.292513772,0.751361184,0.907426884,0.292604751,4.615384615,11.53846154,13.07692308,3.846153846,5.384615385,53.07692308,23.84615385,26.15384615,5.384615385,NA,NA,NA,NA,NA,NA,NA,NA,NA,NA,NA,NA,NA,NA,NA,NA,NA,NA,NA,NA,NA,NA,NA,NA,NA,NA,NA,NA,NA,NA,NA,NA,NA,NA,NA,NA,0.982219364,1.082988388,1.089642262,1.08855004,0.932710308,1.014955823,0.97445358,1.003551733,0.596333079,0.384615385,2.961538462,1.423076923,-0.846153846,0.115384615,-1.576923077,-3.846153846,3.846153846,-3.384615385,NA,NA,NA,NA,NA,NA,NA,NA,NA,NA,NA,NA,NA,NA,NA,NA,NA,NA,5.716703021,2.94919114,0.497460195,1.193733077,4.634500705,2.393170033,0.777223081,1.612064948,0.883190675,1.636760037,2.791993897,2.292237578,0.970490214,1.325419457,2.054621461,0.618246395,1.329560452,0.958167897,1.577013358,2.169074983,0.374163657,2.283335381,1.807071637,2.829025809,4.800318899,0.677351724,0.878851731,0.843424857,0.495772057,0.741905278,1.966447897,0.873173372,1.505678599,0.254606064,19.54177898,24.12398922,23.98921833,6.064690027,22.77628032,81.67115903,25.20215633,53.9083558,3.773584906,NA,NA,NA,NA,NA,NA,NA,NA,NA,NA,NA,NA,NA,NA,NA,NA,NA,NA,NA,NA,NA,NA,NA,NA,NA,NA,NA,NA,NA,NA,NA,NA,NA,NA,NA,NA,0.91426069,1.032188909,0.965466061,1.118001036,0.903375378,0.99199109,1.331060965,0.951863542,0.839609718,-3.207614387,1.063043201,-1.919392892,1.915359848,-4.571791545,-2.618789952,17.31654691,-2.536784723,-1.27981932,NA,NA,NA,NA,NA,NA,NA,NA,NA,NA,NA,NA,NA,NA,NA,NA,NA,NA,1.146582027,2.162745827,0.217073618,3.561565633,3.383833676,2.336015175,0.650690331,0.420721042,0.476996628,0.359443604,1.02544018,1.603122521,0.629694156,1.378088038,1.428249914,0.609975959,1.257785819,0.752803698,1.900179859,1.926975149,0.201253147,2.283714729,1.823859835,2.787158362,3.376096212,0.651311931,0.4044697,0.493736891,0.454505864,0.600533705,1.785370042,0.458153045,1.657371609,0.141838145,20.68965517,3.017241379,5.603448276,6.896551724,13.36206897,70.68965517,5.603448276,63.79310345,0.862068966,NA,NA,NA,NA,NA,NA,NA,NA,NA,NA,NA,NA,NA,NA,NA,NA,NA,NA,NA,NA,NA,NA,NA,NA,NA,NA,NA,NA,NA,NA,NA,NA,NA,NA,NA,NA,0.91082616,2.107489097,2.024401847,1.519805632,1.189080846,1.028278748,2.026980788,1.014403498,1.407617823,-0.392625469,18.26988733,25.58467054,10.92523045,8.915158757,-1.382724479,31.03021509,-1.911915329,1.118129054,NA,NA,NA,NA,NA,NA,NA,NA,NA,NA,NA,NA,NA,NA,NA,NA,NA,NA,69.27627341,2.501954615,0.451330542,3.868985396,3.571528912,2.587749843,0.944278722,0.589027555,0.702981487,1.816250167,2.063417775,1.784259724,0.95705509,1.747265602,1.769505182,0.771646752,1.623673378,0.929896025,2.309355656,2.080338586,0.353664614,2.743709976,2.141124728,2.993809057,4.002908879,0.913439182,0.659108873,0.738054884,0.564418533,0.833208127,2.131692989,0.645048861,1.97014614,0.209912592,33.29280838,12.82147199,18.89086318,8.276442532,25.80192649,85.35490508,12.78406434,76.41447676,3.114186851,NA,NA,NA,NA,NA,NA,NA,NA,NA,NA,NA,NA,NA,NA,NA,NA,NA,NA,NA,NA,NA,NA,NA,NA,NA,NA,NA,NA,NA,NA,NA,NA,NA,NA,NA,NA,1.02444941,1.821171282,1.728046738,1.532898355,1.246941125,1.044628788,1.825296929,1.043873439,0.99576632,2.191723479,25.2444981,25.97699177,19.82230772,15.35767195,-0.546464185,33.95840646,1.981343768,0.040904319,NA,NA,NA,NA,NA,NA,NA,NA,NA,NA,NA,NA,NA,NA,NA,NA,NA,NA,0.518830685,2.777287883,0.639172263,3.766749206,2.780863617,3.617728532,1.093017911,0.676343471,0.981549748,2.129656927,3.573854039,1.028677851,1.008695055,1.151434763,1.911968821,1.012359367,1.555397081,0.99482436,2.386674194,2.09888425,1.00672635,2.218035606,2.492297425,3.20850959,4.908831782,0.702060856,0.482367748,0.797327843,0.705932329,0.888723402,2.138952239,1.050735885,1.729379536,0.281464974,20,4,12,20,40,92,36,72,4,NA,NA,NA,NA,NA,NA,NA,NA,NA,NA,NA,NA,NA,NA,NA,NA,NA,NA,NA,NA,NA,NA,NA,NA,NA,NA,NA,NA,NA,NA,NA,NA,NA,NA,NA,NA,1.418971098,2.723719851,1.80720994,1.226195378,1.463953634,1.087079623,1.327954529,1.113852537,1.030182932,16.36363636,36.90909091,28.90909091,7.272727273,12.27272727,1.181818182,18.54545455,0.727272727,-1.727272727,NA,NA,NA,NA,NA,NA,NA,NA,NA,NA,NA,NA,NA,NA,NA,NA,NA,NA,0.129677566,2.586564853,2.024977597,3.815492186,2.96521786,3.720056218,0.917997013,1.090102698,1.321933764,2.888652832,3.889834918,1.169462634,1.729399648,1.17407673,1.7121624,1.317976992,1.843670729,1.137098597,2.516503828,2.236294653,1.940305296,1.968086691,2.514399094,3.13093272,4.831028274,0.819529742,1.113918043,1.235050056,1.484495376,0.131286797,2.415881254,1.344989127,1.329556863,0.026931918,0,0,0,100,0,100,100,100,0,NA,NA,NA,NA,NA,NA,NA,NA,NA,NA,NA,NA,NA,NA,NA,NA,NA,NA,NA,NA,NA,NA,NA,NA,NA,NA,NA,NA,NA,NA,NA,NA,NA,NA,NA,NA,0.6391008,0.899525289,0.564847571,0.746562923,6.295815222,0.872074717,1.087002629,0.842460157,5.954741747,0,33.33333333,0,-66.66666667,33.33333333,-33.33333333,-33.33333333,-66.66666667,0,NA,NA,NA,NA,NA,NA,NA,NA,NA,NA,NA,NA,NA,NA,NA,NA,NA,NA,0,NA,NA,NA,NA,NA,NA,NA,NA,NA,NA,NA,NA,NA,NA,NA,NA,NA,NA,NA,NA,NA,NA,NA,NA,NA,NA,NA,NA,NA,NA,NA,NA,NA,NA,NA,NA,NA,NA,NA,NA,NA,NA,NA,NA,NA,NA,NA,NA,NA,NA,NA,NA,NA,NA,NA,NA,NA,NA,NA,NA,NA,NA,NA,NA,NA,NA,NA,NA,NA,NA,NA,NA,NA,NA,NA,NA,NA,NA,NA,NA,NA,NA,NA,NA,NA,NA,NA,NA,NA,NA,NA,NA,NA,NA,NA,NA,NA,NA,NA,NA,NA,NA,NA,NA,NA,NA,NA,NA,NA,NA,NA,NA,NA,NA,0.653850281,1.951423532,0.610554837,2.138538123,2.54990916,1.60978085,0.779249118,0.251258501,0.474692272,2.744409222,4.299716199,0.74853618,0.761565571,0.690457954,1.041790232,0.510614224,1.203507769,0.668221675,1.864233748,1.840918225,0.287031068,1.012241293,1.401233825,2.186543412,4.652643073,0.634199494,0.682823016,0.655170235,0.497203546,0.632751895,1.98403398,1.44617809,1.643130793,0.219187542,17.85714286,17.85714286,10.71428571,7.142857143,17.85714286,89.28571429,53.57142857,71.42857143,3.571428571,NA,NA,NA,NA,NA,NA,NA,NA,NA,NA,NA,NA,NA,NA,NA,NA,NA,NA,NA,NA,NA,NA,NA,NA,NA,NA,NA,NA,NA,NA,NA,NA,NA,NA,NA,NA,0.65036657,0.992813908,1.309885095,1.28505813,0.746930072,0.823273096,0.755976607,0.781756052,0.857411697,-5.09118541,-2.963525836,12.6899696,7.750759878,-9.346504559,-19.07294833,-15.27355623,-26.74772036,-1.443768997,NA,NA,NA,NA,NA,NA,NA,NA,NA,NA,NA,NA,NA,NA,NA,NA,NA,NA,0.016514685,0.997629475,0.129867746,0.603127309,1.077880329,2.869095116,0.523152853,0.003895567,0.047957274,2.394507191,2.215380091,0.340239879,0.120720021,0.025023294,0.644687905,0.259510478,0.805164275,0.610810729,0.484149826,1.800712743,0.28877637,0.008357571,1.439961797,1.616732803,2.361141551,0.12961522,0.167851234,0.557280787,0.415806273,0.700318139,0.181636667,0.067545849,1.156265892,0.059175236,0,0,0,0,0,0,0,50,0,NA,NA,NA,NA,NA,NA,NA,NA,NA,NA,NA,NA,NA,NA,NA,NA,NA,NA,NA,NA,NA,NA,NA,NA,NA,NA,NA,NA,NA,NA,NA,NA,NA,NA,NA,NA,0.000335671,2.025791525,0.461050022,1.215892857,0.187399371,2.518499742,5.641033862,0.710813924,0.001262677,0,0,0,0,0,33.33333333,0,-16.66666667,0,NA,NA,NA,NA,NA,NA,NA,NA,NA,NA,NA,NA,NA,NA,NA,NA,NA,NA,20.59042952,1.988463933,0.310834001,3.420622588,3.37461771,2.320375335,0.788019902,0.387814845,0.368435304,1.880099836,2.835962306,0.824216522,0.752928869,0.637502381,1.238882,0.399927682,1.434206123,0.678301404,2.089924185,2.040136098,0.337608604,0.996614003,1.575677165,2.842086231,4.27202853,0.303955696,0.544504117,0.689103111,0.454777024,0.296766736,1.256712836,0.580580535,0.958345765,0.144013618,5.559416261,8.790826963,16.36553162,5.003474635,5.072967338,46.00416956,13.20361362,29.77762335,1.28561501,NA,NA,NA,NA,NA,NA,NA,NA,NA,NA,NA,NA,NA,NA,NA,NA,NA,NA,NA,NA,NA,NA,NA,NA,NA,NA,NA,NA,NA,NA,NA,NA,NA,NA,NA,NA,1.049312255,1.10362612,1.163554643,1.070298921,1.236512172,1.010005121,1.119444243,1.085648529,1.044572313,0.692587586,3.007826451,5.949312882,2.242437516,3.487468699,1.318690329,4.526428059,4.752674823,0.028908875,NA,NA,NA,NA,NA,NA,NA,NA,NA,NA,NA,NA,NA,NA,NA,NA,NA,NA,0.310295499,0.14541978,0.036342095,0.672075365,0.47404365,0.707134968,0.22068431,0.048228312,0.129223985,0.679279792,0.683194416,0.211509539,0.063595056,0.084401863,0.524535216,0.21709129,0.394127255,0.099470645,0.227359792,1.306479161,0.194484661,0.167571671,0.272165137,0.666876308,1.601314641,0.180193086,0.05040775,0.244362963,0.219171528,0.124891613,0.398664207,0.429058988,2.504762318,0.081067203,0,0,8.333333333,0,0,8.333333333,16.66666667,58.33333333,0,NA,NA,NA,NA,NA,NA,NA,NA,NA,NA,NA,NA,NA,NA,NA,NA,NA,NA,NA,NA,NA,NA,NA,NA,NA,NA,NA,NA,NA,NA,NA,NA,NA,NA,NA,NA,0.612322361,0.696008835,0.928014926,0.702537322,1.135136935,0.735156152,0.771913872,0.813601523,1.714253937,4.761904762,0,-8.333333333,0,0,-3.571428571,-11.9047619,-5.952380952,0,NA,NA,NA,NA,NA,NA,NA,NA,NA,NA,NA,NA,NA,NA,NA,NA,NA,NA,100,2.399355175,0.42271487,3.558502399,3.567692023,2.506503903,0.893199128,0.607853688,0.638679103,1.814520514,2.291925898,1.595656003,0.904070988,1.454622302,1.661740603,0.679287004,1.54844464,0.870601543,2.189824965,2.070870797,0.358956585,2.302131674,1.980138603,2.928689021,4.1085617,0.772752492,0.644493538,0.729264999,0.536935126,0.716043934,1.93849729,0.649020222,1.733642186,0.199998577,26.71108419,12.53112592,18.37270341,7.497139781,21.29349216,76.89615721,13.93095094,65.42835992,2.799650044,NA,NA,NA,NA,NA,NA,NA,NA,NA,NA,NA,NA,NA,NA,NA,NA,NA,NA,NA,NA,NA,NA,NA,NA,NA,NA,NA,NA,NA,NA,NA,NA,NA,NA,NA,NA,0.989561096,1.605795101,1.548392028,1.402475714,1.189556834,1.019195269,1.619528125,1.021391009,0.981706492,0.446648704,18.30261509,19.38674868,14.2653873,10.42780213,-1.593899891,25.64553938,0.613991051,-0.109035745,NA,NA,NA,NA,NA,NA,NA,NA,NA,NA,NA,NA,NA,NA,NA,NA,NA,NAUPN23,0.007191812,0.0259307,0.003918867,0.082517247,2.330045391,0.500747378,0.01295637,0.023829372,0.067851248,0.067776296,0.027733076,0.084452599,0.031832267,0.059033286,0.00766191,0.076046341,0.008028301,0.028002,0.02085993,0.26402364,0.116339378,0.031396282,3.691802416,0.082525915,2.450309874,0.223409098,0.00048746,0.000749066,0.000364913,0.156848148,0.626500688,0.018447971,1.025719332,0.525621822,0,0,0,0,0,25,0,25,25,0.868354127,547.3822426,0.484567276,4.838069059,0.699372142,2.033091925,15.5822357,1.020910302,0.854246293,0,0,0,0,0,0,0,0,-25,2.328049066,86.01942295,0.642373656,1.342332435,0.011875347,0.801746297,0.081459424,1.448347631,0.743950502,0,0,0,0,0,8.333333333,0,41.66666667,-25,0.418159653,189.3257087,0.746880765,152.6175808,2.003659992,3.951559156,2.558950876,1.346800054,0.943304504,0,0,0,0,14.28571429,46.42857143,0,32.14285714,-25,0.280021175,1.852460142,0.986208606,2.505357329,1.562865588,3.372227193,31.92167346,0.67083653,1.109947925,0,0,0,0,0,41.66666667,0,-25,-25,0.270027179,0.164050491,0.055487457,0.537183749,1.556164171,4.237134892,0.02528649,0.511865681,0.22494748,0.579835299,0.054597515,0.347576757,0.072414662,0.047576473,0.021196242,0.197025966,0.016717193,0.059802247,0.016930076,0.052188645,1.953409173,0.017232817,2.192046867,0.345467571,0.494242008,0.057216552,0.040058164,0.013074571,0.02249468,0.075727312,0.316984973,0.013705251,0.197960265,0.417640043,0.699300699,0,0.699300699,0,0.699300699,7.692307692,0,1.398601399,10.48951049,0.330768546,1.086899528,0.09410669,0.237345911,0.933978234,1.421811417,2.371677716,1.741365062,1.350917982,-0.699300699,0,-0.699300699,0,-0.699300699,6.128830519,0.81300813,7.544488032,4.957643982,0.704347116,0.453554122,0.697165779,1.228047348,0.780957151,0.944865545,1.6346876,1.849841079,1.527377934,0.23527874,0,-0.699300699,0,-0.699300699,0.718907261,0,5.143454676,4.463760539,0.786526389,6.342003533,31.49142601,2.638283998,2.88190269,1.120183952,1.850995828,2.655852131,1.312848231,-0.699300699,6.25,9.717365967,1.041666667,4.509032634,1.682692308,0,16.30973193,4.093822844,1.29597033,19.9894852,55.07968184,1.065182545,3.642808565,2.534945257,3.701699647,3.099349038,1.579520659,1.83234487,26.58227848,18.28804107,0,3.098167655,16.35832522,0,18.85456316,8.497831283,0.005520696,0.125824978,0.120347947,0.560370285,1.634953354,3.777108269,1.099693772,0.498502296,0.237718106,1.563400374,0.100566425,0.322607921,0.09987176,0.093423203,0.059704885,0.216025966,0.055058808,0.031605453,0.110513259,0.209145384,2.064644291,0.03732187,2.036472259,0.332977248,1.082388897,9.87E-05,0.000297184,0.000605629,0.000259498,8.78E-05,0.002314936,0.0001743,0.079418256,0.192424189,0,0,0,0,0,0,0,0,0,4.018390114,2.687194758,0.303529038,655.980715,0.331900718,106.4212806,11.04696055,2.503661158,1.43299268,0,0,0,0,0,0,0,0,0,4146.115382,108.9379295,3.230881436,9.501542605,2419.777201,907.4934741,576.5097711,4.515486558,12.31420933,0,0,0,0,0,50,0,0,50,0.500960029,113.5317671,0.602952723,6.972090125,7.070504575,1.481657754,4.105718473,21.6233233,2.174824981,0,0,0,0,0,0,0,100,0,7.562159741,3945.607219,2385.53551,7.092435599,11449.23789,94.41844447,0.028810662,7.006176163,4.186549912,0,50,50,0,25,0,0,25,25,0.024598496,0.134152818,0.060377748,0.619035622,0.500767824,4.310862084,0.062617892,0.654230403,1.825937082,1.047032611,0.100578311,0.406131523,0.060697847,0.04345551,0.038734092,0.307177012,0.01849078,0.060974321,0.019478203,0.080530826,1.723010405,0.022965047,2.173267478,0.347645992,0.443756648,0.018430373,0.027731838,0.003773434,0.026807029,0.040594088,0.176637812,0.001203734,0.156893918,0.668581531,0,0,0,0,0,4.026845638,0,1.342281879,19.46308725,0.822872439,1.854119737,1.084877068,0.669203689,1.274503252,2.11453606,33.05875989,2.71255804,1.138937118,0,0.826446281,0,0,0.826446281,5.890509734,0,8.575073493,1.198069776,1.591588462,1.203391639,1.121373348,0.830622121,0.729410803,1.336471642,21.88824104,2.34181568,0.98348217,0,0,0,0,0,2.11350524,0.877192982,7.429647945,-1.919227599,1.82095267,9.928787889,120.7850124,1.157060314,3.305480615,1.679082298,10.99208088,3.540272636,1.27157656,0,6,12,0,3.333333333,1.306487696,0,14.65771812,4.536912752,1.068198191,40.4189356,250.0289291,3.3497244,7.937031462,3.748373214,38.53412438,4.76555219,1.518423147,0,35.64356436,30.1980198,1.237623762,8.168316832,16.02265931,0.247524752,22.42009436,12.22008107,9.286400016,0.12647652,0.066098747,0.769662424,0.155210912,4.664039072,0.045523144,0.457961696,0.276987361,0.770903486,0.059083055,2.117352679,0.04065321,0.05746036,0.024561473,0.463873782,0.019537961,0.074000183,0.017148535,0.033134165,1.732534501,0.024378969,2.678774497,0.201786578,0.483871964,0.085743697,0.047194519,0.011080232,0.032205481,0.081495469,0.475868359,0.033561193,0.911057489,1.637792722,0.566572238,0.236071766,0.047214353,0.141643059,0.566572238,11.14258735,0.283286119,27.85646837,63.07837583,0.516989982,1.282270906,0.524289227,0.564152621,0.538690403,0.997911571,0.605117884,1.11224585,0.763819391,-0.393398434,0.251963499,-0.047214353,-0.031441548,-0.361912288,1.137009631,-0.220313827,6.36897244,-17.73832545,0.540690501,0.749312158,0.530332256,0.65667481,0.544264056,0.963585545,0.64762495,1.137556843,0.76658156,-0.425279409,-0.006470918,-0.029552749,0.017311374,-0.301648183,0.337455041,-0.124331686,7.802309451,-18.02362485,1.095809037,15.4347245,98.67415809,1.772422479,2.643445005,1.202982133,0.96377061,1.695722882,0.912617526,0.090202269,21.34018705,37.12135777,0.077281776,3.447049752,3.525376652,-0.113011247,29.30723876,-5.087619319,0.580628705,31.78235927,132.2700123,2.554682794,4.825437339,1.794085119,1.615461033,1.589057564,0.830248395,-0.402584045,51.3546137,52.90457312,0.366720338,8.797153574,15.04632705,0.159482002,25.37409903,-12.58641125,27.64466473,0.290731877,0.119771655,1.215418269,0.220176251,4.757831487,0.075699798,1.68603092,1.316404077,1.190167834,0.080019504,2.446845651,0.081429117,0.107832975,0.032640765,0.825622994,0.032382971,0.146455143,0.024945148,0.038295703,2.182417142,0.049791465,2.794772756,0.335404509,0.578502115,0.144119998,0.083917502,0.01347499,0.050584653,0.104643529,0.54517625,0.033506531,1.361806088,2.057008354,1.141862489,0.5256745,0.055700609,0.299390775,0.654482158,13.41340296,0.27154047,49.98781549,80.4386423,0.712178662,1.598558733,0.816951029,0.731548263,0.82725595,1.116226118,1.041492058,1.041059009,0.823289758,-0.457379423,0.569498407,0.009771684,-0.067261735,-0.190224079,2.877294023,-0.03941143,2.872133321,-12.56768224,0.743175781,0.897942173,0.692366445,0.721763612,0.831014736,1.043175993,1.016281871,1.064363083,0.849193313,-0.27734402,0.121202956,-0.013381523,-0.093840929,-0.176881046,1.355958023,-0.041808289,4.494984823,-10.62424172,1.303976617,11.65205453,101.4965732,2.348986565,2.981776661,1.096476662,1.402082295,1.460338399,0.898894562,1.218568461,31.08059386,48.48494582,0.513537727,5.040914512,1.836352183,0.032083428,23.34225307,-5.859798027,0.642436503,21.63975814,127.4344089,3.179027937,5.095779849,1.839535808,2.44201985,1.384172972,0.870225064,-0.430633161,64.1672826,64.15732125,1.111503177,12.07825752,19.36096966,0.185265359,20.16368214,-7.65617439,20.34869504,0.363017353,0.063106252,2.728222389,0.171782318,5.043286273,0.072708763,1.339020529,1.01959255,0.525581334,0.053359677,2.440878539,0.067784083,0.101985722,0.027913944,0.554595516,0.047497295,0.142085317,0.022827318,0.036884233,2.548838812,0.043619624,2.912648034,0.360692289,0.399684508,0.132613412,0.085878882,0.015936967,0.048263779,0.119043334,0.380160816,0.025079225,1.336581906,1.939858722,0.869854286,0.459859272,0.10526899,0.271483185,0.747963876,7.740041,0.199457034,49.85871793,79.16782093,0.727202084,1.231877955,0.75754365,0.781354462,0.842538929,1.14757268,1.042734019,1.051512987,0.782295171,-0.321453787,0.379359673,-0.038796202,-0.022210231,-0.058308704,2.239186254,0.008270428,3.302894031,-19.52511217,0.746537631,0.818540161,0.661769559,0.770323261,0.840567412,1.125945882,1.091209756,1.059570201,0.800861224,-0.154468974,0.128748896,-0.059991439,-0.072261959,-0.132189177,2.175742755,0.063152764,3.034517599,-17.74429472,1.139262732,11.14508125,79.56344761,2.462544349,2.402548935,1.129243766,1.505862166,1.436155963,0.864349258,0.445250849,30.50083617,44.1402173,0.508663929,3.999788557,1.383965242,0.060592004,24.68619625,-11.53278118,0.668338373,18.83069951,102.7682321,2.827288298,3.820749442,1.696203857,2.282533907,1.432093965,0.836113393,-0.251834926,58.11050558,61.33181217,0.718836994,9.140345878,10.01126205,0.262195982,24.1100088,-14.05240768,22.72649772,0.587528151,0.178055092,2.726092303,0.245835556,4.958715181,0.11756633,1.830037794,1.513959087,1.845334406,0.122817167,2.688781454,0.124549219,0.171648113,0.049934323,0.909805039,0.067668894,0.216298846,0.036396524,0.060503148,2.655162844,0.072722178,2.959144409,0.487671388,0.667218607,0.213897438,0.113769556,0.020408704,0.063198874,0.141439475,0.568458508,0.037171136,1.665150904,2.153368711,2.020999259,0.669680228,0.11719404,0.428117003,0.904068307,14.14460309,0.296572672,63.93771974,85.82191289,0.829886883,1.751596011,0.908974294,0.955580773,1.056209593,1.137414594,1.171621769,1.026718829,0.86559305,-0.365946994,1.264117682,-0.012664423,-0.053552543,-0.050409771,3.216024083,0.043148582,2.516984094,-9.942121953,0.917694177,1.09148529,1.005221944,0.943505943,1.036910752,1.09318685,1.136214857,1.062152696,0.903641681,-0.128148152,0.496451258,-0.015791302,-0.098558105,0.008556333,2.37559295,-0.000814687,4.923189506,-7.758705187,1.175132481,9.507953674,68.73895686,2.683963333,2.482487438,1.0453807,1.487588144,1.299648335,0.891571465,1.063126782,36.16147316,51.34683688,0.820396671,4.996645129,0.488274432,0.045282262,16.42791641,-7.425658435,0.706949625,14.72323085,84.25806168,3.186293973,3.899076136,1.369966476,2.161372313,1.285944206,0.862083969,-0.775419059,61.21556567,65.07888439,1.179083254,11.47940967,9.240160647,0.394523438,16.11692507,-9.520080685,0.443058969,1.099204133,0.200123566,2.886466274,0.060379095,5.104837631,0.088950796,1.288211277,0.838557123,1.693186629,0.461634136,0.521980013,0.097221641,0.068088893,0.059954613,0.5639376,0.073229788,0.088833784,0.046726125,0.101175899,2.195902054,0.033610447,2.84343346,0.474816166,0.991173672,0.092215654,0.074788013,0.009782381,0.044865396,0.091983736,0.349765066,0.032445446,0.520836459,1.274686804,0.827586207,0.551724138,0,0.137931034,0.689655172,8.413793103,0.551724138,14.06896552,48.55172414,0.772252684,1.114001868,1.522393083,0.850840454,1.100078289,1.411882163,1.811128481,1.513871636,0.94638711,-0.827586207,0.117172183,0.334448161,-0.137931034,-0.689655172,2.622996194,0.117172183,11.01464652,-2.732326145,0.697021615,1.490810245,1.572558532,1.194281995,1.12849161,1.135832363,1.643252233,1.463314978,0.9020472,-0.477935857,1.19652761,0.34965035,0.211719315,-0.340004823,1.726067036,0.147576561,7.609356161,-8.691584278,1.037871619,7.982252699,95.48739462,2.342102102,2.849053229,1.263761078,1.933945536,1.54407985,0.903135493,-0.128285508,15.8818423,31.11888112,0.911020014,2.806848324,3.823969134,-0.202073788,10.75620931,-6.94333253,1.134878194,10.85463884,101.4704751,3.350592929,4.427458662,1.626160448,2.311580726,1.471709293,0.978758615,0.259370315,26.98450775,34.05797101,1.311344328,7.643678161,7.165917041,-0.189405297,12.74262869,-3.986506747,0.081145155,0.839704426,2.063488053,2.264648749,0.130049008,4.988784638,0.151875523,1.65029669,1.010997299,2.649216767,0.429319058,0.59552917,0.197459641,0.114798015,0.14913254,1.220334311,0.06082938,0.142095746,0.035929956,0.268373388,1.674597527,0.069041103,3.122728455,0.49107869,1.98493799,0.186514495,0.096037863,0.011964728,0.065155266,0.130958019,0.835869003,0.079503496,0.958673602,1.970781865,3.271028037,1.401869159,0,0,0,24.76635514,0.46728972,29.43925234,78.5046729,0.452567403,1.070857297,0.015615777,1.215255876,1.159370047,1.009324633,0.564504198,1.126467951,0.873507318,-3.271028037,-1.401869159,0,0,1.470588235,3.17482133,-0.46728972,11.73721825,-9.387025838,0.66683688,1.386054025,2.292934222,0.900847117,0.998908892,0.948982965,1.001209867,1.140379072,0.881020388,-1.755876522,0.113282356,0,0,1.515151515,4.021523648,-0.46728972,6.924384027,-8.8077032,1.259096086,5.049755221,72.51200033,2.408756749,1.799312007,0.789161935,0.64791703,1.128694535,0.82173519,5.062305296,10.26479751,28.33333333,1.666666667,1.666666667,-6.433021807,-0.46728972,10.56074766,-15.17133956,0.447757712,6.161044515,65.17995801,0.893881536,2.801940831,0.794120092,0.940989722,1.016643209,0.806747007,-3.271028037,16.77994902,22.72727273,0,6.818181818,-6.584536958,-0.46728972,4.651656754,-17.14103653,0.00161891,0.842830366,1.534768741,1.757173062,0.082452677,5.14389074,0.018169657,0.92232639,0.421188399,5.611270298,5.453306345,1.177794322,0.106082683,0.041200148,0.561163492,0.533214141,0.009172164,0.037313926,0.161578924,0.891526564,1.344589318,0.81107816,3.387442678,0.20502203,2.425375538,0.002985966,0.000634161,0.001057375,0.003799228,4.21523409,1.026414253,0.001445702,0.018239846,0.000636993,0,0,0,0,100,0,0,0,0,0.173396466,705.7119979,0.157692619,19.66054564,0.0027799,0.066832388,0.630181141,170.4964862,1467.965101,0,16.66666667,0,0,-100,0,0,50,33.33333333,0.634912036,0.449802718,1.490576448,151.9356398,0.431927743,1.069989723,86.72797374,91.66821719,1015.326979,0,0,0,0,-50,50,0,50,0,0.21731492,891.9440729,876.9170811,9.020787638,0.102907018,0.329288894,202.4733177,207.5888788,3855.001892,0,0,50,0,-100,0,0,100,100,NA,NA,NA,NA,NA,NA,NA,NA,NA,NA,NA,NA,NA,NA,NA,NA,NA,NA,0.308432324,1.921858552,2.153486528,0.261888135,0.056951703,0.849819558,0.044261583,0.033163637,0.097458082,4.783888817,1.72543045,0.026244515,0.706206179,0.068343587,0.292155187,0.066310365,0.02183409,0.05777243,0.086180813,1.994090855,0.065077335,1.756641502,0.209972634,0.147996336,3.953288929,0.100623764,0.069665575,0.020385318,0.041601559,0.110930438,1.751617425,0.133792933,0.332177477,0.431839676,0.609756098,1.219512195,0,0.304878049,0.914634146,65.54878049,0.609756098,4.268292683,9.451219512,0.455521082,0.811933862,0.415036502,0.76155646,0.948896309,0.952415373,0.911461627,1.160909291,1.021693498,-0.138057984,-0.276115969,0,-0.304878049,0.500460193,-3.284629544,-0.609756098,2.807179015,-0.960653474,0.572098717,0.687823929,0.693316532,0.431014017,1.09010431,0.959753922,0.873042957,1.082201939,0.911429418,-0.609756098,-0.302081002,0,-0.304878049,0.461512643,-2.246028194,0.766390691,1.695010069,0.181808011,0.652715059,17.8109832,125.0861502,3.501061557,18.73504789,1.202021682,2.180722243,2.425065284,1.79716391,-0.021520803,37.60401722,78.82352941,2.048063128,72.02654232,15.03945481,2.919655667,21.61406026,12.31348637,0.694733494,2.907433266,25.3667394,1.495302518,5.326495953,0.846444247,1.015876814,1.361941978,1.190224114,-0.142466378,3.453385001,15.88785047,0.162411671,14.03863688,-12.27775245,-0.142466378,5.544791429,1.763733759,6.689858065,0.167344974,0.1063925,0.476786175,0.05235192,4.424913247,0.043367443,0.471312933,0.249524725,0.655857402,0.079682075,0.361301501,0.042703968,0.035764858,0.025620061,0.202339658,0.014731212,0.047240377,0.017778544,0.248008943,1.393332412,0.015520932,2.558243406,0.242304861,0.542635048,0.020069524,0.034528997,0.00909632,0.02701672,0.113350952,0.267512029,0.02031381,0.248668366,0.788728969,0.143884892,0.239808153,0.047961631,0.191846523,1.199040767,5.227817746,0.191846523,3.884892086,26.57074341,0.980900599,1.156644669,0.558278551,0.664506806,0.36972348,1.327373879,1.026155582,1.511683065,0.843087373,-0.009446174,0.073882189,-0.047961631,-0.057407804,-0.930163331,3.219415057,0.144250273,4.763998794,-8.152638991,1.104814713,0.829415201,0.602330182,0.677554039,0.391153024,1.154279573,0.91379508,1.552559842,0.896029674,0.008399372,0.140902506,0.028180501,-0.014181548,-1.046756503,1.853400528,0.011199162,5.099879487,-5.58089569,2.146453411,12.11519092,70.34344233,1.733561449,1.9464595,1.458509852,1.757972459,2.318118062,1.088758662,0.210864812,10.75743268,19.26618894,0.202319815,2.309039643,4.547507441,0.162903182,12.15767788,1.13915017,1.372595408,27.39118942,96.79320631,2.0038819,3.081318024,2.553810137,2.293093664,2.180229002,1.045438806,0.088335717,29.48442987,28.0797597,0.185511968,6.696459958,15.817175,0.24356712,11.18041996,-0.562035132,11.7392398,0.146573961,0.060056104,2.311444672,0.106361011,4.804291101,0.057564603,0.595949581,0.386215805,0.816066933,0.082079415,0.64274324,0.048851029,0.041423441,0.02700436,0.216125343,0.030677001,0.068817669,0.018923588,0.044918679,2.067446488,0.019354238,2.599794822,0.30285721,0.475223571,0.033939798,0.045759696,0.008297631,0.031619124,0.073688459,0.25879476,0.023263893,0.346365036,0.889831782,0.14011209,0.320256205,0.100080064,0.240192154,0.340272218,5.244195356,0.14011209,7.045636509,28.26261009,0.968589934,1.040185996,0.802286743,0.68848993,0.751002938,1.216090534,0.955771857,1.658946572,0.909582338,-0.004426879,0.071723291,-0.024699392,-0.089430809,0.02155501,1.615445832,0.086029928,7.909888894,-4.743840301,0.994387705,0.708302966,0.847063931,0.711416108,0.774005968,1.118053555,0.951708388,1.671089753,0.925523678,-0.048921136,-0.101397916,-0.063603683,-0.039572055,0.024491598,1.230362368,0.0787462,8.493302028,-3.878149027,1.559621563,8.701850433,77.34035339,1.871195313,2.631122313,1.14836444,1.116598692,1.990029731,0.965480968,0.307760515,8.786486766,18.71056935,0.133035017,2.446490659,1.150430172,0.03406059,13.97949412,-1.713717329,1.12699154,19.00510079,108.4283068,2.308373828,4.032431904,1.786118112,1.67380383,2.174335595,1.008390595,0.047633259,28.91681497,29.83676923,0.169434062,5.223817217,7.215268716,0.252446367,16.64441299,-0.442162913,0.412154888,0.08610925,0.02231217,0.425209044,0.032464592,1.127063601,0.06629059,0.329438758,0.191808143,0.661277656,0.104182562,0.193903144,0.01549926,0.043578273,0.037890764,0.439644743,0.058859919,0.033666695,0.015455947,0.358909786,0.363885169,0.033872807,0.921642101,0.220609093,0.296460032,0.028554764,0.048707296,0.010649591,0.038150758,0.072541456,0.287032674,0.005204285,0.158030754,0.693207827,0.621118012,0.621118012,0.621118012,0,0.621118012,6.211180124,0,2.48447205,21.11801242,1.33647684,0.929436563,0.076143,0.401364669,0.348953574,0.995161411,1.833976394,1.381722255,0.617348625,-0.246586177,0.127945658,-0.621118012,0.374531835,-0.246586177,-0.967734431,0,3.882569149,-8.00939819,0.315476363,0.335513553,1.222581896,0.549239959,0.187747617,0.631116473,1.536601171,0.971260062,0.422887291,-0.621118012,-0.174689441,-0.174689441,0,-0.621118012,-1.300465839,0,-0.698757764,-12.63586957,2.42602153,6.336051863,46.42285728,0.817950856,1.356550738,0.911013376,5.306460402,2.423456823,0.739689794,0.459963069,8.027530636,13.43293604,0.540540541,2.08158469,0.275306362,0,6.164176599,-3.280174585,0.714765618,15.37674697,68.60707204,0.467462359,1.619960808,1.632202128,3.651397815,2.413682286,0.588303144,-0.621118012,21.05188579,22.95302647,0,2.420707083,5.195663982,0,8.161915783,-8.190255768,100,0.344649137,0.118709765,1.880569327,0.187477504,4.812297897,0.076829571,1.332784015,1.036023781,1.098450873,0.090447326,2.128679506,0.080725592,0.105017509,0.034917741,0.651858199,0.040895422,0.138702522,0.025469811,0.062644696,2.235095902,0.051972683,2.792981133,0.348387891,0.550532141,0.161053272,0.092804302,0.016406162,0.053475705,0.120673929,0.50525274,0.033038251,1.385107713,1.964093825,1.375381771,0.555577881,0.093433532,0.336561646,0.769570809,12.18855489,0.263221347,51.55722553,77.5870037,0.586619322,1.23804807,0.677123459,0.680016485,0.745238414,1.019676149,0.941082459,0.893463263,0.737317248,-0.697663254,0.439768112,-0.030587454,-0.105559846,-0.236228416,1.012518584,-0.025425376,-6.335226002,-21.8085616,0.645948086,0.78508475,0.68118143,0.697113625,0.760881179,0.981252107,0.947003868,0.931192919,0.772424953,-0.532669968,0.090861301,-0.035812212,-0.115079698,-0.225769602,0.408906166,-0.016530071,-4.093463935,-19.0113307,1.057115878,9.794847916,76.00827405,2.214300267,2.484132045,1.046987726,1.34715645,1.30786047,0.852985849,0.554642142,28.7170168,43.76966706,0.482596131,4.510011302,0.763635462,0.03187897,15.65441567,-10.90620387,0.556252769,16.64810362,93.06293062,2.604034469,3.873458599,1.55160632,2.015849744,1.216667256,0.793865709,-0.713849221,54.50364265,56.31056907,0.757639921,9.828314292,11.71849644,0.229586992,10.980988,-16.13296852UPN24,0.098868918,0.195959099,0.019769348,0.209667474,2.359282194,0.382433129,0.033804255,0.014965194,0.027817078,0.160538297,0.062404159,0.18429707,0.026569065,0.077187203,0.031185698,0.118381589,0.019200364,0.045842345,0.508234597,0.10547569,0.324108094,0.348453616,3.586344903,0.304948137,2.548606465,0.369999327,0.035144394,0.002826708,0.057731506,0.091162499,1.465534806,0.080639386,0.597004175,0.96375922,6.451612903,0,0,1.612903226,0,46.77419355,0,17.74193548,30.64516129,0.697574785,0.092974783,3.322906285,0.58032347,1.782844777,1.048429546,0.991308457,1.26961489,1.098268131,-4.889112903,0,0,-1.612903226,1.5625,4.788306452,0,1.008064516,2.16733871,0.698760705,0.205714169,0.620483008,0.240293856,0.912291555,0.908429703,0.950145064,0.804288777,0.702902044,-3.374689826,0,0,-1.612903226,0,-2.158808933,1.538461538,-5.434243176,-12.18362283,1.358560766,9.095202295,174.1440673,1.364057946,3.802443052,1.896709173,3.212958732,3.135148146,0.819234444,3.137428193,8.219178082,10.95890411,-1.612903226,8.219178082,36.78745029,1.369863014,53.49094123,-4.61776403,0.853092836,14.87937523,219.1263514,1.745568406,4.145417131,1.821167831,1.979263976,1.577504875,0.629844353,-0.201612903,14.58333333,16.66666667,-1.612903226,12.5,38.64247312,2.083333333,5.174731183,-13.97849462,0.173475191,0.634611979,0.02073965,0.460288459,1.639105213,2.253647419,0.019093349,0.021686512,0.055099798,0.256674481,0.151900218,0.340322208,0.051292002,0.108286903,0.030598463,0.231140976,0.035108779,0.057229002,2.244565398,0.108935503,0.835097933,1.289189516,3.894257697,0.563808732,3.995750069,0.337930581,0.045567325,0.025443153,0.031140723,0.217980459,1.685936658,0.164603163,0.744001197,1.528660276,2.380952381,0,0,0,3.968253968,53.96825397,2.380952381,19.04761905,61.11111111,0.950205091,2.428246886,0.487200674,1.275131778,0.829456512,0.84118491,0.791594828,0.918307054,0.923912016,2.747252747,0.854700855,0,0,-1.404151404,-5.25030525,-1.526251526,-2.808302808,-6.41025641,0.999567387,1.64546575,0.047623421,0.951415725,0.900646904,0.941511632,0.939298861,1.121218637,0.878504851,0.273914876,0.884955752,0,0.884955752,-2.198342464,0.014046917,-0.611040877,5.731142014,-3.588987217,2.015273302,32.74227215,68.54511073,3.016831552,3.200229987,1.317331,2.171413671,1.902605951,1.096817166,15.3968254,46.66666667,61.11111111,0,16.03174603,24.92063492,3.174603175,33.17460317,4.444444444,0.951776166,36.76913785,67.55373299,2.691517381,3.215369952,1.219592698,2.026521397,1.505645933,0.992759453,0.649350649,50,56.06060606,1.515151515,17.24386724,9.668109668,2.164502165,21.86147186,-2.02020202,0.001935002,0.750322314,0.016352763,0.565029986,1.279235735,3.799851333,1.085645745,0.017374064,0.02489408,0.870200994,0.240229373,0.421788487,0.031085772,0.047805172,0.258802616,0.429643117,0.205008853,0.026699623,2.536077208,0.441494131,0.987425189,1.53919506,4.182395134,0.983064486,4.092847484,0.055415778,0.000737943,7.34E-05,0.015979075,1.085864805,0.781945716,0.001442004,0.569730085,1.549014984,0,0,0,0,50,50,0,0,100,NA,NA,NA,NA,NA,NA,NA,NA,NA,NA,NA,NA,NA,NA,NA,NA,NA,NA,22.52447604,1.486275121,8.791067123,0.233331265,0.899400672,3.424619583,1.383892224,2.284721052,1.083841474,0,0,0,0,-50,50,0,0,0,16.46722667,4908.14406,34121.50672,17.21183541,0.587496097,2.629185844,58.25357698,2.457349554,1.227810789,0,100,100,0,-50,0,0,50,0,8.861069312,3183.66883,32967.68962,15.45946396,1.510825507,2.091383434,35.96621678,2.52145255,0.907129809,33.33333333,66.66666667,100,0,16.66666667,16.66666667,0,66.66666667,-66.66666667,0.00106517,0.692279386,0.039521464,0.557124486,0.176734995,2.182505464,0.013879405,0.011992468,3.13050348,0.38668428,0.114182317,0.261638854,0.040696632,0.068744609,0.041181864,0.116989553,0.124194413,0.031239133,2.212634101,0.29363695,0.746220261,1.655777215,3.494166254,0.324537057,4.432809017,0.106103062,0.121597945,0.000543425,0.037017979,0.088580035,1.137681301,0.065087156,0.826143486,1.861767258,0,0,0,0,0,33.33333333,0,16.66666667,83.33333333,0.514489519,0.172151847,0.502441096,3.717209973,3.54160932,0.317194707,0.589636799,0.720723598,0.709251295,0,0,0,0,11.11111111,-33.33333333,0,5.555555556,-27.77777778,2.5266713,0.947684712,0.310559855,2.398710861,0.854563293,1.442471586,0.372980007,1.026035223,0.886221809,0,0,0,0,0,33.33333333,0,5.555555556,-27.77777778,4.282619863,13.4765508,3514.367797,0.839406225,5.481471174,1.331692834,3.370813183,1.468656082,0.979118165,14.28571429,57.14285714,57.14285714,0,14.28571429,23.80952381,0,26.19047619,2.380952381,0.984883115,15.53843477,3973.874279,3.068777093,6.569661283,0.753242607,1.816931218,1.332474315,0.835372175,0,54.54545455,63.63636364,0,0,3.03030303,0,19.6969697,-19.6969697,4.919166475,1.127374945,0.038848757,1.012876552,0.189695172,1.583245842,0.045062918,0.041900455,0.085565748,0.275228596,0.223533059,2.02281689,0.084583406,0.166209334,0.038927258,0.480263178,0.043412743,0.108585586,1.95320957,0.05443702,1.762251175,2.59107904,3.617712064,0.838391063,4.879110101,0.400101556,0.049617738,0.024883638,0.032257518,0.186898332,1.765516103,0.180394679,1.134610149,2.243645255,6.409903714,0.412654746,0.30261348,0.192572215,1.072902338,62.58596974,1.375515818,39.50481431,88.17056396,0.984802974,2.420686239,0.853106082,0.995948167,1.009503832,1.021957471,0.918742286,1.032302367,0.969917223,0.033938502,0.490687621,-0.242390656,0.078430495,0.312222624,1.611561126,-0.020502268,1.958600329,-2.383150532,1.018991846,1.38787807,0.884412845,1.101069652,1.025977074,1.011811905,0.936655762,1.034420199,0.933590236,0.582366139,0.114400771,-0.126928308,0.088524061,0.227167936,0.063362658,0.135376662,2.308256671,-4.40387387,2.568245292,36.50009532,94.22050605,3.839783846,2.649136209,1.385401708,3.105692908,1.711095319,1.046896722,27.54614024,61.54966865,84.12438809,0.623754316,8.393345699,21.46426574,7.666870367,32.58309778,2.755652679,0.965724815,52.18792853,109.9174096,4.415193017,3.683541073,1.209702218,2.827820362,1.634362276,1.019211085,-0.344814956,79.08438667,89.63821492,0.872516543,16.67857695,16.3785273,6.523892466,29.43009694,0.586832488,0.17113988,2.148593112,0.098792375,1.041241605,0.35469099,2.1656422,0.126391133,0.453571471,0.734342949,0.439366655,0.300586081,2.133251608,0.157803455,0.23816302,0.080711641,0.600775347,0.091259019,0.233570743,2.327222579,0.108951326,1.799099079,2.966779688,3.759736569,1.054846927,5.184036372,0.533475193,0.115073547,0.040278439,0.027949062,0.265283288,1.600532582,0.149910461,1.283509227,2.428713928,11.76470588,2.352941176,0,0,0.588235294,58.23529412,1.764705882,45.29411765,90.58823529,1.15552353,1.596060263,1.103815629,2.299415949,0.982260072,1.157754746,2.126295974,1.044847312,0.973640028,2.869440459,-0.523672884,0,0,0.631276901,5.789096126,3.113342898,4.096126255,-0.954088953,1.007236525,1.304415239,1.846194822,1.696291233,1.181899228,1.158987676,1.439266748,1.117011166,0.923672731,-3.034547152,0.821661998,1.587301587,0.793650794,1.792717087,10.01867414,-0.177404295,5.499533147,-1.699346405,2.297105645,16.21283392,61.52080067,6.408896991,2.306720879,1.570294674,4.551145415,1.623946807,1.044714458,32.39113827,63.88082506,87.44588745,2.597402597,11.10007639,27.91189203,9.490705373,33.92666157,7.247262541,0.744503878,20.22257163,64.49858592,6.403364378,2.730384075,1.276373431,3.533275124,1.299262768,1.042199474,-9.803921569,73.1372549,87.25490196,1.960784314,20.98039216,15.29411765,7.058823529,16.47058824,0.588235294,10.95832594,2.108055069,0.072116896,2.799023488,0.131471436,2.609078022,0.045278279,0.184065723,0.21945359,0.206865561,0.240456158,1.844055034,0.111212391,0.201738519,0.052594472,0.516080858,0.080883648,0.106417285,2.243847054,0.077171983,2.029650205,2.963357798,3.694251591,1.011684188,4.977013542,0.457660489,0.071534144,0.049522241,0.039949793,0.25362581,1.29567611,0.14710825,1.19150544,2.288859497,7.595272872,0.478024167,0.451467269,0.252290532,2.005045811,44.33674147,1.102111273,42.07940513,90.53246581,1.075187819,1.695050318,0.967602162,0.983906891,1.04278393,1.05104757,1.029858385,1.056598663,0.98275053,0.579498093,0.522680555,-0.028634288,-0.054968475,0.080930229,3.570235276,0.16638767,3.938917637,-0.652268486,1.106184445,1.135749492,0.818150823,1.071163607,1.035379516,1.082381358,1.112146002,1.101813573,0.960041911,1.251517637,0.294460659,-0.120402343,0.133951881,-0.129011233,4.716044995,0.387680891,6.623923916,-1.935813242,2.307537741,25.83944136,48.44507726,4.594330648,2.155929867,1.517093395,3.553037507,1.745581284,1.052844623,26.55712439,64.70177035,85.73860122,1.186065632,8.277488436,29.41325853,7.159875028,36.72196474,3.080547891,1.033148477,29.96323545,48.76563084,4.150718547,2.527376637,1.325817682,3.400134081,1.486789521,1.046695645,-0.048698827,72.22484921,84.43959683,1.010734412,12.86707291,20.53537726,6.886521502,24.97143163,2.37880669,1.840995346,2.373878841,0.314060985,2.902995902,0.148954343,2.468613733,0.073737895,0.244146263,0.392437257,1.241976085,0.391818508,1.897253418,0.176664849,0.271918762,0.079678043,0.631300887,0.120642342,0.15267125,2.325857173,0.148666008,2.237435487,3.188089773,3.483899786,1.148219204,5.093890922,0.535991972,0.092958407,0.068447757,0.065360402,0.307194664,1.603235799,0.213211219,1.440465584,2.368913209,9.215955983,0.894085282,0.7565337,0.618982118,2.544704264,56.74002751,2.338376891,53.64511692,94.84181568,1.068365485,1.773342945,0.793525989,0.915310576,1.107960756,1.095955242,0.989622515,1.069667051,0.987562486,1.849951258,1.058721878,-0.349698875,-0.293514258,-0.266429244,9.65541594,-0.385569731,5.671400575,-1.595273777,1.043660025,1.141755566,0.910653741,0.899550752,1.016878587,1.107741565,1.048230616,1.081233859,0.936776468,1.610586508,-0.312013105,0.291196218,-0.386153248,0.482071056,7.986398567,-0.126502619,5.842659565,-5.551943737,2.220360229,18.25110417,34.9599729,3.495331802,1.954985774,1.364030471,3.219220469,1.54385752,1.052372424,32.48000184,60.17797096,85.00796542,1.533917706,8.439478513,25.28984947,10.62295879,30.01041911,0.588764284,1.035429606,21.3014112,35.86903482,2.724022736,2.298147,1.185400145,3.132526183,1.263478914,1.066346129,1.049855199,70.23332077,87.41945163,0.847562336,13.67894377,15.21230979,11.04384126,16.56569885,0.575232898,14.62391815,2.4904157,0.251196194,3.355294188,0.034962492,3.478455046,0.036969949,0.078890907,0.195415884,0.568950265,0.290948636,0.300758281,0.084667181,0.129104981,0.066305757,0.220745505,0.082968075,0.060220255,2.457642381,0.154996963,1.461237979,3.139965077,3.273160901,0.601079535,5.171847819,0.306174488,0.062307196,0.0392014,0.038528034,0.233705034,1.281316136,0.12954778,0.928193184,1.969504516,3.595252534,0.346530365,0.259897774,0.268561033,2.122498484,45.10092697,0.97894828,30.18279477,80.7155852,1.055418478,1.006707901,0.890212918,0.948485218,1.021684226,1.02341563,1.002180988,1.028662104,0.985338011,0.372774871,0.138767951,-0.079100362,0.016908565,-0.219367834,1.344976543,0.10583619,1.323533142,-0.831676173,1.046297266,0.981031218,0.768522366,0.938214744,0.983809716,1.038971532,0.998123774,1.071241557,0.957345545,0.793148755,0.197853593,-0.059919993,0.009185884,-0.078281175,2.538224237,0.098709758,3.557900711,-3.090876837,2.297074835,32.79739236,63.88707566,3.726304603,3.336949237,1.362202478,2.742066099,1.681814541,1.113882492,12.56939534,66.9489997,86.15879662,0.921277106,19.66976221,19.91140018,3.330195251,28.86962243,7.32171783,1.059080958,29.2765014,55.61573016,2.592877788,3.130910633,1.193657216,2.486228143,1.237052564,1.109945149,0.201656958,60.21270437,75.89904262,0.46727414,17.70090107,11.33763079,3.02399506,10.71492414,7.025400816,0.218587654,2.886660472,2.289128653,3.420113732,0.117219433,3.635660717,0.058617943,0.112204001,0.446819347,1.612875916,0.503679568,0.225671427,0.336659349,0.182194051,0.134394153,0.341585975,0.142639035,0.101981784,2.357632786,0.602273914,1.743485424,3.302919115,2.655814673,0.739770552,5.600865514,0.350114915,0.057354237,0.063296506,0.098573779,0.300235996,2.158077645,0.225625046,1.030563957,2.165775335,4.672897196,0.46728972,0.934579439,1.401869159,4.205607477,78.03738318,0.934579439,36.44859813,86.91588785,1.244782484,1.156457584,0.851444086,0.549406515,1.034708469,1.01763626,1.073417171,1.191859175,0.989878098,-0.185717709,0.173735921,-0.293553798,-1.401869159,-1.641504913,4.013898874,1.629523125,11.62832495,-1.018451953,1.304836775,1.512803193,0.576374988,0.575613832,0.942860885,1.040027166,1.067303712,1.1414323,0.952022506,5.67193039,-0.46728972,-0.934579439,-1.401869159,-1.61940058,2.997099581,1.651627457,7.516919111,-4.157267161,1.977278249,27.58129645,37.17861643,2.053913313,2.699942305,1.207868926,2.317898068,1.613116763,1.13936799,16.37973438,53.66804863,80.26842808,0.10189024,19.1026632,16.69945893,8.087976952,24.45365751,3.309676059,1.041719164,20.32168684,26.74547183,1.277268562,2.433287575,1.038172274,1.855398102,1.037625884,1.040254058,0.987480162,38.21195556,58.49938282,-0.458472932,15.60571328,3.094692294,6.612590372,1.287250926,2.706753659,0.00464026,2.459662453,2.51123297,1.926808011,0.117842495,4.091142596,0.029645837,0.125406595,0.024377096,6.019329592,2.999228283,0.35782454,0.480580797,0.343444095,0.50894704,0.218251393,0.085283167,0.070787654,1.131078698,1.985823681,0.333481016,2.452734723,1.823309528,0.500535756,5.093537002,0.261827779,0.473684158,0.001263653,0.06367658,0.239368975,2.126802868,0.211392527,0.66050926,0.430316418,0,0,0,0,0,60,0,20,0,1.596110447,0.070482849,0.201960719,0.003757949,1.889396685,1.313319482,0.737133847,2.553836132,2.28275928,16.66666667,0,0,0,0,23.33333333,0,30,16.66666667,0.294903998,0.255064418,122.15729,0.435227462,0.343932167,0.864599035,1.343821167,1.270884571,2.263023824,0,0,0,0,0,23.33333333,0,13.33333333,33.33333333,2.238287474,3.594743061,1798.480304,0.011556686,1.466037276,0.951903856,1.535105657,1.042995244,3.012437243,33.33333333,33.33333333,66.66666667,0,0,40,0,13.33333333,33.33333333,1.768208139,4.48133023,833.5098214,0.004455271,2.742676414,1.018106555,1.398253279,1.954332086,3.638933805,0,50,25,0,25,15,0,5,25,5.553551003,2.505339553,1.150828942,1.468997724,0.060006034,1.107007166,0.036996549,0.028534404,0.142499063,1.707114263,0.677576519,0.386679248,0.367486391,0.122473937,0.097887614,0.231186172,0.045059739,0.083223904,1.787142956,0.742816025,1.148809992,2.745461151,2.474766493,0.590350953,5.302047404,0.254089803,0.057125947,0.036945855,0.052332904,0.203828634,1.986951195,0.212403893,0.835626581,1.666363293,3.047491936,0.522744967,0.389278167,0.600600601,1.557112668,71.449227,2.146591035,26.61550439,64.63129796,0.95675716,1.362893017,1.013405735,0.860803492,1.032769961,1.021645666,0.997498906,1.049444748,0.967957217,-0.094094968,0.285789564,-0.074848072,-0.185103689,0.16102321,2.486764012,-0.203862231,1.963945354,-1.823886398,0.925856485,1.000849129,0.843067112,0.880349525,0.942712424,1.039094574,1.012211256,1.021217136,0.902157322,-0.200611532,0.009382211,-0.242943193,-0.201505217,-0.29331062,2.942152535,-0.097901399,1.108321601,-6.709254596,2.431913494,31.11145229,65.97943611,2.867919999,4.063309499,1.205514504,2.381316223,1.788834073,1.199056975,12.58567182,58.90252659,82.41011686,0.87059423,20.99204174,13.52258655,6.075600632,27.88745175,12.88829505,0.825424525,23.76590507,44.00623406,2.016637548,2.974968813,1.043886961,1.778490866,1.112109907,1.028631575,-0.900933831,43.74076355,54.86608823,0.417164018,14.06094803,4.883119405,3.589900452,4.380054452,0.394608771,8.752711525,1.579528993,0.094728844,0.85205175,0.066701578,2.819247483,0.03664385,0.02074985,0.078994397,0.31420994,0.267274291,0.365399868,0.065127364,0.112425865,0.038618902,0.222581458,0.033003887,0.062342854,2.647390641,0.16619521,0.783555251,2.296671351,3.745077566,0.585102332,5.16807537,0.261999705,0.055869004,0.029886948,0.031077515,0.200951291,1.450429913,0.141425715,0.645304247,1.852841525,3.065335435,0.613067087,0.245226835,0.192678227,1.401296199,50.44666316,1.121036959,17.6388159,74.47889298,0.948146537,1.126252272,0.877441947,0.944522574,1.01519089,0.967367682,0.953782923,0.993063626,0.954796709,-0.500350068,0.006660921,-0.1591535,0.013897775,0.389029158,-0.6618465,-0.346376949,0.212793667,-3.7954707,0.93294591,0.867751144,0.738657311,0.927928245,0.921016344,0.967119985,0.966362102,0.998037585,0.902058136,-0.376787949,-0.08932407,-0.157936332,-0.087929624,0.13501665,-1.179903387,0.11848818,0.01132376,-8.34760806,2.487680857,35.65925884,76.89978022,3.461779633,3.919822339,1.371188633,2.810985362,1.773032702,1.098625241,13.54072517,64.09400362,79.10830852,0.51439248,21.36638057,20.24020552,4.596134758,22.88643662,6.814036317,0.869757183,42.19681306,78.42800528,2.849737771,4.210847643,1.191909845,2.449532564,1.46973288,1.064062248,-0.321042027,69.91783827,78.44161595,0.320273812,24.8362006,12.62079003,3.828950217,14.08726771,3.130750522,13.92368461,1.079339934,0.066734176,2.805223071,0.071102253,3.02237899,0.031193891,0.048351909,0.082474969,0.364308986,0.238903959,0.428453834,0.047864175,0.106386759,0.041511426,0.205372161,0.054278009,0.053134709,2.426521394,0.069056799,1.205453267,2.573419253,3.493818335,0.559224163,4.856254061,0.255398833,0.047141373,0.030783975,0.028019024,0.189354921,1.142869587,0.103739865,0.736866255,1.740861029,2.448138127,0.270583688,0.244813813,0.167504188,1.352918438,39.17021002,0.863290813,21.45342095,70.71253704,0.990434564,1.183498435,1.084665255,0.94490793,1.069944751,0.939778049,0.925457081,1.007257437,0.968455373,0.208595076,0.080836048,-0.048018761,-0.026936293,0.221441978,-3.536248821,-0.076110605,-0.621259017,-3.605424309,0.989374887,0.971545508,0.813864395,0.987664673,0.945160844,0.962091869,0.955078729,1.028045661,0.933528553,0.238624652,0.01775183,-0.048221414,0.068406691,0.06254683,-1.699698884,-0.299725938,1.010537109,-5.732196284,2.599020214,43.2439175,79.89192428,4.232196151,4.139317829,1.492864498,3.242755368,1.893082789,1.115758627,12.65384148,67.66582903,85.58302062,0.702321847,20.36273843,23.60723449,3.185899349,30.19624912,9.40144016,0.953631107,46.46094568,76.82571166,3.476110119,4.194429747,1.278403464,2.997965729,1.570062047,1.095541067,0.113371816,69.86760303,81.45387173,0.675097767,21.4647425,13.96426925,2.844157788,19.86777891,6.621470371,38.75088942,1.016565829,0.050473717,1.636796297,0.043662871,1.007373923,0.02290598,0.02913701,0.068333683,0.255027175,0.175547571,0.536675958,0.049615149,0.09259421,0.029456457,0.253645348,0.035066083,0.053010662,1.991648162,0.101384268,1.335053663,2.327428741,3.396109111,0.548240691,4.875578463,0.224019047,0.038919494,0.023286726,0.025483248,0.1456544,1.517752851,0.131231812,0.788433252,1.744012279,2.406651862,0.315033827,0.144605691,0.165263647,1.074213707,53.72101431,0.965759438,23.94773537,68.72901926,0.916853137,1.569412019,1.026579759,0.980981179,0.995001202,0.974005755,0.934248905,0.968933457,0.946570862,-0.411432076,0.183771119,0.037250279,0.016592323,-0.01944908,-1.008762409,-0.092850782,-1.142996725,-3.988293918,0.878843467,1.110717762,0.933029018,0.861256892,0.88043284,0.97732229,0.859178831,0.96590926,0.876834872,-0.423649029,0.087049696,0.00617563,-0.000774933,-0.324876231,-1.006950521,-0.230129355,-1.047251044,-9.20238123,2.861383195,51.05943557,100.9372967,3.715283806,4.103233175,1.454362241,3.164930008,1.86498525,1.104238108,13.6062258,65.96035003,83.05004513,0.488525357,13.42306217,23.63906494,5.081788853,29.54409227,7.848494357,0.902068306,65.30867522,107.2653856,3.290994976,4.721815752,1.239040678,2.642192259,1.571244668,1.031159518,-0.249004394,76.0088453,83.18582758,0.379948348,17.776201,14.77269256,3.401736647,20.08683339,1.980336342,100,1.627088105,0.234445693,2.04736509,0.074961759,2.017620787,0.033797043,0.060163441,0.12474468,0.517416824,0.28439478,0.711671109,0.107283062,0.124794734,0.04997715,0.289530373,0.052637736,0.069896078,2.171522495,0.187555847,1.382604665,2.62201695,3.352509093,0.64366593,5.010983175,0.29362535,0.05361283,0.033523868,0.035313293,0.197522458,1.483455227,0.146207569,0.881242753,1.886001086,3.749211404,0.410069997,0.276384174,0.270375822,1.533631748,52.21407757,1.200168234,28.18367531,75.13744104,0.987680689,1.40803876,0.956967796,0.93804528,1.020514809,1.003035791,0.973656456,1.011541549,0.963501809,-0.029820687,0.234666226,-0.058334697,-0.03350193,0.04291303,0.673117124,-0.058153708,0.567481609,-2.861098627,0.936257895,1.01242198,0.802176265,0.892594449,0.915310347,1.004632086,0.939770787,0.994783384,0.901279945,-0.15804668,0.07407704,-0.087289708,-0.027487241,-0.209970488,0.584031488,-0.096573809,0.120179936,-7.686141019,2.641003962,35.91085292,71.40618082,3.763600461,3.34267564,1.404688055,3.070996773,1.847385753,1.123826394,17.85091561,64.46681,83.89555082,0.770298523,14.79528485,22.6293161,5.51730528,32.13646556,8.598594291,0.957940665,40.97816988,69.62610851,3.0263146,3.565163633,1.207840737,2.598576454,1.454928037,1.056287834,-0.151432745,68.64189351,79.12266382,0.532876855,17.51238174,13.62884191,4.131049537,17.88336158,3.113253126UPN25,0.018052244,0.026576371,0.001516121,0.108448123,2.730079189,0.385956582,0.031199273,0.037001401,0.005627538,0.085082904,0.041548591,0.105855647,0.006681658,0.056087383,0.015176131,0.040662619,0.005899294,0.005027246,0.050349599,0.141709822,0.146531979,0.028769792,3.721018862,0.0992244,1.694094463,0.095872097,0.03545554,0.000808423,0.01145233,0.090065468,0.769440341,0.020060578,0.535437719,0.470853527,0,0,0,0,0,18.18181818,0,4.545454545,0,2.67585088,2.693462528,5.520177872,2.911986592,0.074763289,0.532686988,3.132037653,1.235000109,0.750550723,0,0,0,0,0,3.246753247,0,9.74025974,7.142857143,0.307551117,0.003664199,8.00487415,0.183176455,0.003117271,0.411904231,1.996711078,0.779096757,0.55271448,0,0,0,0,0,-10.48951049,0,10.83916084,7.692307692,1.080758125,1.842083518,101.9127118,0.664706844,1.869417562,3.010274487,1.906956095,2.785670569,0.470768098,0,0,0,0,0,41.81818182,0,62.12121212,0,1.991616003,2.585668351,32.79368301,0.946545695,2.381775095,4.046635716,12.29596623,1.652930624,1.053390483,0,0,0,0,0,74.67532468,0,31.16883117,7.142857143,0.012728424,0.163795417,0.012854808,0.334204079,2.310507873,3.154286626,0.051727013,0.070456123,0.061147409,0.329217464,0.068425757,0.147432378,0.020288466,0.134693003,0.016688599,0.175352977,0.016354452,0.020209694,0.149121207,0.090750378,0.487954546,0.513670165,4.210816822,0.35503265,2.263465053,0.214741165,0.023293392,0.001220687,0.01735804,0.384645541,1.278093634,0.037317569,0.625562681,1.05305144,0,0,0,0,6.666666667,33.33333333,0,20,26.66666667,1.012093412,1.15623909,0.642240531,0.241567387,0.353033375,0.689863665,0.000993437,0.094733453,1.566651892,0,0,0,0,-6.666666667,-8.333333333,0,-20,35.83333333,0.783064138,1.466283744,0.259490769,0.043535057,0.670929092,1.156890335,2.144690537,0.469799581,1.459899531,0,0,0,0,1.025641026,-2.564102564,0,-12.30769231,19.48717949,1.078184571,11.95570059,717.4912416,6.70748938,0.206950772,1.476301779,6.750423034,1.784421512,1.348275994,5.882352941,5.882352941,23.52941176,0,-6.666666667,19.60784314,0,27.05882353,38.03921569,1.831446948,31.25244724,1525.73891,17.19339507,2.044986098,2.608198747,4.927359055,1.116023783,1.434409675,20,20,60,0,33.33333333,46.66666667,0,0,13.33333333,0.000130647,1.254221212,0.000405963,0.423861072,1.528708482,4.172334039,0.893920273,0.432098064,0.306525606,1.564727312,0.236529079,0.009791162,0.011219944,0.058236518,0.350665116,0.187186478,0.022695894,0.000529104,0.354368705,0.480561547,0.302484338,1.694190884,1.99196992,0.423582463,1.710372226,0.002058268,0.000722875,0.322662955,0.000502334,0.004650729,1.033052884,0.075011152,1.239483452,1.482908445,0,0,0,0,0,0,0,0,100,NA,NA,NA,NA,NA,NA,NA,NA,NA,NA,NA,NA,NA,NA,NA,NA,NA,NA,NA,NA,NA,NA,NA,NA,NA,NA,NA,NA,NA,NA,NA,NA,NA,NA,NA,NA,NA,NA,NA,NA,NA,NA,NA,NA,NA,NA,NA,NA,NA,NA,NA,NA,NA,NA,1.128263182,0.311507401,0.001837173,6.143909416,37.76092419,0.001674371,0.014928023,0.00069687,0.002474837,0,0,0,0,0,0,0,0,-100,0.000915764,0.197951858,0.014897981,0.61801468,0.017416911,3.387331665,0.047303788,1.025551276,2.131463376,1.829598976,0.143110042,0.010431785,0.019896763,0.063494576,0.035979803,0.954234401,0.011470374,0.004453835,0.012557353,0.271641837,0.084192712,2.850323128,3.313581766,0.12734257,4.039561724,0.024447017,0.020033545,0.001376005,0.05863034,0.034087567,1.046052403,0.04647791,0.160107787,2.521268976,0,0,0,1.086956522,0,25,0,2.173913043,79.34782609,1.339828188,0.286138976,6.793094568,0.537585628,0.60245868,0.678307846,0.649754078,1.095999852,0.93787294,0,0,0,-1.086956522,0,-8.157894737,0,0.983981693,-3.558352403,0.904147551,0.700115773,7.07334685,0.301188583,0.393693502,0.710140795,0.632131065,0.932431604,1.067584269,0,0,0,-1.086956522,0,-6.196581197,0,1.244890375,6.122259383,5.320833661,4.232783331,189.1135406,1.178396724,1.546355742,0.736814202,0.912347583,4.529901293,0.992968587,2.631578947,1.052631579,8.947368421,-0.034324943,0,-2.368421053,0,22.03661327,4.336384439,0.979159715,9.517220483,314.7597467,1.017047525,1.812733379,0.985849371,0.523806952,2.407280907,0.947777207,0,4.379562044,13.86861314,-0.357029514,0.729927007,1.277372263,0,9.504919073,-1.975563313,0.010312533,0.530941331,0.03429973,1.048588767,0.547749364,2.715833134,0.366321988,0.511989951,0.186160867,1.073736203,0.059952559,2.66738064,0.019903914,0.044940389,0.037943225,0.2597267,0.185533878,0.460023052,0.151641689,0.256980022,0.560792045,2.406297564,2.723240377,0.406595169,3.056654404,0.081732132,0.038700967,0.005478165,0.006603763,0.0860752,0.855729697,0.05314315,0.743230555,1.829479546,0,0,0,0,0,22.22222222,0,33.33333333,66.66666667,0.0121463,0.023198768,0.20522311,0.046858255,0.241845071,0.412741914,0.456397754,0.249951692,0.585273534,0,0,0,0,0,-9.722222222,0,-33.33333333,-29.16666667,1.797822829,0.323690732,0.149127488,0.244871102,0.003914428,1.182034077,0.653871892,0.495592912,1.207861805,0,0,0,0,0,19.44444444,0,-25,8.333333333,4.217482576,5.162964061,120.441054,2.149519472,3.485082816,1.453107418,4.393500034,1.361783931,1.052371452,9.523809524,4.761904762,19.04761905,0,4.761904762,11.11111111,0,0,9.523809524,0.02005635,0.270629401,26.96669442,0.074080849,1.258705654,0.667316567,0.012584357,0.000343046,0.639856034,0,0,0,0,0,2.777777778,0,-33.33333333,-41.66666667,0.241798175,0.67976897,0.025928152,1.071855718,0.02056014,3.18549138,0.087918287,2.289101768,1.567862383,1.788716853,0.178803972,0.094416037,0.051698955,0.132620237,0.032307809,1.006755804,0.020655435,0.015584708,0.025912729,0.249284675,0.200792454,2.791794889,3.26473729,0.260926473,3.987976015,0.171208853,0.057687133,0.006331728,0.049987237,0.121580329,1.528903322,0.087503904,0.618472879,2.845693911,1.410743353,0.325556158,0,0.379815518,0.162778079,43.57026587,0.434074878,19.42485079,90.01627781,0.880983628,1.123919689,1.785849352,1.260199014,0.964843259,0.980924654,1.196014271,0.936532101,0.972991237,-0.423251582,-0.128057804,0,0.541843468,-0.096945294,-1.634782,0.026754615,-0.267510431,0.306302837,0.867593717,0.867568267,1.457516851,1.404541747,1.000604167,0.955761018,1.132359141,0.93191744,0.963246251,-0.215244056,-0.184909182,0,0.675036802,0.048192385,-2.641995829,-0.293427902,-2.687860632,-1.268035895,1.863269496,3.418837256,70.20597358,2.401675454,1.280274417,0.756055365,1.432324121,1.610929131,0.965579281,7.055633038,2.915856517,14.07837446,0.491011768,0.514532032,-8.592036553,0.146476646,15.06958559,-1.772446168,0.618128813,7.265221641,123.4039504,3.202078459,2.022895447,0.864404717,1.626452723,1.364214796,0.993827835,-0.855748399,11.02661337,26.48839556,0.881536651,1.754477218,-7.495593822,0.322736424,10.84760128,-1.217085073,0.291460887,0.798678136,0.006189086,3.108914638,0.017621699,3.494408158,0.031897786,2.192766502,1.391757206,0.418412887,0.0667335,0.300112092,0.042808148,0.096981028,0.011630029,1.040934864,0.032486819,0.008161547,0.020037773,0.04221989,0.23151012,3.266159955,3.383801004,0.285771598,3.970714865,0.164401732,0.032700772,0.006237017,0.025303798,0.122284002,2.086168018,0.080608826,1.162906894,3.153740077,1.126760563,0,0,0,0.422535211,59.85915493,0.14084507,40.98591549,95.49295775,1.025023097,1.056049601,1.222947632,1.369059656,0.878379627,1.018472649,1.213397683,1.018360509,0.972108284,-0.029868424,0,0,0,-0.239719855,2.846512346,-0.14084507,1.975693282,-0.611787728,0.97304688,0.987088744,1.111431033,1.03595329,0.816563321,0.982389962,1.439205371,1.030695372,0.971879468,-0.202546146,0,0,0,-0.422535211,-0.339746427,0.228840697,4.115748093,-0.853401369,2.49397425,7.119904531,115.4054328,4.017724421,1.265985009,0.822347843,1.457685101,1.636857745,0.981972368,7.882248446,3.43980344,23.34152334,0.40950041,-0.176834966,-5.068000138,0.268655339,25.51695101,-1.799264053,0.674388741,20.25948934,238.9367978,5.905696091,2.443135811,1.010835045,1.796916895,1.440275401,0.976086136,-0.635118479,20.45231072,50.54080629,0.491642085,1.642361544,-1.25541845,0.645782265,19.28940407,-2.867589015,1.794319159,1.077414605,0.017483673,2.903251233,0.031659766,3.317288622,0.104122611,2.395723056,1.86542357,2.087170784,0.241202473,0.282441319,0.112057991,0.233289203,0.045228476,1.215774721,0.063207329,0.018843329,0.039269255,0.239281614,0.365073632,3.193770081,3.250401357,0.466023753,4.042685988,0.257705552,0.084173438,0.014249654,0.073961142,0.178624722,1.682971893,0.131045631,1.037354691,2.931507536,2.417883212,0.182481752,0,0.45620438,0.364963504,48.47171533,0.593065693,38.95985401,94.41149635,1.012762274,1.129222308,0.946084078,1.018925255,0.934933286,0.981438383,1.113532005,0.961156698,0.979389109,0.662953419,0.043634698,0.056529112,0.052557633,-0.082317941,-1.467758291,0.170077325,-1.170142313,-1.703751862,0.983307506,0.904077459,1.019250156,1.073125784,0.996145901,0.926081129,1.03547042,0.942522073,0.968713038,0.489828546,0.007151624,0,0.207512435,0.014303247,-2.991310777,-0.024165567,-2.739879299,-1.902014682,1.741317576,3.543862658,43.1698428,2.569428779,1.358081629,0.74109663,1.400319568,1.303566507,0.974573428,10.61886727,5.52351438,21.6827853,0.45288653,0.814920442,-9.284094439,0.296682856,8.15813438,-1.606854184,0.679507761,6.87900258,78.52523798,3.207390468,2.006951311,0.880594591,1.541402036,1.254080797,0.991414997,-1.056143699,17.67387669,39.6222271,0.839644511,4.115598763,-5.335321742,0.505111333,7.207508164,-1.176266831,41.14591823,1.923304661,0.020253044,3.101887731,0.013660635,4.524397794,0.056029546,1.019334681,0.534044376,2.042112282,0.157745789,0.036686582,0.081342652,0.112447583,0.092665141,0.35150383,0.056190794,0.009397286,0.106439937,0.230305982,0.275419525,3.151990193,3.022863258,0.303375992,3.262675586,0.138738644,0.034131426,0.008850477,0.037077551,0.141487592,0.979851045,0.046446065,0.558172948,2.373576139,0.488160841,0.040260688,0.007548879,0.123298357,0.153493873,29.97408218,0.045293274,14.96439445,82.6073828,1.046795867,1.001672045,1.004141119,0.958004622,1.005171273,1.035138108,1.074388211,1.000567229,0.976506913,0.068579268,-0.001762702,0.001335272,-0.037418234,-0.014308846,1.141174866,0.037625466,0.206773516,-1.175257715,0.981635723,0.959596191,0.897039248,0.92073387,1.03188707,0.99526261,1.064603136,1.002001687,0.956052477,0.084591588,-0.001648165,-0.001113458,-0.029984759,0.020262482,-0.081553705,0.051238034,0.155626139,-1.862161103,1.874082635,9.445202237,101.3745276,4.880860503,2.236827865,1.079602105,2.049855763,1.763181648,0.983250973,3.15651385,8.020077572,30.28957134,0.63854836,3.847725082,4.162745488,0.183260741,20.15673917,-1.293959065,0.80879476,13.50228692,143.807786,4.544140729,3.154735934,1.291955599,2.216242628,1.869331332,0.983076436,-0.135584065,13.30823015,42.73991389,0.542313875,8.074395939,9.774830432,0.19195465,23.07765115,-0.938080049,0.277310452,1.555679601,0.50725566,2.371859345,0.114668017,3.952532952,0.172599403,2.373259803,1.636070703,3.404393771,0.705246658,0.029341656,0.26228271,0.297048314,0.131743939,1.078946193,0.061454475,0.019924711,0.090860231,0.786638168,0.383137597,3.052011858,3.278821388,0.448738854,4.218232006,0.12085591,0.073390904,0.014213729,0.082989482,0.177684817,0.543871073,0.051118636,0.34507759,2.564691488,1.547388781,0,0,0.580270793,0.386847195,12.76595745,0.193423598,7.930367505,85.88007737,1.166643427,0.998324137,1.940979094,1.693366877,0.966237702,1.084632699,1.88495512,0.970637795,0.977938012,0.099670042,0.235294118,0.235294118,2.007964501,0.08374104,-0.060075094,0.983046991,2.422573672,-0.468312664,1.129838847,0.981635333,1.366929706,1.497446314,1.136183169,1.186744612,1.466843162,1.009664302,0.993368236,0.28988156,0.262467192,0.262467192,0.732065165,0.400554379,2.457139666,0.069043594,2.305852968,0.471628667,0.838525683,1.980319806,11.8881131,1.28629804,1.107787463,0.737099577,1.535480528,0.872004747,0.972010031,0.33666919,2.463768116,5.217391304,0.579149497,0.482718022,-4.93987049,0.531214083,-0.828918229,1.656154515,0.662211009,2.574537966,24.26716513,2.067548055,1.346435044,0.838982064,1.331766964,1.069088313,0.972164727,-0.994902594,3.683241252,11.41804788,1.813836021,2.191421681,-2.268719878,0.174900528,3.303518315,-2.454663005,0.001709488,1.40795559,1.039351671,2.105937613,0.231588466,4.612355347,0.028144889,1.051712266,0.021735046,5.82292572,4.930940926,0.023711032,0.320268312,0.110991432,0.379921261,0.274776627,0.017934837,0.013009895,0.813973727,0.736581972,0.286384082,2.766884582,2.708340595,0.15437398,3.405806645,0.005944808,3.129183429,0.000344783,0.031157751,9.92E-05,0.327325364,0.01202171,0.307876486,0.560323701,0,50,0,0,0,0,0,0,0,92.05990143,2.189773057,13.30037282,0.004173216,829.1426987,11.2202807,0.27359931,0.366417744,5.343968173,0,50,0,0,0,100,0,0,100,9.576256519,0.384392024,2.286580696,4.955681594,2490.03651,2.360355014,6.979845851,1.013286314,0.292383935,0,-16.66666667,0,0,0,0,0,0,0,70.61958365,0.356545822,697.1667023,0.198292354,5.744519518,2.223814504,0.07076507,3.45810005,1.174901925,0,16.66666667,0,0,0,33.33333333,0,33.33333333,33.33333333,29.43222652,0.693367334,1691.940276,3.27332676,4239.399533,0.614704989,0.025239083,3.340682527,1.704296778,0,21.42857143,14.28571429,0,0,0,0,28.57142857,28.57142857,0.293466262,1.914623821,1.288436011,0.580218162,0.028181481,1.025242967,0.050920197,0.252865505,0.066511728,3.573920569,0.941110632,0.010367386,0.216315914,0.037958916,0.189184504,0.11219574,0.00791819,0.010592991,0.062009992,1.177308678,0.035770346,1.0650657,0.460908562,0.077858173,3.264881127,0.033617745,0.015877775,0.008994032,0.012126175,0.031344168,0.890800809,0.045794024,0.181876584,0.521844747,0.20746888,0.414937759,0,0,0,27.80082988,0,2.697095436,14.10788382,0.84167878,0.637613572,0.460253067,0.729255895,1.346837671,1.046926108,1.04062897,1.10081487,1.059034802,-0.20746888,-0.22113931,0,0,0.19379845,1.462736016,0.387596899,-0.56531249,-0.348193895,0.57532171,1.210618275,0.253786728,0.961134103,1.187999008,1.00056843,1.222645551,1.069199532,0.89756337,0.002174726,0.004349452,0,0,0.209643606,0.501056917,0,-0.600659377,-2.158198283,1.460976976,39.00177705,202.8652242,5.972784141,28.47797305,1.260079378,2.846675317,2.575694478,1.346632981,0.283931612,18.50398116,56.75675676,0.491400491,31.2039312,14.95101288,0.737100737,9.342216604,6.285236576,0.76703157,14.01624884,98.85055326,2.004249338,11.66959694,1.248444301,1.557869944,1.992916476,1.204719991,-0.20746888,6.368432044,28.66520788,0,11.3785558,11.58647866,0,2.335727321,4.710496927,15.36630375,0.725666192,0.022007081,0.666496703,0.005664255,3.966945056,0.027036323,0.544657372,0.19615255,1.39084101,0.103605431,0.010536758,0.021768242,0.039617634,0.039667555,0.269659877,0.008600318,0.004392918,0.060908754,0.176953938,0.090452218,2.47182038,3.077893178,0.117368901,3.529117217,0.046710008,0.012385298,0.003820731,0.014923088,0.050372915,0.788136872,0.02132428,0.264365052,2.068733866,0.079665405,0.033193919,0,0.152692027,0.039832703,21.89470889,0.039832703,4.939255128,68.53880369,0.939308566,0.971397226,0.962666084,0.87919882,0.909924784,1.040671948,0.956983279,1.009897033,0.965608581,-0.018712096,0.003378067,0,-0.0490714,-0.02154671,0.542204435,-0.033737372,0.284443518,-1.17930107,0.846805953,0.898614972,0.768297119,0.802123511,0.864914926,0.967009768,0.857207941,0.971564727,0.910764873,-0.007459229,0.00568633,0,-0.041605602,0.010156189,-0.888265877,-0.017615418,-0.112549952,-4.508588183,2.547858723,16.46009156,148.4803636,4.463210486,2.704665609,1.192849551,2.135353628,2.481724121,1.00349446,1.018896589,5.330010426,18.34228229,0.075660747,1.5894952,6.853053871,0.034227657,15.19899088,0.855752872,0.861920025,19.877603,183.2619839,4.19280147,3.436296859,1.455135524,2.223767782,2.170606587,0.996640479,-0.028478509,6.166818878,23.52037878,0.039258834,2.148407108,11.01846534,0.049744366,11.80525828,-0.613792494,35.31839978,0.483015941,0.008213944,2.627617587,0.007334041,4.034422464,0.030299127,0.689304585,0.295773065,1.391055473,0.093510796,0.028043568,0.02789034,0.051657123,0.042238118,0.366295488,0.019904266,0.004669693,0.051850059,0.131451722,0.128081401,2.85591239,2.984220722,0.165237537,3.336649588,0.05585945,0.014931602,0.003921445,0.015876754,0.057974031,0.980186874,0.028797019,0.434789919,2.247438093,0.12461281,0.03560366,0.003560366,0.092569516,0.05340549,28.78911952,0.03560366,11.6459572,76.35916972,0.98724538,1.032477423,1.075022284,1.011588286,0.99327238,1.027819034,1.081860674,0.991608201,0.970391138,-0.003150004,-0.01262421,0.009570748,0.002631062,-0.000881033,0.555637881,0.020203575,-0.218605094,-1.134299392,0.91467605,0.917773487,0.90608284,0.982198654,1.007670841,0.958953734,0.991918819,0.974972472,0.942684885,-0.04548887,-0.010283999,0.002769549,-0.013445576,-0.009096084,-0.924832903,0.002375831,-0.261604755,-2.599833098,2.501620418,12.74419901,154.2987756,4.400645107,2.573475835,0.866358093,1.621258047,1.917422875,1.000211561,1.498011205,4.451448463,19.28248507,0.112742094,1.708300583,-2.688053226,0.030625892,15.96514287,0.185634569,0.804567331,25.38939345,271.6066423,5.134593343,4.186771597,1.227920967,2.081977635,1.975317004,1.029134663,-0.064510637,10.74271949,36.23805037,0.151178188,3.512656816,7.008402933,0.017820494,17.40676576,1.59668857,5.225762009,0.244693296,0.009193055,1.040376597,0.004694644,1.23033407,0.021561458,0.686466162,0.219169439,0.920210008,0.049905623,0.020799223,0.010632983,0.028037521,0.014558515,0.432351191,0.011506268,0.002733144,0.023800567,0.182804981,0.047228173,1.486152077,2.043996192,0.090137719,2.761850479,0.029305476,0.012689595,0.003399402,0.011601549,0.028108932,1.027968885,0.017043485,0.325120909,1.508229541,0.170248989,0.063843371,0.021281124,0.127686742,0.106405618,28.70823579,0.021281124,8.278357097,50.20217067,1.019176016,0.959325951,0.624206127,1.115431983,0.93815346,1.046815667,1.265407556,0.953087703,1.000725999,-0.066226798,0.057515852,-0.021281124,0.097694673,0.032290637,1.302166424,0.065404036,-0.632726029,0.942073431,0.95820359,0.707456875,0.644840262,0.966408652,0.95465203,0.986379499,1.051528013,0.993505384,0.998332133,-0.031016316,-0.001962183,-0.021281124,0.011545931,0.001886461,-0.181008072,0.025129767,0.462360725,1.391269919,2.99231801,4.728657046,71.28962397,1.860550649,1.88193383,0.674032537,1.501960978,2.02362531,0.982209122,1.228210678,1.030603325,6.687271775,-0.006081553,0.86643589,-8.501506974,0.019253939,12.82014311,-0.648056366,0.831421754,16.44304937,203.2776955,2.912025141,3.092869848,1.129336729,2.362929561,2.054225842,1.118531049,-0.071255424,4.852837045,22.40076144,0.004304679,1.032020384,3.761653662,0.044714587,13.51672622,5.514707728,100,1.157242594,0.026487351,2.414288798,0.012849971,4.009083495,0.045537551,0.945612333,0.502335506,1.687826659,0.135870289,0.045582322,0.055946361,0.086639588,0.062131195,0.415676732,0.03524817,0.007605725,0.072709836,0.197088552,0.195106396,2.862652344,2.979083277,0.230034621,3.370022776,0.100067208,0.02695829,0.006545179,0.028093303,0.097781907,1.000432886,0.040801133,0.488501316,2.277550723,0.415978595,0.054348962,0.005225862,0.141098267,0.117059303,29.51148644,0.074207237,13.35312193,77.38351554,0.945602779,0.95548644,0.960172081,0.928399375,0.921484349,1.017085983,1.024705479,0.956461738,0.961523922,-0.008793223,-0.002779311,0.005517816,-0.000356094,-0.021440575,0.280730836,0.024634595,-0.648723468,-2.067114244,0.847199061,0.827556827,0.816541731,0.863237235,0.902406437,0.955751382,0.940090082,0.928394377,0.928261276,-0.044000249,-0.008253663,0.000134057,-0.008172288,-0.005572998,-1.331178785,0.00297559,-1.116427928,-3.990151121,1.991382534,8.899433642,104.1077794,4.057175883,2.138246072,0.967268338,1.793344132,1.815530871,0.991684106,2.686669566,5.722004921,22.40834703,0.324032864,2.404441038,0.774191349,0.117379957,16.76651363,-0.612398376,0.739511368,14.24895892,159.1411764,4.08173648,3.020105169,1.23307208,1.980833647,1.808674858,0.999542147,-0.172339666,10.81018338,35.1857165,0.317516188,4.632246161,7.378313794,0.125334149,17.08190034,-0.517087002UPN26,0.389595194,0.650309504,0.001574481,0.621616168,2.811199301,0.684387437,0.018263513,0.061331376,0.039293554,0.070299268,0.018756233,0.314856182,0.014574506,0.025818924,0.021240734,0.128465918,0.007900236,0.016362159,0.270028931,0.191670916,0.04140064,0.739693946,1.03430119,0.220223806,1.27509294,0.047303441,0.008368847,0.0089073,0.0131697,0.015191331,0.878940193,0.015208875,0.582074142,0.106522581,0.502512563,0,0,0,0,26.13065327,0,16.58291457,1.005025126,1.554575373,2.231055562,0.453735305,0.792831245,0.603912085,0.958572454,0.475469458,1.047881371,1.614626977,0.502512563,0,0,0,0,-1.507537688,0,1.507537688,2.512562814,1.395596476,1.437169757,1.302545396,1.126680038,2.340798264,0.962882448,0.658952958,0.99964147,1.449065433,0.038027978,0,0,0,0.540540541,3.058535923,0,0.714382724,1.697677577,2.014434152,33.18237334,77.36298252,0.9545402,6.489839412,1.645930918,5.302204515,1.955993657,1.897028119,2.152354694,7.96460177,23.89380531,0,2.654867257,20.7720016,0.884955752,19.25779339,2.092320007,1.584830749,219.0912686,234.913425,3.038785664,23.59618508,1.851202301,5.57220958,1.466672137,1.571231991,0.968075672,51.96078431,64.70588235,0.490196078,9.803921569,28.77130752,0.490196078,8.417085427,-0.024632969,5.306360079,0.620864697,0.005533244,0.792158911,2.405333386,3.670288583,0.014973121,0.143400885,0.088155815,0.142654352,0.045643096,0.408550783,0.038066638,0.064251429,0.033455693,0.19677555,0.031669171,0.050181918,0.473652109,0.334888945,0.152905504,1.709717924,2.385653749,0.582617782,2.49462058,0.096065,0.022076048,0.004983149,0.014778205,0.058133156,1.369683186,0.047340201,0.979677864,0.627598007,1.332810662,0.235201882,0,0.078400627,0.588004704,45.31556252,0.235201882,33.98667189,16.62093297,1.472881933,1.952034181,2.314943426,1.548689559,1.316120395,0.969756033,1.010193752,1.00292941,1.180084201,1.152569454,0.020646072,0.109649123,0.250546741,-0.003209382,-2.150357846,0.020646072,-0.50713973,3.225558261,1.529571655,2.912827906,2.444590737,1.700560814,1.410261105,0.865561484,1.078111057,0.96713636,1.241928904,1.632736655,1.596459697,0.08722198,0.008821353,0.109771135,-7.155946301,0.113686038,-3.110090995,6.449280726,2.096195821,14.25108053,108.0309747,6.158922157,4.449762319,1.35073443,3.097005511,1.316496507,1.316419716,2.255092977,9.042091814,17.83700666,1.254249296,5.665198781,11.01452461,1.148703808,10.2470544,9.211973234,1.316795109,57.23853196,324.842654,5.063956718,12.47039317,1.691334358,3.328076383,1.135976367,1.292634712,0.436276861,37.61396013,52.97951583,0.66647833,22.82912751,22.70119725,1.487330707,2.791726617,8.751506511,0.072697153,0.531353234,0.032898209,0.686695579,2.056417546,3.862891305,1.185112628,0.11668039,0.083989962,1.076842837,0.221336913,0.368285483,0.048974514,0.120709878,0.165689277,0.26852811,0.160575466,0.106156876,0.923827886,1.240648282,0.199666978,1.189064745,2.53853904,1.08482407,2.059039953,0.275901647,0.092896155,0.005709617,0.019098907,0.144324091,1.311068884,0.064811,1.363340689,1.135156304,11.42857143,2.857142857,0,0,2.857142857,40,0,42.85714286,34.28571429,0.20522397,0.139064481,5.991696676,4.055283442,0.894526648,0.772087817,0.642635154,0.46229647,0.701828405,-11.42857143,-2.857142857,0,2.380952381,-0.476190476,-4.285714286,0,-21.42857143,-12.85714286,1.320315269,1.870463607,4.238668774,2.588525736,1.398820259,0.875925935,0.66059289,0.719717498,1.011696717,-4.111498258,2.020905923,0,0,2.020905923,-3.414634146,0,-13.58885017,-5.017421603,0.710774778,2.497091282,62.50742085,9.680672138,1.098621212,0.724428448,2.29747417,0.648905074,1.136357851,-11.42857143,5.838509317,13.04347826,0,-2.857142857,-13.91304348,4.347826087,-12.42236025,22.23602484,1.034682051,10.21951904,156.6826113,6.299551529,3.825425175,1.115555415,2.380958605,0.795885731,1.032713084,-7.582417582,24.06593407,26.92307692,0,16.37362637,10,0,3.296703297,8.021978022,0.13969174,0.470868151,0.011342163,0.714576892,1.837661409,4.268214516,0.055328937,0.559308979,1.685504114,0.302709703,0.090956615,0.453952949,0.035536393,0.135410722,0.051290957,0.380913717,0.026576274,0.060544319,0.298467564,0.370342115,0.27010092,2.377608141,2.948443474,0.840726203,3.417207822,0.159226073,0.017784723,0.007739998,0.023172442,0.069059818,1.17254606,0.046905966,1.072430873,1.127653375,3.773584906,0,0,0,0.471698113,39.62264151,0,38.20754717,32.0754717,1.761053239,6.544912465,1.453209212,1.373590828,1.607252845,1.201965338,1.236637329,1.314885701,1.309830089,1.113633139,1.879699248,0,0.37593985,1.032061285,6.242020145,1.127819549,12.54433253,13.78918996,1.784320602,5.0873635,1.536633473,1.725942014,1.491880475,1.09215809,1.854661487,1.17993412,1.40649934,3.532351167,1.369863014,0,0.456621005,0.8981649,-0.353235117,1.369863014,5.628069269,18.1528388,2.117210605,10.22210864,54.43266594,8.49301914,3.22545675,1.922598155,4.598266575,1.578281243,1.482169566,5.389761708,4.780876494,15.93625498,4.780876494,4.707584755,25.71600391,3.984063745,19.95978351,25.29504623,1.204410386,44.36701525,178.9458548,4.156143904,7.851412062,2.378304227,3.495262195,1.45620149,1.200199965,-0.30355336,25.23659306,46.68769716,0.630914826,14.35480031,36.7180525,1.261829653,19.52115945,12.08856616,8.247477728,0.646238825,0.006999083,1.180092997,2.564273994,4.025479344,0.043234162,0.162802362,0.14245726,0.132714296,0.063783267,1.970961477,0.055477105,0.067368875,0.043052346,0.24261143,0.026367009,0.107794181,0.345103645,0.193381797,0.279076004,2.83615238,2.752397807,0.690544739,2.712104668,0.138619323,0.028161401,0.007016609,0.027750427,0.080757222,1.638824994,0.073235224,1.435356862,0.824118437,1.358695652,0.301932367,0.030193237,0.301932367,0.634057971,53.04951691,0.513285024,54.16666667,23.94323671,1.232355556,2.438378103,1.763337688,1.154377538,1.16506984,1.018262503,0.967289726,1.075931761,1.125474188,0.328385466,0.32205654,0.085360265,0.021617436,-0.241176067,2.000171097,0.064482482,4.372737077,4.922027903,1.254692573,1.30132982,1.491190081,1.177460891,1.151191359,0.954510382,0.94393073,1.062858873,1.163769756,0.576788219,-0.095480754,0.047226118,-0.043867851,0.011103319,-1.56564594,-0.12618825,4.723655914,4.985795543,2.151041056,12.22548885,98.47779102,4.916073595,3.72117791,1.502749104,3.554162022,1.413079558,1.412708837,2.886881871,10.39525806,23.90320947,0.92595525,7.149500822,21.2272781,2.650086464,18.42438432,16.78517119,1.290055604,51.08336546,292.2702522,4.603679128,10.89793461,1.791126937,3.416787375,1.261672251,1.276377919,0.220994052,44.408928,67.67079407,0.798208677,29.3800464,30.13807124,2.50505066,12.941937,10.86635426,9.335431629,1.114256174,0.015529319,1.308208446,2.612987861,4.422529056,0.061353322,1.468448868,1.448509142,0.175641201,0.085889766,2.111158056,0.114563133,0.126565102,0.06152906,0.553687582,0.037105391,0.160257433,0.370943892,0.291712946,0.488935745,3.189001746,3.16215939,1.038433569,3.372662003,0.327741678,0.060122706,0.016439401,0.052199748,0.15725618,1.633539073,0.092785519,1.760402286,1.420595736,4.972375691,0.2599935,0.12999675,0.422489438,0.942476438,53.16867078,0.812479688,68.31329217,53.1361716,1.184803356,3.053857785,1.070258215,1.016019384,1.047965956,0.993132215,0.956316638,1.050572712,1.06260676,2.070771518,2.045421051,-0.045394381,0.000522407,0.453462648,-0.228738465,-0.07220896,2.879601233,3.653168506,1.171873683,1.383128946,1.03249333,0.958514317,0.972483903,0.916638915,0.891321878,1.050839759,1.090391677,2.101579293,0.704636725,-0.009417972,-0.181331881,-0.038135602,-4.454844417,-0.330164575,1.88365317,5.766561523,1.576365449,5.18620638,37.60711328,4.458172358,1.867406448,1.511636432,3.696344086,1.302728685,1.107853792,5.916126052,8.311435071,20.93272102,1.981691747,4.806652482,21.709378,4.04814749,13.04559285,8.170448613,1.012876606,17.09609125,105.5728543,3.784820867,4.69071326,1.801078924,3.622316591,1.215917892,1.063974097,0.138050606,32.99629823,59.39748142,1.60627276,21.1171024,30.75531484,3.399127913,11.01387784,4.799113458,52.62726231,1.638605236,0.014461685,2.585490286,2.879227082,4.447604435,0.054392705,0.804991325,0.864984046,0.108365498,0.069875037,2.135677111,0.140076892,0.149482221,0.077527162,0.368963346,0.062744626,0.182424678,0.612891719,0.506838078,0.564988309,3.289032727,3.19274599,1.127704111,2.847670036,0.398816896,0.066462237,0.023735702,0.064434603,0.182074969,1.646124339,0.097125734,2.0789379,1.556931706,6.173704223,0.425255153,0.170102061,0.380228137,1.175705423,56.01360816,0.66539924,78.19691815,59.35061037,1.099502991,2.341115571,1.01943068,0.97988492,1.044840493,0.959044455,0.968162973,0.993535589,0.981893929,1.813097081,1.149047145,-0.015057138,0.001420905,0.14416418,-2.642374961,-0.077023633,-0.920938187,-1.765335658,1.099065176,1.222157322,0.972286413,0.998012531,1.044235515,0.898598712,0.887156103,0.996984916,1.018441746,1.486572897,0.210109913,-0.033696002,0.097193071,0.170407004,-5.819767975,-0.001317109,-0.732635001,1.02701904,1.239865083,5.89315171,30.93702874,4.045340128,2.106884132,1.422764209,3.140884984,1.214300466,0.956516768,3.46913598,10.85397456,25.25322479,2.802430877,7.186482121,20.68799977,3.456405058,7.725388921,-2.394769167,0.865930745,18.67006509,79.17235833,3.550888809,5.213320805,1.574724863,3.253298543,1.053352009,0.954478735,-0.200979937,38.41799164,62.65441322,2.183031804,29.58341387,25.45205072,3.40952682,-0.559718019,-3.476473002,3.087156529,1.98788496,0.052668284,2.621228484,2.814641178,4.533966695,0.119700642,1.521225251,1.717209391,1.257820823,0.207340823,2.222505004,0.226345862,0.282089176,0.12758488,0.811294653,0.087898015,0.230030166,0.818880964,0.927280733,0.685955032,3.491664383,3.210781271,1.416825969,3.70808428,0.648630755,0.117688179,0.043275518,0.08812223,0.253755053,1.691059367,0.131091159,2.242395029,2.090758196,14.39393939,1.515151515,0.09469697,0.473484848,1.704545455,56.43939394,1.041666667,82.10227273,80.68181818,1.133851864,2.324141946,1.117750997,1.145694895,0.951510561,0.927016285,0.85061438,0.992436762,1.008314358,4.943077181,2.076008706,0.388728445,0.28618366,0.298216976,-3.815084547,-0.351058932,-2.820504771,-3.47187343,1.150770407,1.246294905,1.104410336,1.091466263,1.003720151,0.921735533,0.934107075,1.002896829,1.039816265,4.984488394,-0.296382472,0.270933743,0.196838125,-0.18108415,-4.641709601,-0.127589884,-2.577592654,-0.364938231,1.02117993,2.290553154,10.3303335,3.776723562,1.179336047,1.043925667,2.695334969,0.944429151,0.914583422,0.731133323,4.825744355,13.98325533,4.762117246,2.774803004,0.163282035,3.961242001,-11.94520466,-4.940107885,0.841785617,6.411108439,29.76944079,3.167918026,2.805334635,1.337826431,3.063452337,0.911834573,0.932716393,-0.539344058,20.43272228,42.97800536,3.093044644,19.6946315,15.71424118,6.365740741,-10.08581182,-6.607744108,1.591946343,2.214790756,0.027593494,2.838404456,0.90726988,5.216644309,0.052949637,0.348224997,0.462727476,0.297061145,0.107524433,0.160824015,0.103915365,0.131218609,0.077874779,0.308345211,0.069442368,0.066788495,1.179721641,1.010555416,0.244438775,3.31364811,3.356842506,0.73412517,3.634739291,0.260893113,0.025968791,0.015676933,0.062192933,0.216826214,1.481103369,0.080320636,1.515106419,1.601771907,3.846153846,0,0.183150183,0.732600733,2.197802198,46.88644689,0.549450549,56.59340659,60.80586081,1.35493628,3.043354206,1.482443808,0.970633013,1.038660588,0.888864942,0.824772972,1.031425366,1.136571,1.652567381,0.767263427,-0.183150183,-0.476846257,-0.407520868,-3.536063255,-0.421573312,2.102245581,7.736338683,1.231084819,2.65111022,1.553027656,0.916546897,0.978647802,0.857461225,0.749215304,1.018208889,1.15264416,0.779696494,0.952380952,0.08895866,-0.460491889,-0.429094715,-5.934065934,-0.549450549,0.821559393,9.398220827,1.747364726,11.92119544,28.87132788,6.115778174,1.357838369,1.230520866,2.561684907,1.269782687,1.18269916,3.960537604,9.107806691,13.94324387,6.702343505,2.634911557,12.59310702,1.681032722,13.29506924,10.75547748,1.160359822,16.45683647,54.96935345,3.64154267,3.052130516,1.517146779,2.672544763,1.140451356,1.151696061,1.353846154,11.6,29.01684982,2.467399267,17.2021978,22.71355311,1.850549451,7.006593407,8.194139194,0.004695695,1.536802601,2.104997193,2.273922479,0.532844849,4.279606354,0.084453338,0.941302705,1.103431364,1.894925594,0.711662542,0.282661428,0.33207699,0.33866418,0.077915434,0.521896848,0.057355759,0.012484365,1.659274431,2.078793445,0.281714396,2.510191397,1.262746729,0.735412254,3.775891719,0.352777132,0.002241147,0.001778929,0.002406813,0.05784818,0.910657328,0.00052687,0.001968715,1.409533241,0,0,0,0,0,0,0,0,100,3.108184664,41.82008742,1.033609398,0.219756274,0.041308649,4.077739917,278.5950661,463.4021524,2.21034396,0,0,0,0,0,100,0,0,0,0.757926026,7.242107935,0.833915531,0.110413563,7.095482975,1.506349102,444.1322764,893.0811962,2.558849131,0,0,0,0,0,50,0,100,0,1.664007179,0.120034071,0.294747902,0.017999287,0.045453585,0.051976314,5.331974327,2.4766631,0.003537706,0,0,0,0,0,0,0,0,-100,0.869787785,260.6496533,303.7119271,195.0291915,16.54012286,2.872859954,1022.611338,601.0879253,0.605884175,0,25,25,0,25,75,0,50,-75,0.001543531,1.896354436,1.401715202,1.436667448,1.042952993,4.301684227,0.223376244,0.022777365,0.117686892,5.478657655,2.899511556,0.246050481,0.632452859,0.258269624,0.23255631,0.168808086,0.038529933,0.234471546,1.150052458,2.545913668,0.170446627,2.922423384,1.381897423,0.967635232,3.572716898,0.003099857,0.001261738,0.001088096,0.003681432,0.000503663,1.681315743,0.104424776,0.053321863,0.07683038,0,0,0,0,0,100,0,0,0,394.2378992,846.0228826,2.284471189,0.538995767,439.7402087,1.245361734,0.124200022,49.8067583,29.89056663,0,0,0,0,0,0,0,100,100,0.094904213,1.40974607,0.003735278,10.57029618,326.6349181,0.669529468,0.016381721,12.14544638,14.04253574,0,0,0,0,0,-100,0,0,0,0.656564983,0.053120976,1824.834177,0.15004271,2173.062198,0.490355821,0.002923956,0.004826399,22.53500413,0,0,100,0,0,-100,0,0,100,0.949534416,233.6434883,2.160922626,29.5089343,1440.014014,1.313358926,7.400526023,7.93715587,19.15751756,0,0,0,0,0,0,0,0,100,0.169847224,1.722248252,2.035829128,0.400014347,0.354466093,1.216767933,0.068397128,0.029449451,0.068812574,4.320891059,0.977622089,0.03925323,0.688074397,0.066268628,0.147855785,0.05137125,0.027990685,0.062567582,0.137721432,2.458320806,0.039989398,2.417263653,0.341998026,0.260398928,4.099487077,0.041171762,0.007656988,0.026111057,0.037780841,0.086969603,1.045786196,0.081839714,0.539789753,0.572852434,0,0,1.111111111,0,0,34.44444444,0,16.66666667,15.55555556,2.839598325,6.52807651,1.399972223,2.385268654,1.389869428,0.970519762,1.789824773,0.996187464,1.290247466,1.587301587,0,-0.317460317,1.587301587,0.793650794,-1.111111111,2.380952381,-3.968253968,4.285714286,2.658486002,2.946710509,0.656347631,1.143660691,1.541499219,1.024595803,1.009627999,0.935887178,1.271100009,1.550387597,0,-1.111111111,0,1.550387597,1.214470284,0,-8.914728682,3.049095607,1.58753211,52.50544043,61.31107022,4.864924244,13.0802449,1.173291225,2.694074788,1.483769838,2.115074132,0,12.5,47.1031746,0,33.92857143,4.841269841,1.785714286,10.11904762,32.65873016,3.001152319,14.38280943,5.600553649,2.074639272,2.532173613,1.068960532,1.036356122,0.935760893,1.666627205,0,0.877192982,2.397660819,0,2.631578947,0.643274854,0.877192982,-6.140350877,18.65497076,4.592808345,0.255371203,0.02077427,0.243061437,0.251272345,4.356126239,0.069222411,0.063380934,0.068566363,0.773596856,0.127415431,0.0821191,0.018023979,0.099880526,0.049962499,0.230598503,0.161883191,0.070951351,1.194034621,1.523958079,0.09690554,0.657527884,3.478370632,0.85720518,1.699236709,0.155231345,0.03013089,0.009372256,0.033563337,0.098117637,0.991309573,0.04521842,0.967947209,1.098686997,4.125838061,0.36101083,0.051572976,0.309437855,1.134605467,28.15884477,0.464156782,33.31614234,34.60546674,1.2674876,1.823116698,1.642655815,1.422680055,1.498356972,0.889112693,0.934650746,1.119079777,1.244035552,1.013882498,0.237791565,0.048227423,0.189564141,0.46220092,-4.256649157,-0.264555983,3.95930676,11.5023177,1.43607948,7.146420465,1.309259153,1.364069487,1.830968081,0.904527717,1.013318995,1.15604852,1.354753836,1.317064821,5.562148188,-0.051572976,0.064094696,1.426760595,-2.811993111,-0.037262438,5.371157552,16.08823657,1.540577589,7.250154495,28.88074183,3.354194237,2.694724922,1.150375463,2.402888933,1.242007813,1.426014539,1.054550468,4.958138106,8.274051446,2.049489065,4.369557345,2.090923967,0.738433412,7.386910388,22.10128627,0.822822223,15.99201203,81.16320694,2.379617968,4.980522908,1.477767159,2.212077975,1.028258452,1.271540322,-1.908200103,13.6152656,24.65188241,0.618875709,12.37751418,10.52088706,0.979886539,0.464156782,15.26560083,12.36286202,0.692880241,0.008680964,2.495352778,1.902686278,4.09854889,0.045000401,0.127799875,0.128434576,0.218812408,0.08170529,0.441113761,0.045160531,0.061994259,0.045539532,0.13726106,0.040279238,0.071290617,0.53152175,0.416119665,0.273311025,2.258551271,2.592814324,0.731372171,2.327372061,0.106331007,0.020800773,0.012425341,0.029379757,0.073544453,1.301911816,0.055378834,1.110577346,0.766218956,1.01344364,0.144777663,0.103412616,0.289555326,0.392967942,42.79214064,0.434332989,39.35884178,22.31644261,1.409975905,2.080530764,1.052078247,1.098432724,1.241587436,0.978577657,1.034731438,1.068618179,1.19310291,0.918550177,0.14502141,-0.045452802,0.096843438,0.22527008,-1.138353933,-0.067254163,2.719983569,5.890667131,1.480846533,1.897017144,1.117017476,1.185561362,1.36367591,0.928999531,0.972528524,1.055494526,1.26547105,0.949089812,0.323554184,-0.036508067,0.000364389,0.588298784,-2.738617002,-0.077508725,1.698250104,8.236635003,2.037008766,16.77257476,46.30334543,4.463572779,5.080347286,1.277633778,2.956767685,1.301144118,1.460046274,2.364741301,10.44783614,19.67900937,1.514051889,9.970616369,9.856012809,0.882586565,10.45507176,14.95810649,1.198447087,58.65105388,122.1020278,3.515467162,13.11455462,1.589655348,2.968655951,1.166157789,1.335731235,0.381523537,36.97229017,50.25216725,0.585718197,31.99215241,22.74396439,1.234157165,6.045972226,11.51834952,2.068351815,0.087299536,0.01313513,0.508461459,0.281840709,0.966635474,0.045401125,0.061944077,0.057356289,0.451340606,0.061490405,0.113556458,0.012308425,0.063825654,0.036708592,0.209093429,0.046997516,0.051706245,0.284722991,1.633043,0.061923633,0.262019604,2.82967927,0.518030372,1.020091258,0.111944831,0.01987817,0.01605643,0.01946403,0.091840666,0.852628334,0.039831604,0.556944342,0.503591407,1.802757158,0,0.106044539,0.212089077,1.060445387,25.98091198,0.424178155,16.4369035,14.31601273,1.390266142,1.668123763,1.260149092,1.605960732,1.605981951,0.952492713,0.83630739,1.246431816,1.454026164,1.939446584,0.311850312,-0.002094435,-0.00418887,1.954107627,-3.839539842,0.199522469,5.184718122,10.0083116,1.33661186,2.983668881,1.175857956,1.6409715,1.821436041,0.825591083,1.036256839,1.160352442,1.520563206,1.234363202,1.124859393,-0.106044539,0.012882801,1.639217155,-5.845928856,0.138251541,3.248135871,10.88083767,1.454322015,11.194063,26.40716286,3.097460246,2.835747524,1.206751607,2.099000872,1.487378729,1.507004391,1.12464331,7.142857143,13.71128567,0.490487035,6.433699812,2.707612607,0.746782033,10.37808479,11.21091936,0.931067438,36.10144824,66.38252205,2.104120674,5.973984581,1.500699162,1.996858491,1.117737467,1.317453871,0.160291341,21.59353349,33.61220026,0.134331246,16.14509734,12.12532358,0.730556256,2.385267401,7.623941085,100,1.276059876,0.020123357,2.04688231,2.490595766,4.253741381,0.0547702,0.686525793,0.726573499,0.220065996,0.081055743,1.687411245,0.11094876,0.126380121,0.067145029,0.350955282,0.057699557,0.146479479,0.581382368,0.53450223,0.446390367,2.875119729,3.042080357,0.98619988,2.78127622,0.296264238,0.051459312,0.018422664,0.050078419,0.144103851,1.522089053,0.082283936,1.692367608,1.27804598,4.635454264,0.363514489,0.12632773,0.340311437,0.987418789,50.63679489,0.595545014,62.95761576,46.10704342,1.179906533,2.457270981,1.124029762,1.062532795,1.109684379,0.978199092,0.984888078,1.03620333,1.058033166,1.750097955,0.954470162,0.009224489,0.051747289,0.207526156,-1.274933023,-0.05125072,2.08659512,2.689669965,1.231792028,1.549264902,1.105567355,1.10142223,1.152347285,0.925198899,0.949025483,1.060124188,1.123583479,1.908862139,0.549031494,-0.004383946,0.051941068,0.278764167,-3.727053609,-0.026474022,3.467195738,6.599092389,1.42618112,6.777307595,35.08519889,4.310345001,2.368064301,1.426413454,3.291980782,1.272948954,1.102475299,3.564438517,9.677741367,22.01431512,2.354138835,6.646080034,18.04371697,2.949661615,11.20036853,6.600226472,0.880289168,22.17463782,91.20741542,3.385256518,5.804815185,1.615973259,3.119551337,1.061870578,1.024258941,-0.408324927,34.99760123,55.88230584,1.46609733,25.88955282,23.59531536,2.642044227,1.09352155,1.407484229UPN27,0.562963911,1.073633174,0.002759143,0.712460175,2.399292821,0.410751252,0.025991525,0.049741005,0.019533087,0.596144266,0.075943684,0.218047199,0.017185517,0.059914089,0.015602699,0.252931351,0.011088491,0.005128662,2.714085949,0.014023939,1.081535954,0.982348144,1.667422817,0.286865971,3.650198508,0.076365447,0.014321547,0.006409272,0.010243578,0.059526661,0.356409867,0.024590925,0.464069348,0.821006458,0.634920635,0,0,0,0,7.619047619,0,10.79365079,28.25396825,1.400514438,2.068828077,3.334756091,1.116631964,1.172590308,1.147003319,1.024481357,0.97788643,1.155630261,-0.466001716,0,0,0,0.168918919,3.022844273,0,-0.320677821,4.178464178,1.175113455,2.003986889,1.139256125,1.357839818,1.03233247,0.984219382,1.409722254,1.00129728,1.029317365,-0.301030819,0.166944908,0,0.166944908,0.333889816,0.060418157,0,0.725547871,-0.040278771,2.848287688,27.32467891,136.4698333,3.32145364,1.903521331,3.267135612,4.408674396,2.034044363,1.180463068,1.686507937,11.42857143,29.28571429,0,1.071428571,29.16666667,0.178571429,22.24206349,7.817460317,0.940387237,77.84699374,210.0552198,3.059309034,2.591015635,3.811953122,4.294125708,1.70420794,1.062330451,-0.232506148,33.40040241,46.07645875,0,1.207243461,34.83568075,0.201207243,15.16208361,2.329532752,1.831439587,1.049960667,0.005803735,0.945762742,1.882286335,2.099124763,0.027856809,0.084445629,0.042454492,0.767457688,0.139187611,0.346180273,0.037075316,0.100667603,0.029666828,0.310313027,0.01963922,0.011783183,2.723838092,0.014623772,1.667391997,1.626266904,2.324533166,0.668355538,4.197631519,0.105091884,0.02571714,0.012422156,0.016027228,0.099245413,0.471260388,0.046150498,0.545670574,1.272467242,0.330969267,0,0.047281324,0.094562648,0.047281324,10.02364066,0,11.25295508,47.89598109,1.302826027,2.139745211,1.283675965,0.727596243,1.110914903,1.306743923,1.189024349,1.049775951,1.127215604,0.174847627,0.050581689,0.003300366,-0.094562648,0.053882055,5.859009819,0.050581689,2.7075912,9.160164588,1.269676477,2.111358837,1.074816017,1.037173548,1.111001717,1.181132421,1.008734206,1.06023675,1.087168946,0.090305088,0.105318589,-0.047281324,-0.041903353,0.110696559,3.035864341,0,2.17516498,6.606388581,2.569824254,23.82370392,90.66797229,3.903744231,2.256487622,3.069457291,4.463950471,1.886441202,1.226606635,2.83054276,16.90721649,40.84618947,-0.025834125,1.052375034,38.49869611,0.687285223,22.49274938,15.1280739,0.742851196,56.40795316,134.578499,3.661350639,3.625662029,3.369507923,4.238998164,1.690240211,1.17507978,-0.256230852,47.30941704,61.76138833,-0.019824232,4.885454102,42.6669423,0.896860987,19.76348737,10.47472145,0.043658443,1.324232227,0.010310068,1.02693863,2.057689605,2.174836126,0.60239091,0.228279771,0.077365423,1.767157301,0.351025584,0.522759942,0.073286612,0.221319411,0.071263172,0.663924835,0.044909548,0.024085151,2.773801474,0.044162437,1.697434633,1.937141273,2.268036677,0.832971057,4.487322362,0.256500661,0.049070148,0.015943202,0.00963785,0.233519904,0.688560507,0.075023902,0.758170661,1.6932184,1.666666667,0,0,0,0,20,0,25,78.33333333,0.962151221,0.818546275,1.655484576,1.157607251,1.11093205,1.14498143,1.121134908,0.925613136,1.028267604,-1.666666667,0,0,0,0,1.276595745,0,-7.978723404,-1.737588652,0.986681198,2.65485238,1.168377534,2.045773913,0.684055656,1.181995377,1.716380227,1.111825824,1.035886683,-0.079365079,1.587301587,0,0,0,0.634920635,0,0.396825397,-8.492063492,1.296226888,18.34505116,80.99044535,20.26615371,2.315199542,1.857995695,4.745428809,1.608051551,0.987881173,-1.666666667,26.92307692,50,3.846153846,3.846153846,26.15384615,0,21.15384615,-12.94871795,0.843789517,30.72848501,116.9463307,6.510871946,1.795319945,2.607409719,2.818995417,1.420112237,0.986150877,-1.666666667,53.65853659,75.6097561,0,9.756097561,43.41463415,0,9.146341463,-7.601626016,0.000512489,0.470794298,0.014563924,0.550319696,1.571805803,2.998164183,0.022930689,0.164453027,1.778304545,0.561966691,0.051861034,0.117181594,0.024519325,0.262591947,0.031640531,0.655208577,0.028417966,0.019558613,0.905392034,0.001175265,0.892571999,0.723794474,3.815682374,0.508848549,3.772538049,0.312622265,2.23E-05,0.001305531,0.025622421,0.131252097,0.400799152,0.000766676,0.354836756,1.417817007,20,0,0,0,0,20,0,0,60,0.327552395,17.88099127,0.315948385,0.03313905,0.002467001,0.002273562,0.885490649,0.003652049,0.507757221,-20,0,0,0,0,-20,0,0,-26.66666667,0.338017412,392.0092147,0.735856563,1.613533139,0.82161846,0.256013778,53.62994233,0.784396091,1.327449439,-20,0,0,0,0,-20,0,0,20,0.002374258,9.928470444,0.630587101,0.078814077,0.002568713,1.649188891,303.6471021,3.450134258,1.009456101,-20,0,0,0,0,-20,0,50,-10,4.483376345,4350.034822,0.261902187,0.02481089,2.210852066,0.674627757,0.699324569,6.918571877,1.75277496,80,0,0,0,0,-20,0,100,40,1.321132081,1.078148065,0.010958456,1.30459166,1.435352692,1.961263097,0.065865614,0.196931708,0.081800146,1.119998476,0.176685747,1.560045331,0.054217068,0.199706269,0.04852263,0.54901733,0.03086343,0.027549953,2.03972968,0.016320645,2.410405279,2.135118837,2.201854446,0.809843468,4.030277729,0.187034993,0.034773611,0.016509539,0.019134425,0.114866887,0.558919802,0.060883558,0.933772656,1.953640387,0.627943485,0,0,0.078492936,0.078492936,12.48037677,0.156985871,28.25745683,78.25745683,1.268791848,2.7115704,1.258520438,0.895461288,1.199042955,1.357563701,1.167408212,1.022467181,1.060937988,0.488483947,0.079744817,0,-0.078492936,0.001251881,7.93429628,-0.077241055,1.567104575,6.431538386,1.271002441,2.96887202,1.132919476,1.158828655,1.139994001,1.236856552,1.1503047,1.017703441,1.054501992,0.799428471,0.503778338,0,-0.078492936,0.005470121,5.151865048,0.178866354,1.465465085,4.614079695,2.670192835,22.01411257,83.8712486,6.009020617,1.967539778,3.043401475,4.948955036,1.788480931,1.117163621,7.399467185,23.10327949,52.47185512,0.068349942,1.096250089,46.35466973,1.849866796,35.91288091,8.722474644,1.125468927,47.83354316,127.6008315,5.651663028,3.387646845,3.724931661,4.737878493,1.684435714,1.15353145,0.514570045,55.56223692,75.64642213,0.041771646,4.251032019,55.34884753,1.286189114,29.40941028,11.03899537,0.161937449,1.531938675,0.017997739,1.336789808,1.317099626,2.482720633,0.08384954,1.19572973,0.609487638,1.142557775,0.175275856,1.337794846,0.075294079,0.210486084,0.056916777,0.759229312,0.036444936,0.027657702,1.726479764,0.020920023,2.832389498,2.299862404,2.345393284,0.95437482,3.838718659,0.20937519,0.044825629,0.019346036,0.025538748,0.139985613,0.368086035,0.030486565,0.919669247,2.088650619,0.970873786,0,0,0,0,3.883495146,0,27.66990291,83.49514563,1.375039812,2.491483741,1.372552071,0.975613798,1.286666399,1.611772375,1.232789093,1.023093846,1.097139585,-0.081984898,0,0,0,1.333333333,8.116504854,0,0.330097087,7.61596548,1.48058415,3.391883476,1.588046289,1.013209377,1.037444793,1.733823074,1.601152007,1.017053671,1.024219115,0.814840499,2.232142857,0,0,0.446428571,8.616504854,0,-0.437760055,0.879854369,2.798714914,17.35547864,73.15801491,5.27471451,1.999283482,4.589197794,10.19939331,1.962537337,1.067918791,8.224528512,21.83908046,53.44827586,0,1.149425287,59.9096083,1.149425287,45.89331548,3.861176208,1.532574312,36.01690306,108.1722854,5.845578034,3.144807504,5.340064233,9.814559474,1.879670223,1.07534555,-0.207515008,58.77862595,80.15267176,0.763358779,5.34351145,64.81879493,1.526717557,42.55910472,3.527755132,6.083800413,2.089390397,0.008351117,3.167071959,1.513448711,2.963077909,0.052538901,0.459864713,0.28762628,0.434020692,0.101869678,1.197036788,0.072329537,0.153417147,0.039622011,0.372969846,0.054275417,0.018259185,2.232941709,0.015898201,2.940152526,2.156193348,2.397939542,1.020354551,3.460030647,0.186342062,0.039819043,0.02726728,0.021833982,0.141097769,0.377880991,0.029970988,0.971208872,1.85025752,0.589241589,0.038015586,0.038015586,0,0.152062346,6.082493822,0,31.07774187,77.11461699,1.218658506,1.62582714,0.994534403,1.085775417,0.961580817,1.287890849,1.026049409,0.999665564,1.043730237,0.187759188,0.020259472,0.059109511,0.038850039,-0.035512229,3.96024122,0,-0.522186319,3.246688368,1.281558833,2.158659065,1.076189569,1.223149238,0.97868938,1.269649903,1.109339535,1.043888486,1.038254618,0.37475605,0.335779417,-0.018342165,0.039346842,0.084018709,3.262381251,0.059020264,2.583481813,2.700452848,2.748734394,16.69918064,46.95489519,5.455801356,1.3025597,3.642901049,7.057411416,1.99353467,1.185882488,6.666136933,17.56932981,46.40180798,0.153029076,0.316026591,42.22968549,0.81915564,44.97770866,11.53422629,1.169839748,36.75796634,71.85522271,5.152972121,1.998324515,4.407176771,7.490451153,1.901665046,1.196881546,0.422928552,50.16080355,70.97053966,0.180744668,1.920476515,52.50287791,0.686829739,37.71367878,12.14914973,11.21686302,2.199825572,0.02056696,3.205651582,1.597607137,2.822002132,0.081191517,0.622521245,0.366988161,1.62584672,0.211881694,1.284239254,0.128143681,0.247114967,0.074364181,0.699225121,0.077308921,0.026726771,2.304700931,0.023640677,2.952240425,2.371270241,2.37359746,1.104114764,3.946891365,0.314006057,0.064114098,0.053477481,0.037262748,0.208572815,0.483893703,0.054762585,1.068129729,2.031377713,1.878186209,0.035774975,0.214649852,0.062606207,0.330918522,7.798944638,0.062606207,35.86441284,84.50943565,1.176934,1.646299534,0.825391792,0.89776183,0.953877224,1.195995882,1.097046,1.033332215,1.026079226,0.778408597,0.015150165,-0.087337002,-0.011681067,-0.033855206,4.295776122,-0.003193544,1.531614996,1.808676725,1.146706622,1.925498943,0.843083546,0.905721875,0.969125748,1.166310393,1.060615531,1.055904332,1.013880646,1.015704466,0.741288261,-0.089605194,-0.0179474,-0.04510216,3.705163972,-8.39E-05,3.31922417,1.083633303,2.235091253,14.0186689,28.7529913,4.927909018,1.312478828,3.104978939,5.89139771,1.87426857,1.104646716,12.46326198,28.32720879,59.17205427,0.413361334,0.667833038,47.10118021,2.145571071,43.29445108,5.183136136,1.049231819,23.47355562,37.76335685,4.275542433,1.770489836,3.398891042,5.745275584,1.673545138,1.114687773,0.274081718,53.82120984,73.75698849,0.168712309,2.887426042,49.88988167,1.657196669,31.19784201,6.157365115,18.72527115,2.277747352,0.042380908,3.724768422,0.382492316,3.696702562,0.04097798,0.33243664,0.198529194,1.071063094,0.157338005,0.289327979,0.083506039,0.099566902,0.051166044,0.403937014,0.055134862,0.010020457,2.254706804,0.020421549,3.174484836,2.247842028,2.253336121,0.587695941,4.188207188,0.150866075,0.03987095,0.049420211,0.020489723,0.138679297,0.331402037,0.035920643,0.510358779,1.837514701,0.414758955,0.01615944,0.183140318,0.064637759,0.253164557,5.418798815,0.075410719,11.6240237,73.25074064,1.240048683,1.391632704,1.027105987,0.883564246,0.97288046,1.184872762,0.980244654,1.008206924,1.070679642,0.365958886,0.030998014,0.057886667,-0.012240589,-0.017377289,2.252146954,-0.043972417,0.018627596,4.936317258,1.199621661,1.74563935,1.049641893,0.982801434,0.961511851,1.144312729,1.010349433,1.059367701,1.059275441,0.330569619,0.193792271,0.105543285,-0.022647417,-0.043212846,1.682817813,0.003321173,1.293255325,4.153206451,2.340598842,21.65706781,28.53593385,5.218057051,1.519004608,3.149668712,4.357226673,2.578422004,1.179659657,3.09867298,27.60835007,51.48604169,0.110430155,1.032679089,28.42967689,0.359240654,36.73094159,10.52227475,1.016465951,32.55371707,35.48672336,3.719828777,2.008125994,3.916572628,4.869027374,2.385576414,1.183586547,-0.012659861,43.96939225,62.23081729,0.023960346,2.561529098,39.18012438,0.462993152,31.50280789,10.32453367,0.136770746,2.333221783,2.239219508,3.448929061,0.470167154,4.032490334,0.091896112,0.407215997,0.217039006,2.270826621,0.640523487,0.170529241,0.573910354,0.138099948,0.134825419,0.550789897,0.067940364,0.017514511,1.883055784,0.17598218,3.176088461,2.188452041,2.51608964,0.43120409,5.577849666,0.261127268,0.077305987,0.117567869,0.069549662,0.237593187,0.971520895,0.149430574,0.356129416,2.192462328,1.6,0,1.6,1.6,0.8,31.2,0.8,7.2,79.2,0.898964975,0.769817392,0.327415186,0.500285526,0.925326481,1.015312389,0.952461943,1.090497554,1.06410717,0.240490798,0,-1.6,-1.6,-0.186503067,-1.138650307,0.426993865,1.388957055,4.235582822,0.836104176,1.384418295,0.839425558,0.597743531,1.246761067,0.958523974,0.570803447,1.212977324,1.047701402,-0.836641221,0,-1.6,-1.6,0.726717557,-6.009160305,-0.8,1.196946565,7.059541985,1.782291724,13.84254539,15.14476535,2.648949265,2.032044509,1.645739062,2.341635714,2.113393366,1.145678546,4.553846154,35.38461538,66.09230769,-0.061538462,5.353846154,26.49230769,4.584615385,11.26153846,9.261538462,0.670430452,12.86508313,14.60757672,1.430556485,1.911175131,1.538863982,1.348864463,1.595383945,1.097785097,-0.334177215,35.44303797,61.69113924,-1.6,11.85822785,21.96455696,-0.8,11.78734177,-0.718987342,0.002025219,2.353773573,2.504501257,2.163882086,0.509437835,3.917339262,0.036765046,0.297613624,0.035620925,6.004625918,3.547583464,0.167444655,0.556226908,0.098553565,0.300957849,0.496256748,0.055962951,0.018753062,0.922501952,1.649036527,1.307733161,1.863286672,1.819053725,0.40511857,4.596019269,0.140677981,1.978036872,0.010349066,0.000948411,0.178596485,0.790501256,0.001913186,0.822424449,1.070268819,0,40,0,0,0,20,0,20,60,0.867942832,1.067294741,13.22206112,1.08095427,1.001820789,0.783724985,75.52067392,0.401406182,0.450384999,0,10,0,0,0,-20,0,-20,-60,0.001124793,1.368285604,0.072239272,1.301897396,0.013147296,0.262349281,0.980109463,0.819641173,0.540806776,0,10,0,0,0,-20,0,-20,-60,0.639760002,0.311151861,244.3726015,113.0049422,8.734609785,1.359810263,0.10719212,0.749828497,1.495165292,0,-15,75,0,75,5,0,-20,15,4.533933033,0.000259033,141.7944879,744.826987,6.344353031,3.161926523,0.097061443,2.357579624,1.740883234,0,-40,100,0,0,80,0,80,40,1.056019787,2.446592667,0.688224248,1.641874376,0.479084685,1.217897116,0.050715129,0.095034049,0.070352255,2.044627866,0.617284493,0.205439341,0.158872792,0.111114672,0.084604664,0.246667355,0.026365209,0.011432666,2.255252073,0.530647927,1.405774318,1.928006654,1.596906122,0.410755384,4.653297348,0.122142265,0.028780388,0.022658628,0.018865765,0.125313551,0.704306434,0.079443564,0.437043546,1.346188779,0.309871625,0.044267375,0.110668437,0.08853475,0.287737937,20.27445772,0.376272687,9.80522355,49.80079681,1.354111877,1.956752814,1.367749728,0.945379077,1.07124395,1.027705059,1.046449566,1.133480655,1.129807853,0.270012399,0.035716628,0.089291571,-0.048542748,-0.147765932,0.021483087,-0.096328676,1.992416922,8.067629502,1.26667315,2.458147703,1.136016736,0.971968241,0.992517079,1.074792581,1.052155509,1.078120565,1.081053732,0.311645735,0.362933654,-0.046373538,-0.045671484,-0.094853239,1.821555992,-0.140524723,0.782003196,4.871299201,2.177338147,26.36266306,71.63077576,5.131843478,4.521162095,1.777082865,2.756554591,2.198702918,1.185925481,2.886133369,23.62614461,54.64588587,0.086246773,14.91825457,23.89533004,1.371542544,22.30463912,8.301575222,0.825465201,29.221909,53.23740923,2.87794536,2.469017898,1.744119253,2.15015117,1.394986896,1.090291008,-0.009751577,27.53676504,41.42594621,0.001501265,5.114422927,22.4026131,0.704159486,6.7614031,2.420091543,3.932182407,1.198451603,0.049460611,0.821198297,0.292519605,3.09573125,0.060885966,0.071182553,0.041769101,0.651694621,0.151211153,0.194072,0.034450061,0.063124039,0.021392595,0.304024584,0.014872974,0.008281091,1.914954346,0.266443149,2.013218931,1.601272014,2.566088459,0.437146494,4.406144848,0.064124035,0.014633731,0.011307207,0.011321298,0.082959213,0.353908083,0.031244811,0.312642068,1.457401874,0.168173218,0.042043305,0,0.126129914,0.168173218,7.862097961,0,5.822997688,54.97162077,1.522899437,2.466268023,1.484317802,1.000583253,1.202636595,1.377581617,1.231735544,1.092593376,1.162709,0.08969166,0.009529671,0.077359464,-0.074556938,0.063905173,4.618562173,0.103145952,0.365759404,10.55184493,1.519216241,2.584627427,1.1282232,1.16552411,1.158000885,1.19709882,1.189109737,1.115916201,1.136110397,0.277553053,0.036614273,0,-0.099910721,-0.010858064,2.127414362,0.052438385,0.889115579,8.19041384,3.083046043,40.91012279,87.61399303,4.813130051,2.442494769,3.396905974,4.619754881,2.443334976,1.287307788,1.225959805,18.02359713,34.59192565,0.019092276,1.835893003,31.52215995,0.551844322,17.90630815,15.86776349,1.088744286,80.37802241,128.0803936,3.8093038,3.711400708,4.249872032,4.416054242,2.216954649,1.254197282,0.0957564,38.25707693,51.02639296,-0.038153374,4.699861972,39.96781406,0.64516129,15.43799938,13.67940562,29.72987874,1.048420149,0.014436165,3.04318924,0.787131349,2.957294252,0.033848221,0.168394149,0.081752087,0.873636286,0.125706325,0.33447261,0.04184854,0.086071264,0.034495947,0.376197623,0.032031691,0.009246241,1.978640942,0.012005298,2.859512318,1.899205571,2.136489615,0.577489245,3.921303158,0.099426115,0.022546352,0.018987581,0.013103755,0.08575321,0.316658344,0.027083558,0.524344164,1.585064487,0.209032966,0.02056062,0.041121239,0.037694469,0.092522788,6.349804674,0.023987389,12.77842506,61.95942704,1.346927396,1.965479592,1.224983169,1.115614763,1.115517899,1.385218283,1.224120358,1.045289702,1.095208651,0.11127453,0.013354292,0.015403613,-1.12E-05,0.016758593,3.74553391,0.036305786,0.497378538,6.767256454,1.295950922,2.216825424,1.116509859,1.027786364,1.060799431,1.298644159,1.145730704,1.099289836,1.08749095,0.116944968,0.144219435,0.001864862,-0.001872718,0.01852464,3.003254503,0.008252186,1.772370186,6.080406743,2.66510149,28.23123029,61.75744228,5.18496258,1.891193605,3.682921984,5.60967146,2.459802272,1.206110387,2.137373745,18.1310301,41.79746412,0.08699381,0.723618677,33.11970337,0.489879459,34.17993662,12.77797188,1.035775467,56.54092163,88.94493235,4.91797776,2.987615836,4.955962653,6.047453557,2.407942991,1.204973775,0.011935215,43.15662187,60.72172891,0.043893782,2.518301253,47.72620838,0.40775044,31.96593176,12.35387184,25.19365457,0.825786975,0.007933744,1.848530488,0.378287772,1.111393408,0.023534665,0.095104552,0.042435822,0.700195083,0.104984259,0.263467147,0.024393193,0.071129507,0.022739856,0.253325346,0.020693004,0.006507718,2.029743453,0.024763444,2.006105544,1.689523792,1.847185491,0.398680605,4.117637184,0.064747092,0.015001163,0.009685642,0.008400117,0.057202444,0.310568949,0.027635746,0.403307047,1.339286046,0.110171159,0.019673421,0.011804053,0.035412158,0.039346842,6.677159158,0.023608105,9.069447177,50.80857761,1.458335663,2.471753256,1.5396488,1.291034813,1.277706215,1.467436792,1.335161543,1.076023669,1.174737528,0.09344546,0.014262682,0.041524109,0.013067989,0.047917423,4.657499299,0.015176012,0.776870756,10.02915934,1.423618053,3.069367526,1.275497839,1.196702311,1.166169181,1.375172232,1.222380266,1.149949841,1.153930336,0.106588515,0.160190989,0.025091211,0.015318829,0.039055593,3.83799096,0.027122882,1.800819853,8.67581108,3.094101001,38.15595712,109.2161123,6.373441969,2.526823813,3.796681114,5.095589791,2.576862624,1.264814669,1.725630921,16.14011227,36.7593904,0.090651504,0.870675219,32.67834037,0.460949096,26.83899909,13.31055255,1.047438172,78.42769775,152.4628514,5.398998949,3.740211844,4.860184275,5.115403594,2.297575803,1.224206588,0.095051971,38.1115889,52.17925466,0.020923603,2.246275467,43.23230123,0.439149932,21.9031495,10.95553651,100,1.500820815,0.053129118,2.69532092,0.765675126,2.54326693,0.04208055,0.24737161,0.139225957,0.977949708,0.160152266,0.485059591,0.06312645,0.110576774,0.041810008,0.384695617,0.039208744,0.011801976,2.122981037,0.051507679,2.603214998,1.972142338,2.131300354,0.618964224,4.049552993,0.128732252,0.029475743,0.026005141,0.016711181,0.106813614,0.365229526,0.035404158,0.565941808,1.610694488,0.439496612,0.025169409,0.0803485,0.052274927,0.148112294,7.277831559,0.052274927,14.8160697,63.38431752,1.334537854,1.860999044,1.140694801,1.03721324,1.092733885,1.310784492,1.170729045,1.064470915,1.106839128,0.285148592,0.019472057,0.029697907,-0.008671634,0.014880968,3.769374197,0.008977318,1.153117306,7.430544972,1.281406654,2.198039085,1.081822984,1.046831554,1.048489064,1.243108999,1.119150071,1.097750675,1.08944341,0.311080163,0.250657302,0.015011665,-0.010234425,0.011846691,2.972873389,0.011298515,2.096516816,6.116836029,2.690746592,23.66171063,48.19355804,5.501466725,1.882894099,3.378585501,5.187075427,2.405742094,1.212870951,4.107135886,20.62903889,45.17673732,0.131049288,1.367431871,34.84354635,0.768364884,35.48195213,12.66067849,1.048232768,43.52716454,64.68544683,4.467295376,2.525540441,4.171861086,5.143211937,2.172416191,1.192405383,0.089793505,43.20667399,60.19525092,0.049078499,2.66930821,44.63559828,0.609081775,28.66045521,10.94459994UPN28,0.020806461,0.067531919,0.005441743,0.106143768,2.183192191,0.532755556,0.24556483,0.013604471,0.040473275,0.032161111,0.060307535,0.107090439,0.001436161,0.10253299,0.220653609,0.009696844,0.00791598,0.010242719,0.057563418,0.115351897,0.263050714,0.073766072,3.068386584,0.149366998,2.335093781,0.096412084,0.001234878,0.000201313,0.000661293,0.032506463,0.597286236,0.000375587,0.150382056,0.234711973,0,0,0,0,0,11.11111111,0,0,0,1.219582832,180.0668505,0.467095296,7.507546055,0.013720228,0.212192915,0.35950355,0.455267271,1.214870824,0,8.333333333,0,0,0,-11.11111111,0,0,0,1.083688953,51.6589605,1.053109349,47.59283257,3.579249958,0.545369023,32.13732194,0.845298694,1.580428101,0,0,0,0,0,-2.777777778,0,0,8.333333333,1.989325948,140.6622605,3.331049388,166.894639,0.429474642,1.571722982,206.3576778,4.641063345,1.792321322,0,0,0,0,0,13.88888889,0,0,12.5,0.206380461,0.13573386,426.3702835,82.37934879,0.363603681,0.70568627,25.90918602,0.712227218,0.896061938,0,0,0,0,0,-11.11111111,0,0,0,0.084097227,0.155063878,0.016480827,0.152590177,1.056256735,3.709112561,0.064428209,0.098908454,0.055711709,0.075151837,0.100760471,0.087095592,0.028354378,0.031249873,0.215985927,0.15277328,0.013143865,0.012915411,0.041422184,0.265227772,0.573388448,0.44671137,2.30518015,0.261574313,1.350120243,0.071484648,0.000143299,0.002996497,0.000284599,0.164137076,0.625556158,0.030916657,0.129941344,0.449030249,2.040816327,0,0,0,2.040816327,16.32653061,0,4.081632653,18.36734694,1.43412292,901.7317531,0.14833057,1.546098755,0.271038571,1.348925984,0.403505053,2.284591871,1.23685299,-0.117739403,3.846153846,0,0,-2.040816327,6.750392465,0,1.687598116,-1.059654631,2.739068414,141.8032798,0.17830975,0.211448616,0.548777895,0.67814765,0.439543904,2.57417673,1.483860512,2.12585034,0,0,0,0.042517007,-3.826530612,0,4.25170068,6.632653061,2.325521028,1548.244651,165.2099299,139.0165638,1.508889648,2.075099269,1.349878749,3.486038181,1.248829962,-2.040816327,4.444444444,13.33333333,0,4.62585034,14.7845805,0,9.25170068,-2.811791383,1.297771942,803.2502283,3.151764824,7.455798276,0.533655698,0.624892231,1.815990952,2.382531336,1.586059438,-2.040816327,2,0,0,-2.040816327,-8.326530612,0,7.918367347,1.632653061,0.011157673,0.142103485,0.003413286,0.203230695,1.547401846,2.643094572,1.91980917,0.100987497,0.18458377,0.354397178,0.216762438,0.156891542,0.00302189,0.064305455,0.641181788,0.217299052,0.233256287,0.103881706,0.135250987,0.510205568,0.382363162,0.499191582,3.285039736,0.356400252,2.182239197,0.154172684,0.305040396,0.00136174,0.001800304,0.000968162,0.072036166,0.000910776,0.512524187,1.941414854,0,0,0,0,0,0,0,0,66.66666667,1.191977836,0.086846537,1.109384578,0.042791579,156.3864019,4.650896194,0.725730432,0.083551174,0.334816415,0,0,0,0,0,0,0,0,-33.33333333,2.080513676,0.141625623,0.872728242,0.40735518,3.448323893,13.72058768,1.552347848,1.035814358,0.089606883,0,0,0,0,0,33.33333333,0,33.33333333,-66.66666667,2.213351985,0.312132713,279.6360484,272.2056595,293.0557672,12.99265181,1.383532742,1.813255547,0.657020727,14.28571429,0,0,14.28571429,14.28571429,28.57142857,0,42.85714286,-9.523809524,1.007541865,0.002758203,0.875243328,0.679914755,621.989697,0.010885087,1.695876734,0.079130281,0.537060834,0,0,0,0,33.33333333,0,0,0,-33.33333333,0.004661708,0.145947102,0.02076136,0.383057811,0.071343673,3.421093415,0.279997636,0.338169718,2.013329622,0.301949468,0.449081692,0.330954662,0.011996248,0.068565591,0.594511819,0.285796981,0.015780508,0.044248184,0.007084018,0.062886015,1.260793398,1.584402466,3.234789693,0.651767296,1.419912645,0.16465935,0.015668726,0.011429655,0.100451649,0.072331545,0.596459584,0.007299464,0.642222171,1.54700304,0,0,0,2.941176471,0,17.64705882,0,11.76470588,61.76470588,1.088147556,3.256874343,1.293142615,0.552015722,1.442127493,0.841617085,10.34440221,1.085306331,0.946023911,2.739726027,0,0,-1.571313457,0,-6.688154714,1.369863014,8.783239323,-8.340048348,0.855265,4.386139427,1.102892895,0.626703875,1.372884565,1.047507544,4.840146864,1.414961226,1.049728484,1.886792453,0,0,-1.054384018,0,-2.552719201,0,20.31076582,8.046614872,1.453664663,28.46247689,73.79672427,1.45715341,3.317788064,0.790198376,7.310619337,1.327792177,0.933364277,8,10,36,-0.941176471,4,-5.647058824,0,16.23529412,-9.764705882,0.806104072,2.622582741,4.115512377,0.855364514,1.46460332,0.648557279,9.361918388,0.784728233,0.890896096,0,0,0,0.284629981,0,-4.743833017,3.225806452,7.590132827,-10.15180266,3.545076801,0.193320408,0.025444388,0.509168861,0.019713096,3.308161918,0.366522845,0.375001458,0.292759887,0.248634851,0.499956148,1.622249806,0.018161371,0.077993224,0.732887394,0.295808255,0.018269926,0.04707673,0.010534796,0.028113906,1.356602041,2.144024583,3.367046491,0.741321488,1.294928686,0.179563178,0.024788667,0.00932962,0.032891022,0.146081487,0.497190233,0.034963901,1.033445207,1.677241758,1.93498452,0.077399381,0,0.232198142,1.00619195,12.84829721,0.154798762,35.44891641,64.70588235,0.95862755,1.221922537,1.726376954,0.858346693,0.93628553,1.062085947,1.305207339,1.015906596,1.040377224,-0.18498452,0.235100619,0.1875,-0.107198142,-0.19369195,1.089202786,0.220201238,1.176083591,3.544117647,0.956692144,1.669355384,0.97560795,0.956691395,0.875364215,0.974829055,0.910890754,1.001435717,1.031804338,-0.551585311,0.581362148,0,0.097182622,-0.149801964,-0.463580481,-0.088922609,-0.007546185,2.685421995,1.779626934,33.69822598,161.2759469,7.34800682,3.410176057,1.560182186,2.957151764,1.408107672,1.033984079,3.524926941,29.43563554,55.48450566,3.260177657,10.45470328,11.64752177,0.435461937,20.52747316,1.895199792,1.264650127,1.511396861,2.391192407,2.258624308,1.125944661,1.171658582,1.281887178,0.778639143,1.086662037,1.90037563,0.296782097,0.280636109,0.329074075,1.145351548,3.615687819,-0.154798762,-11.59484719,8.35305123,1.560547235,0.564754513,0.066308775,0.961406169,0.033410516,3.729776616,0.63926369,1.378807055,1.075893317,0.547607859,0.836129065,1.57696211,0.042904719,0.179418993,1.265417573,0.629902515,0.038120257,0.083253687,0.020155327,0.041439563,1.889614188,2.561430634,3.675434397,1.14441688,1.790769289,0.394783402,0.064723451,0.011857894,0.077579049,0.243227055,0.847021047,0.085732506,1.493053533,2.31624075,8.19047619,0.380952381,0,0.952380952,2.095238095,24.95238095,0.761904762,59.23809524,90.28571429,1.00045368,1.10765826,2.431140279,0.943304112,1.142261348,0.935883882,0.893005863,0.965656784,1.020053471,-1.164715066,0.204527713,0,0.218579235,0.012490242,-2.118657299,-0.059328649,-2.797814208,0.463700234,0.898607197,1.415539289,1.231872727,0.804646344,1.013330051,0.887598421,0.838991802,0.992458886,1.007180342,-2.716510903,0.42011571,0.133511348,-0.685358255,-0.092567868,-3.991099243,-0.09434802,-1.561192701,-0.566088117,1.588492318,20.71099371,175.753709,6.11065728,3.560906509,1.395815136,2.18708154,1.2697311,0.993646587,6.463308029,50.1826547,73.91304348,8.709454796,23.02553485,14.17805383,0.365309409,14.19185645,-0.591672418,1.032045488,0.768556535,3.311247167,1.48190375,1.154368762,1.144337693,1.283135744,0.820457644,1.034458416,-0.387601447,0.029725237,0.205338809,0.895668329,-0.657866432,4.000391122,0.470128092,-15.0902513,1.500733353,0.391087038,0.76242467,0.053092981,2.289261978,0.058802738,4.122353996,0.56300086,0.944590864,0.746784211,0.245942765,0.579195264,1.701940453,0.042197114,0.142913358,1.358327015,0.316410852,0.04231058,0.07136956,0.024396625,0.048205811,2.303508327,2.573372605,3.58779261,1.209565783,1.928558299,0.274762248,0.020864266,0.0060698,0.100182649,0.223340573,0.524091431,0.072488579,1.163510565,2.006374259,3.25203252,0,0,2.43902439,0.81300813,11.38211382,1.62601626,45.52845528,79.67479675,1.241050271,2.364472039,4.338286761,0.727743178,0.950718551,1.172817304,1.428745943,1.190882177,1.036067041,1.153253823,0,0,-1.117438487,0.068049139,4.91744565,-0.744958991,6.894452204,3.585115146,0.99850119,2.434530345,5.051614414,0.491272692,1.24895723,1.260168957,0.996258534,1.0594296,1.027903702,2.045980725,0,0,-2.43902439,1.173746837,5.17417757,-1.62601626,-3.144349324,2.44440855,1.927600357,51.62921004,279.7581647,3.958839771,3.373411351,1.505913051,1.356526105,1.447518607,1.031115311,10.62356557,41.62679426,60.76555024,3.781071304,20.23962345,15.89061345,-1.147547361,21.45719065,2.14338507,1.007083002,3.952194346,9.782592889,0.912701457,1.329058078,1.107215881,0.99884252,0.988056612,1.069243949,-0.026226069,2.419354839,1.612903226,-1.632572777,4.025701547,2.327563598,-1.62601626,-5.205874639,8.228429058,0.068782586,0.874637691,0.144174996,2.335340522,0.112760702,4.128786579,0.702788129,1.199471174,1.180351543,1.378145357,0.994871982,1.772402249,0.101685116,0.216229176,1.49943881,0.542753049,0.145705679,0.139675609,0.045693984,0.065793155,2.321123161,2.662606073,3.688872827,1.318473471,2.08364378,0.342303439,0.0427932,0.007964962,0.108357386,0.251361349,0.864966275,0.086053715,1.279547273,2.24948823,4.761904762,0,0,4.761904762,0,23.80952381,4.761904762,42.85714286,90.47619048,1.554275265,2.64539932,3.084732832,0.51066897,1.270469285,0.869704461,0.9094689,1.109900472,1.113121125,11.9047619,0,0,-4.761904762,2.777777778,-4.365079365,-4.761904762,12.6984127,3.968253968,1.269229407,3.562802195,0.917163159,1.145229151,1.424252958,0.910810367,0.904519226,1.337222193,1.04157011,2.380952381,2.380952381,0,-2.380952381,2.380952381,2.380952381,-4.761904762,23.80952381,-4.761904762,1.524351831,19.78083839,183.9607702,5.097230435,3.400351308,0.63731152,0.25374327,1.187939151,0.998998516,9.523809524,28.57142857,47.61904762,4.761904762,23.80952381,-9.523809524,-4.761904762,19.04761905,-4.761904762,0.634621496,1.00189972,0.97551023,0.991637944,1.013208753,0.564745967,0.572144798,0.842301583,0.986242055,-4.761904762,0,0,0.501253133,5.263157895,-8.020050125,-4.761904762,-0.751879699,-1.002506266,0.233079855,1.619233838,0.100407893,3.021528351,0.042461665,4.565080915,0.330101442,0.532312972,0.436746585,0.964337332,1.119669136,0.237075214,0.07296935,0.094360837,0.789970333,0.206586792,0.038859244,0.046471123,0.045049392,0.342542128,1.794244601,1.848070359,2.784146844,0.823053322,3.133507493,0.165311251,0.034695656,0.046625088,0.050804357,0.15835883,0.511666756,0.082510725,0.606142074,1.531215323,0,1.428571429,0,1.428571429,2.857142857,17.14285714,0,14.28571429,54.28571429,1.473416398,1.254844897,0.298262666,0.969052799,1.177988061,1.139285939,0.690799557,1.101074622,1.034407098,4.166666667,-1.428571429,0,-1.428571429,-1.81547619,-0.476190476,0,4.464285714,4.047619048,0.963237817,1.158106891,0.473157035,1.333564086,0.993959068,1.180708386,0.757354622,1.022607146,0.970668231,3,-0.428571429,0,-0.428571429,-1.857142857,-1.142857143,1,4.714285714,0.714285714,1.638012353,15.89934202,25.20627548,4.148714261,5.463343005,1.282466578,1.690637573,1.479154201,0.8680695,5.747126437,18.11165846,43.67816092,0.870279146,24.72906404,2.397372742,0,11.00164204,-7.159277504,0.621835599,1.015583274,0.128079635,1.714352034,1.101406648,1.325865977,1.820488389,0.803819706,0.888004949,1.960784314,-0.448179272,0,-0.448179272,-2.857142857,2.464985994,2.941176471,-1.540616246,-6.246498599,0.0113828,1.327763454,2.662766737,2.629926593,0.128972089,4.180939653,0.380316166,0.335676258,0.580974249,1.750339749,2.120377937,0.128613614,0.478068917,0.09558955,0.574328844,0.301071653,0.021642005,0.020554464,0.059024953,1.010272375,1.046586688,1.130776638,1.9070566,0.414471331,3.24656334,0.001829869,1.19E-05,0.000717116,0.424202691,0.000273103,0.241214308,0.002246984,0.417528996,0.123871088,0,0,0,0,0,0,0,0,0,16.70038297,1641.460113,27.83455263,0.07706089,1020.029314,2.556111786,18.13370713,1.23284284,12.79123806,0,0,0,0,0,0,0,25,75,113.832703,25.46446873,0.454218683,0.101190981,2.189935899,6.036352364,40.21496981,1.868316263,15.86061207,0,0,0,0,0,66.66666667,0,33.33333333,50,33.67955355,33998.04627,2097.949053,0.052749048,6044.647814,3.658019025,95.61176532,1.334710108,7.306812628,0,12.5,62.5,0,70.83333333,29.16666667,0,12.5,29.16666667,162.0918807,9056.898615,153.5336331,0.569552947,228.6067938,2.366189916,3.169717823,1.898020833,11.74634374,0,0,0,0,0,33.33333333,0,33.33333333,66.66666667,0.069710515,0.770813798,2.661329814,1.759294411,0.073980836,4.320998163,0.187644074,0.037969293,0.029916198,4.877875328,6.504496755,0.014493105,0.08801395,0.027345803,0.692551575,0.073035649,0.016601602,0.038945827,0.123063814,1.643750614,0.208000894,0.78945562,0.950787308,0.109857735,3.010298781,0.036509807,0.021754373,0.000307407,0.041329297,0.044082655,0.28837615,0.048755997,0.477439857,0.332557539,0,0,0,0,0,5.128205128,0,12.82051282,7.692307692,0.341656209,0.673999393,19.59167093,0.441864076,0.854497686,0.718410912,0.902080412,1.13865036,0.791832814,0,0,0,0,0,-2.271062271,0,1.465201465,-1.978021978,1.56226241,0.636211683,109.143901,0.449423402,1.350449348,1.607990731,0.607819535,1.201340231,1.230616967,1.694915254,0,1.694915254,0,0,11.82094741,0,0.738809213,0.782268579,0.616668215,0.467619707,1407.444869,0.539436321,6.435164338,1.364723772,1.261976407,0.64037278,1.315690491,0,0,7.692307692,0,7.692307692,2.564102564,0,-5.128205128,15.38461538,2.484391269,1.286100382,2.687755103,0.729421184,2.202230491,1.952987565,2.137393621,1.000025376,1.543849277,0,0,0,0,0,5.586080586,0,-9.249084249,10.16483516,0.804792109,0.771738667,1.599477074,0.25831421,0.032367953,0.846875916,0.189007126,0.015301226,0.040590892,2.921054411,4.354959975,0.016098894,0.19501228,0.014965394,0.420956335,0.041724806,0.009498787,0.021912547,0.028690392,1.274389322,0.055049474,0.396861506,0.279120976,0.069442799,3.354452952,0.024662569,0.013321337,0.00909543,0.018261225,0.029230969,0.221201523,0.035261943,0.23591933,0.211126284,0.139275766,0.278551532,0.139275766,0.278551532,0.139275766,4.178272981,0.278551532,3.760445682,3.899721448,1.589891656,0.953213596,0.551882528,1.041331851,0.589922458,1.239706004,1.301343924,1.045840045,1.139049064,0.309154727,-0.166443909,-0.139275766,-0.166443909,-0.139275766,2.436076795,-0.054336285,0.163321134,0.360368238,0.906698613,0.791623616,0.858904784,0.912970775,0.465100179,1.271818063,1.536080473,0.898138117,0.974039935,-0.139275766,-0.150674294,-0.139275766,-0.150674294,-0.011398528,1.959834436,0.105080182,-0.94714645,-0.319158789,2.450677507,37.42301695,178.4253399,5.834634044,37.25490941,2.509372344,5.5409412,1.410325158,1.980923021,0.076241475,14.59213812,56.11072423,0.583517433,38.86934492,9.399313226,1.66110364,2.274037076,6.229588896,1.16203088,1.00467303,1.459148021,2.009094911,0.881546776,1.286872446,1.262049667,1.149319756,1.132830945,-0.139275766,-0.164003995,0.089819308,0.06509108,0.089819308,2.121841567,-0.049456458,0.248718121,1.14037019,43.95914218,0.095001485,0.021004271,0.198092057,0.00549492,3.531162479,0.149067043,0.126686157,0.089226253,0.119825164,0.259340859,0.14255595,0.008482936,0.021555216,0.222171906,0.095479311,0.007163417,0.012576358,0.005309394,0.094511456,0.705294654,0.870146338,2.732536392,0.289431329,0.774687987,0.049865513,0.010092915,0.004538104,0.013012613,0.04045591,0.200232747,0.015268378,0.307316073,0.700171865,0.486749594,0.097349919,0.010816658,0.108166577,0.243374797,4.348296376,0.09194159,7.858301785,23.40724716,1.083127471,1.221328143,1.005677858,0.921828414,1.048173683,1.093117229,1.09984088,1.023312503,1.111059525,0.091890828,0.011999452,0.007408238,-0.021598324,0.01632996,0.695443372,0.008295334,-0.144614888,2.73180879,0.956109839,1.058513252,0.961533377,0.880195364,1.03022723,1.052205114,0.955801583,1.007572331,1.062346026,-0.064536203,0.001994409,-0.000882225,-0.013789465,0.009953238,0.395395259,-0.032334994,-0.208788572,1.438769132,1.677384813,23.90959611,120.9197953,5.243920823,4.185187522,1.527631897,2.532602339,1.431096109,1.077911967,0.717391752,6.412890909,17.84311087,0.718977245,2.935783429,4.091946703,0.234414476,5.094657927,1.772811358,1.268790623,1.398360789,1.655211309,1.956683483,1.475073067,1.367739493,1.636055608,0.828823328,1.184496302,0.266111277,0.053222255,0.049412212,0.102634467,0.198303581,2.638252509,0.038554294,-2.528046816,5.091046355,6.332117145,0.178314909,0.021532627,2.147194726,0.01885659,4.178123585,0.29098534,0.268479674,0.208262237,0.262516467,0.445666776,0.313483394,0.018145589,0.041534766,0.573402643,0.101415141,0.01992763,0.024652293,0.011411875,0.067431453,1.729032627,1.292366906,2.88285293,0.713032331,1.470008401,0.095025586,0.020075685,0.011390239,0.029764568,0.099277256,0.297163597,0.025032516,0.47679997,0.987421818,1.154529307,0.26642984,0.177619893,0.222024867,0.444049734,6.394316163,0.177619893,12.92184725,35.61278863,1.010620995,1.025572842,1.064860268,0.882288798,1.08690447,1.024690087,1.109046102,0.971714477,1.053431657,-0.28716393,-0.08572872,-0.069199221,-0.149744419,0.278754748,0.400045962,0.003081227,-1.176274424,1.9730444,0.972756839,1.015188362,1.079871793,0.822001537,1.056096616,0.935269062,1.123204189,1.005587806,1.048966474,0.025291685,-0.144379393,-0.055569446,-0.099974419,0.288252952,-0.251110305,-0.014885963,-0.025183292,1.368496966,1.388569579,14.77458665,49.54388183,3.858506834,2.665908418,0.920371132,1.960302323,1.060527287,0.949852317,0.493577597,8.820429848,18.6197075,1.336995178,5.613856725,-0.247322845,0.089640686,1.198420014,-3.675149434,1.07398303,1.188960648,1.597178551,1.701489021,1.13946452,1.038498497,1.649317179,0.708243384,1.032639286,-0.007214025,-0.036966784,0.189520997,0.328686469,0.290232047,0.214219862,0.051843163,-6.221525999,-0.229585328,42.90149074,0.025559835,0.009252728,0.082313639,0.00363014,0.824233525,0.054160498,0.041766268,0.028453308,0.053212716,0.082944,0.048474898,0.004115668,0.008541237,0.076170451,0.046079323,0.003164327,0.004807913,0.005753119,0.1432295,0.205236937,0.384660794,1.913951045,0.094614815,0.452145242,0.017831741,0.004797812,0.002542313,0.006239868,0.012810188,0.103273791,0.008041102,0.127853246,0.287243017,0.108620519,0.059247556,0.029623778,0.083934038,0.074059445,1.99466772,0.069122149,2.325466575,7.92436062,1.196159172,1.009135165,0.937951883,0.973050828,1.04756943,1.33120152,1.008184811,1.106814495,1.272359171,0.040791172,-0.021894633,-0.010947317,0.009448269,0.075352246,0.900183802,-0.019318252,0.314139975,2.690094961,1.074785109,1.279108922,0.930405192,0.970918783,1.046546935,1.159113299,0.994195208,1.077010384,1.158815091,0.007624758,0.022124138,-0.023811514,-0.008374607,-0.004312279,0.527854803,0.006437282,0.313301226,1.305514416,2.048945677,25.18578591,152.6500986,4.84715982,6.059022741,2.219205413,2.360454917,1.996237108,1.300442996,0.22532903,2.302252832,10.8595169,0.220198588,1.351189526,3.748071859,0.068035702,3.971867792,3.060194213,1.508757168,1.372027276,1.943462767,2.364211175,1.791619435,1.461517785,1.471025832,0.867521897,1.549633931,0.099042659,0.018117158,0.002950838,0.062651735,0.105100944,1.140639092,0.004170738,-0.570509125,5.716259926,100,0.101290003,0.048958064,0.309080187,0.009369936,2.387926801,0.136092082,0.130862904,0.098832194,0.17199921,0.299980014,0.194127068,0.011932796,0.02253309,0.227640713,0.091858307,0.007511697,0.013014782,0.007080779,0.13309067,0.596542182,0.767046021,2.396082299,0.26473905,0.776567395,0.04600065,0.009406551,0.004342746,0.012633159,0.037028093,0.179936616,0.014521511,0.271119229,0.570161261,0.485403705,0.095713407,0.029625578,0.132175657,0.225610173,3.935644128,0.104828969,7.0577243,18.83047333,1.256156242,1.3320523,1.219406964,1.039308887,1.213290972,1.236395496,1.226594249,1.165647294,1.244953378,0.163409414,0.013913638,-0.000540852,-0.013599466,0.078660807,1.252623541,0.011509935,1.289592075,5.157713801,1.084001153,1.312641389,1.060306284,0.963025023,1.124822819,1.128070237,1.065773241,1.111496355,1.153930834,0.008617256,0.033563107,-0.011157505,-0.025984235,0.04217689,0.716001839,-0.014797112,0.897398282,3.088821194,1.956379313,26.54021383,132.5092066,5.764920348,4.87035105,1.764680539,2.690579539,1.651567823,1.201926012,0.882016033,6.989106252,18.5098116,0.826504486,3.755265768,4.769270656,0.182527353,6.564451681,4.133260325,1.123482063,1.219226367,1.757651436,1.845370185,1.238648805,1.21762918,1.39969222,0.742498692,1.122897028,0.112079775,0.033403786,0.046325712,0.098209922,0.138956019,1.213853327,0.016693095,-2.758881291,2.539687944UPN29,1.091210504,1.63465018,0.005605992,1.288361485,3.049526115,0.60614086,0.023169677,0.042561153,0.077071018,0.124978255,0.060046635,0.368287687,0.030891907,0.219143171,0.051378375,0.079992732,0.026175787,0.029089692,0.07904456,0.103152169,0.157636643,1.850969484,1.059275146,0.424035519,2.728894767,0.078822416,0.01101244,0.008176536,0.02350304,0.032707256,1.982227184,0.082710455,0.803033296,0.791800336,0.528052805,0,0.066006601,0.066006601,0,65.74257426,0.594059406,24.88448845,24.35643564,1.502423201,1.661888107,1.268119323,1.318292,1.688779586,0.943051654,1.167130221,1.081973619,1.16904776,0.125008419,0.081632653,-0.066006601,0.097258705,0.489795918,-2.314002829,0.222267125,2.54408298,6.010911295,1.437425898,1.457554808,1.210676011,1.343781934,1.379696849,0.951663734,1.109650538,1.09851825,1.180437974,0.191371655,0.159872102,0.01392945,0.01392945,0.239808153,-1.953605432,-0.19437915,3.093129457,5.779455643,2.787656899,5.868905222,18.65638385,2.184766149,1.559441346,0.878921087,1.789804142,1.553664731,1.154617548,3.892999826,1.614035088,3.512940768,0.42522147,0.49122807,-9.742574257,1.160326559,18.34358173,4.204967865,1.768195383,54.50955098,119.6983288,2.515870682,5.209952066,1.012362077,2.377698842,1.395928738,1.237932822,0.603168914,19.45701357,33.34274151,0.386482087,2.33785822,-2.017084061,1.140480564,12.97373176,7.166942939,3.231980873,1.739316318,0.007188402,1.256931601,2.779430704,2.525891513,0.016078721,0.063123982,0.0930508,0.170072266,0.08995585,0.333123738,0.061600368,0.236825466,0.059308174,0.187742483,0.032621326,0.03951386,0.12137759,0.15992457,0.178245879,2.232627948,2.047399736,0.779220046,3.343470101,0.091655072,0.019885633,0.012532902,0.036827378,0.069397483,2.544946613,0.158098273,0.787332505,1.36401557,0.698757764,0.129399586,0.155279503,0.207039337,0.388198758,76.60455487,1.423395445,24.53416149,49.94824017,1.47415164,1.302224972,1.107847953,1.242046888,1.124926401,0.956628437,1.043560205,1.020714367,1.076128422,0.68929293,0.14217555,-0.125104488,0.124885828,0.064426469,-0.985967056,-0.065519766,1.054251304,2.797686207,1.393976088,1.29696825,1.279094992,1.207394689,1.298773981,0.923152348,1.054303678,0.995336401,1.055025993,0.587097825,0.068424351,-0.089338191,0.15563788,0.370126333,-2.915138446,0.324049329,-0.762318431,1.947572561,2.30329821,3.34261316,10.8277738,1.643788913,1.398640739,0.799714168,1.337844924,1.517429912,1.086794455,2.457676506,0.529636141,3.174585221,0.382624207,0.478953514,-15.73046538,0.831200462,16.98508929,4.058003331,1.912292404,26.53010952,60.42618246,2.439613918,3.296798072,0.871880457,1.584622491,1.393598282,1.142200473,1.295260182,16.42094937,25.89988833,0.524100576,2.370192734,-13.59358777,1.733799636,13.25247859,7.280074889,0.056829097,1.226000997,0.008403678,1.031223303,2.480085877,2.826502648,1.040605769,0.071295804,0.083647462,1.078864074,0.285391296,0.317378237,0.056851258,0.272320253,0.193619229,0.429172532,0.051837872,0.072767226,0.148389791,0.600996231,0.230326663,2.090379809,1.621723222,0.836704622,3.194970309,0.105189093,0.006969572,0.062723225,0.050821054,0.09867699,1.539915237,0.123417142,0.629137233,1.138617147,0,0,0,1.666666667,1.666666667,43.33333333,1.666666667,20,38.33333333,1.687245759,1.700870296,0.994896225,1.133070683,0.965113969,1.216449869,1.712897037,1.191662345,1.21869948,4.838709677,0,1.612903226,-0.053763441,-1.666666667,11.50537634,-0.053763441,5.806451613,6.827956989,0.528948779,1.067681342,0.72583935,1.101972944,0.624043927,1.004745841,1.101513312,0.847188698,1.345200458,0,0,0,-1.666666667,-1.666666667,0.897435897,-1.666666667,-2.692307692,19.35897436,1.543209994,7.549846205,2.410866454,1.866080493,1.10338078,0.772114015,1.787845432,1.316378282,1.00599062,2.985074627,0,1.492537313,1.31840796,-1.666666667,-11.99004975,4.303482587,5.373134328,6.44278607,1.355797216,34.80157854,5.740266057,1.709201967,2.156675642,0.717201065,1.181563216,1.084974037,1.091625341,0,3.773584906,11.32075472,0.220125786,3.993710692,-15.03144654,-1.666666667,6.41509434,5.062893082,0.015140037,1.324866242,0.005225845,1.182631702,2.467018992,3.028759723,0.057443677,0.346276953,1.6129872,0.361121823,0.12785218,0.283807975,0.065846062,0.21555733,0.066638375,0.363893958,0.01621646,0.048114859,0.124448471,0.227830308,0.15697861,2.492319455,2.552999618,0.95111666,3.53507619,0.083225723,0.034856386,0.01328071,0.038262192,0.062926723,2.637516921,0.12384944,0.842694687,1.548905362,0,1.19047619,0,0,0,79.76190476,0,27.38095238,64.28571429,1.496983338,0.704290565,1.447164626,0.793097131,2.195634988,0.931925019,1.476622491,0.834176221,1.026483681,1.315789474,-1.19047619,0,1.315789474,2.631578947,-8.709273183,1.315789474,-6.328320802,-6.390977444,1.845966487,0.047642019,0.783148247,0.333893054,0.85218998,0.864094745,1.273150648,0.848412636,0.839764926,0,-1.19047619,0,0,0,-10.27037934,0,-5.347054076,-20.21791768,2.571690414,1.753331023,8.596039922,4.824389053,1.84811285,0.70115452,1.70737363,1.350074505,1.099191521,8.928571429,-1.19047619,3.571428571,3.571428571,0,-24.4047619,1.785714286,6.547619048,5.357142857,2.019615017,14.46453398,43.18200307,0.628478291,3.638450138,0.772691967,2.001669041,1.333121254,1.098071679,4.838709677,13.32565284,20.96774194,0,3.225806452,-29.76190476,1.612903226,12.94162826,1.843317972,1.62716145,1.313944125,0.009978986,1.533253186,2.726238907,2.047491384,0.047789918,0.065231854,0.090460226,0.241554817,0.130000041,1.638727633,0.059764775,0.461222422,0.090985009,0.259764986,0.053068069,0.076404407,0.102440458,0.163436703,0.320803789,3.052980233,1.884178959,0.789830674,3.369229545,0.17394864,0.0296972,0.012829414,0.056395343,0.088299236,2.454811218,0.178219158,1.31250506,1.627478959,1.973684211,0.131578947,0.131578947,0.460526316,0.592105263,74.60526316,1.447368421,45.59210526,62.96052632,1.318922571,1.192690353,1.068319376,1.083036346,1.183701005,0.95627693,1.101696054,1.047969437,1.041582581,1.196172249,-0.011961722,-0.011961722,0.017942584,-0.472488038,-1.279904306,-0.251196172,2.254784689,1.752392344,1.306465185,1.28796837,0.984822354,1.11115089,1.297248465,0.937415664,1.104663215,1.053322772,1.007351647,0.981319147,0.002739387,-0.06441978,0.076747022,0.079486409,-2.476317557,0.365929094,3.635564314,-1.1069333,2.480723261,3.07314993,14.97164099,1.67437956,1.43684508,0.944283566,1.855661196,1.471436468,1.089116965,7.54741043,0.723609194,4.999549901,0.508686911,0.09204525,-2.370371482,1.859359059,22.76593351,3.972198884,1.736016887,26.35292145,91.45824866,2.72567431,4.019098298,1.071944897,2.143204088,1.300386448,1.153834655,1.840380152,26.26889781,43.31299793,1.148532087,4.652233235,0.186155197,4.0353491,17.16117245,8.314801455,0.905290297,2.582715507,0.014009224,1.098801181,2.869917498,2.894445804,0.05342809,0.585509244,0.794814947,0.188532053,0.115746221,1.040099979,0.106119045,0.399388056,0.08150614,0.486437516,0.047151552,0.062920616,0.151736687,0.211905532,0.222763932,3.110169836,2.668563175,0.984161392,3.875510294,0.185048575,0.033391585,0.015507563,0.062859044,0.140705478,3.139865491,0.251133192,1.223717016,1.844729873,1.590106007,0.176678445,0.088339223,0.441696113,0.883392226,89.75265018,2.738515901,43.72791519,72.34982332,1.347545777,1.363135126,1.289292211,0.820969212,1.037376298,1.003858087,0.960104457,1.062137345,1.056711915,1.541275885,0.231762671,-0.020265703,-0.305549074,0.137710565,-0.099825126,-0.355942722,4.808504139,2.871415616,1.224063964,1.18376291,1.213479354,0.881470514,0.931324422,0.987407971,0.964466134,0.99831234,1.063188578,1.154701115,-0.028310493,0.356764635,-0.293328161,-0.141552464,-0.286774806,-0.587180589,-0.256105105,3.392016441,2.221445702,3.014131178,12.39938529,1.599854187,1.106189122,0.914945614,1.430017382,1.577256735,1.140024316,7.387996183,1.283175569,5.751076836,0.215238193,-0.080472518,-6.832942147,2.224987749,27.22098992,6.190322664,1.897272705,23.07147674,74.01212986,2.00852429,2.645948074,0.965503471,1.57659093,1.401563875,1.153127268,4.215290559,24.76199694,42.51182431,0.212433077,4.594939744,-10.76655042,2.903348367,18.5778902,8.435131707,65.15003713,2.657701244,0.010671047,2.85782466,2.864995944,3.321933973,0.039442342,0.183416784,0.35462381,0.097657322,0.084011759,1.102834763,0.103947873,0.459108174,0.089939166,0.173277131,0.079372322,0.067200651,0.111839779,0.163209915,0.312201603,3.291870509,2.665944492,1.146938272,3.275512969,0.221886777,0.034923373,0.015437424,0.064633188,0.137738359,3.145243158,0.24103303,1.598139789,1.86176078,2.307437786,0.193302335,0.085331662,0.416209533,0.762760566,91.80467757,2.2186232,59.23932919,75.21898891,1.342115085,1.189447394,1.093544336,1.066840738,1.053600975,1.004901441,0.994275782,1.04632086,1.071825321,1.501346852,0.046722961,0.025338685,0.017848188,0.102480321,0.242867562,-0.008090832,2.253139479,4.874721568,1.304828677,1.09711245,1.205897524,1.065213367,1.038330028,1.004675223,0.9919019,1.036570437,1.070322842,1.245766041,0.041548346,0.026294897,0.030296701,0.02587382,0.181405354,-0.089020416,1.737765621,4.589651279,2.266775321,3.500912928,15.26444369,1.858830652,1.269368838,0.939008229,1.526796364,1.473067428,1.108969793,8.252441322,1.57322581,6.167785074,0.495010717,0.474866937,-2.681897062,2.431169018,22.49848721,7.052261565,1.727026501,25.34566716,81.60070309,2.676792811,3.308444922,1.001096843,1.629672778,1.299394848,1.103485109,3.675426747,29.79376524,47.02912033,1.058087266,6.986996951,-3.377584131,3.072356432,16.40567566,6.97790731,4.538137331,2.722150707,0.033191979,2.91096938,2.850915612,3.179360821,0.081385053,0.271562824,0.507268155,1.189164235,0.199259442,1.166298513,0.135316542,0.617766462,0.123210655,0.316924173,0.108247912,0.091959419,0.160680786,0.267385895,0.353878319,3.504197987,2.602909599,1.247325353,3.635283772,0.283927297,0.043521375,0.020597686,0.089898401,0.183132488,2.818700293,0.266540454,1.788236495,2.041450411,3.86654194,0.311817898,0.187090739,0.904271905,1.060180854,82.47583411,2.931088244,64.88930465,81.9145619,1.332228597,1.309669144,1.270219575,0.919536769,1.003164743,1.017873308,1.045751175,1.045972613,1.053195156,2.049410733,0.238977695,-0.023892045,-0.312676638,0.388207559,0.673900689,0.475684501,1.471364469,2.35716393,1.33286497,1.222477456,1.198800702,1.001934052,0.950285476,1.023798571,1.044433486,1.059407625,1.058703183,2.078710413,0.073126499,-0.03739014,-0.048839912,-0.161977262,0.821856221,0.469253928,2.818137612,3.350622022,2.529115638,3.234301013,17.11584122,1.796266695,1.169587831,0.945046012,1.664089169,1.463891297,1.063180727,17.60996813,1.857684209,10.41069294,0.516049618,0.563043744,-1.267780422,4.030048013,18.61311458,3.585672223,1.463382313,18.84734809,62.03363275,2.302476956,2.646343325,0.980330459,1.652210766,1.197149376,1.067701931,3.538973893,27.31841704,47.9998347,1.138629014,8.183945805,-4.385946472,4.193528712,10.26391292,2.916898778,1.275705089,2.945365759,0.009075803,3.012218011,1.598840049,3.671261329,0.03610327,0.070550103,0.18170605,0.223994091,0.123897448,0.19213703,0.072528805,0.283565376,0.068877302,0.187245488,0.052689512,0.038202166,0.088031689,0.166774443,0.184717495,3.276239365,2.94025854,0.991702549,3.16555624,0.109359785,0.017825196,0.009805168,0.039587011,0.07140067,3.238069587,0.134489679,1.213546607,1.835478234,1.079784043,0.059988002,0.059988002,0.119976005,0.419916017,90.16196761,1.559688062,43.31133773,70.30593881,1.604955612,1.500709606,1.093114842,1.343711885,1.35875721,0.958280438,1.171090351,1.056137233,1.140003121,1.197082988,0.12216136,-0.059988002,0.062173358,0.490830796,-2.821348299,-0.284642525,3.865347149,8.018287053,1.563527101,1.600002244,1.874461803,1.163743055,1.336878621,0.970911326,1.12339243,1.05343745,1.151843646,0.118372639,0.216509693,0.216509693,0.24868759,0.133079375,-1.682704934,-0.638029076,1.942118489,9.786227086,2.427921501,3.314028905,15.73135152,1.440565098,1.265791661,0.872072937,1.495144349,1.613610753,1.189224886,3.125344162,0.247704305,4.247704305,0.290280405,-0.009659607,-8.520941965,-0.021226524,26.0219956,10.2068817,2.308123596,44.83253898,113.6793292,2.80452506,4.760801351,0.933612827,1.853931493,1.445567703,1.151206868,1.581423736,26.44973564,39.96048283,1.005919594,6.335457576,-7.357464024,1.203873862,20.35294067,10.34912772,0.002485929,2.363389388,3.909101255,2.607609028,1.806264931,3.936120694,0.18649562,0.112136587,0.214645276,2.429594716,0.621332184,0.462844374,0.859989669,0.212544601,0.572411867,0.102301605,0.165211349,0.338818455,0.01798319,1.867733879,0.462228592,2.671317188,2.463778867,1.136282621,3.899319991,0.145473402,0.000257526,0.000299248,0.001627249,0.000294701,3.170051564,0.656194648,1.195683895,1.433837545,0,0,0,0,0,100,0,50,50,0.913780381,206.9941007,4.653029885,68.77455071,851.6750577,0.766215089,0.158267665,0.639650716,0.421228274,0,0,0,0,0,-33.33333333,0,-50,-50,0.005011358,4.03523147,16.76754247,125.3261805,874.8837166,0.820556634,0.22702593,1.253032274,1.008926177,0,0,0,0,0,-50,0,0,0,0.00607719,1.432799526,15.22304352,1.420140625,3.476566202,0.000489112,0.005143327,7.75E-05,0.001312747,0,0,0,0,0,-100,0,-50,-50,0.182049607,2967.236764,7018.233152,0.74200665,160.8746588,0.947262314,0.001032597,1.082195342,1.229760733,0,50,100,0,0,0,0,0,50,0.001104995,1.985200282,1.554347761,2.403879074,1.318184792,3.943819884,0.127987058,0.167076747,0.166782188,5.436863896,3.892620674,0.294344116,0.196966412,0.13148449,0.338977701,0.224728991,0.098893419,0.013097999,0.517190602,2.234841442,0.195184679,2.778350134,1.35413811,0.665275977,3.245684957,0.023394198,0.002171213,0.001802988,0.002833486,0.001498541,3.527138872,0.478811395,1.67569863,0.845986731,0,0,0,0,0,100,0,50,50,2.509013801,363.0673896,0.151313075,17.06662736,1.715613269,0.834331117,0.801945913,1.939449845,2.685334601,0,33.33333333,0,0,0,-33.33333333,0,16.66666667,50,0.116518171,0.782105553,1.150618278,0.91629582,0.719800547,0.343324005,0.050138278,0.312659201,0.123702285,0,0,0,0,0,-100,0,-50,-50,NA,NA,NA,NA,NA,NA,NA,NA,NA,NA,NA,NA,NA,NA,NA,NA,NA,NA,0.021503308,0.390789872,0.193814981,0.512369893,0.313727073,0.285963075,0.494668064,0.196132995,0.000876662,0,0,0,0,0,-100,0,-50,-50,0.062454177,2.903960394,0.516354243,1.446202003,1.54289331,1.120933081,0.032149616,0.03752727,0.14013185,1.125110107,0.41922121,0.143235373,0.203639656,0.215559316,0.081689436,0.210992713,0.024985254,0.039481449,0.095424048,0.656960272,0.067073683,2.385465378,1.330827516,0.434978547,3.185406891,0.083422632,0.015009698,0.009106009,0.03268854,0.060770468,2.534450471,0.105829246,0.913046046,1.288187845,0.776699029,0.194174757,0,0,0.970873786,75.33980583,0.582524272,29.12621359,46.40776699,1.453979522,1.461811013,2.094121823,1.346655039,1.250621147,0.939144914,1.24201247,1.043000347,1.053233883,0.635065677,0.276413478,0,0.235294118,-0.500285551,-4.045688178,1.064534552,0.050256996,0.180468304,1.534615279,1.675699892,2.18867666,0.965037481,1.139499484,0.897889958,1.272663093,1.009890472,0.967087735,0.686715605,0.049727682,0,0,-0.483068908,-3.632488752,1.36869524,-1.565237982,-3.724840161,2.107038465,6.970569402,32.43804076,1.737627631,2.31949733,0.851907296,1.676915658,1.649694593,1.114747169,1.807794013,2.787932599,9.343936382,0.397614314,1.216004941,-8.938215368,0.411511513,24.94933313,3.890443745,1.618199296,46.64254734,109.2631902,1.564243756,2.645658699,0.903050385,1.600906307,1.477468753,1.073019924,1.335977027,23.28000365,36.15023474,0.469483568,1.376544054,-5.621495966,1.060668216,18.76111035,1.010073385,0.572120565,1.949992746,0.035472795,0.776807615,1.162389359,3.16828626,0.073826279,0.054723623,0.112539546,0.434515691,0.129106436,0.211231797,0.062327291,0.220134203,0.066479214,0.447164981,0.032488771,0.047255967,0.114304941,0.643795813,0.100267085,2.302815331,2.608025621,0.706636001,3.076183292,0.082590928,0.025683559,0.012268409,0.021444209,0.075828633,2.751625306,0.111864265,0.813891576,1.639426671,0.475059382,0.237529691,0.118764846,0,0.593824228,76.24703088,0.593824228,26.00950119,61.16389549,1.961314702,1.297250906,0.946331744,2.131741101,1.742354432,0.845823827,0.990121751,1.017242127,1.052611462,2.024940618,-0.237529691,-0.118764846,0.909090909,1.678903045,-10.79248542,0.087993954,-0.554955733,-0.482077305,1.679098675,1.90501466,1.533780171,1.471395035,1.734570553,0.759065874,1.122732596,0.912138976,0.992514478,1.77719287,0.212920759,-0.118764846,0,0.982752349,-19.94072457,0.081851448,-2.586077764,-1.479210802,2.188791961,1.831190267,9.553922062,2.878791109,1.624169201,0.727822279,1.670616733,1.609484623,1.016509559,3.228644321,0.644304524,2.879471486,0.705467372,0.817110516,-20.86784217,2.580778947,20.02224484,-0.140967797,1.644068032,24.12194107,63.0802664,3.520674131,3.706752331,0.741201434,1.802586026,1.391973583,1.048468162,1.264071052,20.63203553,27.92471342,0.652173913,3.754001859,-24.72529175,2.014871424,13.3383249,0.575234948,20.44251608,1.367258712,0.008881011,2.858926233,2.543674306,2.686559358,0.044327635,0.062121479,0.104398339,0.26121445,0.125357253,0.368436523,0.058536672,0.278490194,0.082600401,0.111890614,0.060104783,0.042206895,0.078244544,0.157430101,0.294877792,2.58915496,2.084428635,0.915946639,2.897404225,0.108386929,0.023279204,0.01260935,0.041680135,0.069733744,2.402941764,0.132533151,1.09793289,1.407588563,0.940586299,0.195955479,0.070543972,0.360558081,0.446778492,74.21225897,1.081674244,36.40852798,52.02226054,1.484873801,1.233594197,1.367472605,1.332977172,1.190041498,0.923149463,1.040390339,1.037966202,1.059142764,0.510415325,-0.022701554,0.026911361,0.126718584,0.018841432,-3.914478791,-0.172091136,1.414969581,4.523489322,1.397397643,1.1117278,1.309729462,1.208113238,1.181781575,0.918455007,1.034939223,1.028217851,1.057297071,0.443116754,-0.031228925,0.061237271,0.023803878,-0.040452992,-4.038747005,0.071411634,1.116181001,3.874950088,2.384880015,2.916363405,11.53923653,1.832128491,1.327118814,0.771154528,1.466754926,1.413634649,1.038865529,3.954936089,0.783148999,3.404082893,0.27227774,0.233818523,-15.54957241,1.115340682,15.57953172,2.926993189,1.900345505,26.37023369,74.39289262,3.084396522,4.505264811,0.934428496,1.846743156,1.358929294,1.129973092,1.414249165,19.25659559,33.33994209,0.756479254,4.816379403,-7.793822827,1.635443599,15.86076859,8.831115728,1.02631071,0.743716803,0.008343788,1.64283973,1.076157125,0.871672059,0.045269052,0.057844227,0.090100538,0.515072807,0.10523725,0.329784902,0.026830748,0.239409596,0.071561068,0.211551363,0.037959902,0.030940496,0.049458975,0.264117653,0.122580628,1.874011339,1.029285359,0.440913612,1.898583921,0.054571135,0.012650876,0.01140565,0.03148895,0.037814255,1.371698102,0.053286131,0.673929525,0.870865116,0.524017467,0.174672489,0,0.611353712,0.087336245,40.61135371,0.611353712,19.38864629,29.17030568,1.635550344,2.119587718,1.619198214,1.586678667,1.583408234,0.841903587,1.585589321,1.133551902,1.109951038,0.506910368,0.119878321,0.147275405,0.566849528,0.501765375,-5.85435813,0.125023313,5.206346348,1.90480478,1.384092925,2.878240406,2.039025329,1.373224259,1.177790915,0.695025518,1.021978126,1.029678452,1.142440176,0.425349621,0.300011055,0.316455696,-0.294898016,0.070891604,-13.71261953,-0.453125864,2.288568902,3.741086728,2.868607693,5.370367662,14.00880066,1.704997931,1.796870753,0.759731966,1.961343082,1.482899805,1.073474724,2.459276089,1.734635387,5.369928401,-0.014695001,0.986649436,-8.630446791,0.223968484,11.27961147,0.781961626,2.016838153,29.22042754,56.77417449,2.129978279,4.293987974,0.909204193,2.514036359,1.450522435,1.199146142,0.584356917,10.1701551,21.67487685,0.004409835,3.114634199,-2.803471938,0.620173382,13.24682169,4.819842106,100,2.442083417,0.014144879,2.706419823,2.780834269,3.128847678,0.042137677,0.169296165,0.31969423,0.18970771,0.097964515,0.973345859,0.096861174,0.42995666,0.088513373,0.182145765,0.074255809,0.063523188,0.110317467,0.173729887,0.298598388,3.145574852,2.529233092,1.082437732,3.247496372,0.190735638,0.031437755,0.014702515,0.058494163,0.119738991,2.931589421,0.211481988,1.437138024,1.734951512,1.964123259,0.188947724,0.088642142,0.403555016,0.678812195,86.34677739,1.941962724,52.02710583,68.66500268,1.436316652,1.265093384,1.166948978,1.129313893,1.12922057,1.013843821,1.055694899,1.084484501,1.097612563,1.5184955,0.060569168,0.017535259,0.038142973,0.151495082,1.05633573,0.108322894,4.442283221,6.719890397,1.396230117,1.176011934,1.255924952,1.122840102,1.112614403,1.012449754,1.052714862,1.076439553,1.096175264,1.297192502,0.04438921,0.031267116,0.040433317,0.06116836,0.927717585,0.077049915,4.042895246,6.518101995,2.460714301,3.599919419,15.47595548,1.937176304,1.352853999,0.934599423,1.615345649,1.53164715,1.129471587,8.239712753,1.458808766,6.015496943,0.489253281,0.488622184,-3.396571148,2.406101217,23.77516339,8.407548933,1.80390283,26.12343357,80.63709798,2.746947415,3.493035559,1.000330434,1.71709995,1.34009451,1.126892557,3.272516894,27.35881183,43.88047451,0.981996988,6.40639692,-3.518058677,2.907469293,17.59688241,8.49204987UPN30,0.657144696,1.333156055,0.001589338,0.701636591,3.264894873,0.650382226,0.125481068,0.047036912,0.048719663,0.047763613,0.012986139,0.176622184,0.009306785,0.017529893,0.010667422,0.014116813,0.005885401,0.011556254,0.014690626,0.04926656,0.041185818,0.76443684,0.50428164,0.143457589,1.002566436,0.019371088,0.014237574,0.007198301,0.013256944,0.012803884,0.548213713,0.011544328,0.417429849,0.061400631,0.274725275,0,0.137362637,0.274725275,0,16.48351648,0,10.71428571,0.549450549,1.1944315,0.791152483,0.747102702,0.402792965,0.782153593,1.096773759,2.074158043,1.083476753,1.201880632,-0.031711909,0.243013366,-0.137362637,-0.274725275,0,1.863992629,0.607533414,1.071862524,0.787122962,1.147246606,0.272312151,0.896171819,0.581885252,0.76282461,1.035482916,1.00774774,1.095322407,1.431570268,-0.138113253,0,-0.000750616,-0.274725275,0,0.456374227,0.273224044,0.6245121,0.13360956,2.457956512,3.480590073,10.89196215,0.47215351,1.671227391,1.145384813,2.518566741,1.588050403,1.195103612,0.632990308,1.210287443,2.283212249,-0.274725275,0.453857791,4.091370052,0.15128593,9.55802896,0.660836894,1.75864296,47.66891562,129.7107428,1.268694519,5.80318019,1.76836697,4.163122525,1.727882669,1.106013856,0.013044509,19.56834532,27.48853664,-0.130840383,0.575539568,14.16396553,0.143884892,12.16341213,0.026089019,4.300399609,1.503596417,0.002832396,0.808690651,3.08717364,4.117339654,0.074106133,0.099415454,0.07439508,0.040464196,0.017658282,0.177533533,0.016023855,0.018916824,0.010849435,0.060395858,0.007409599,0.015114412,0.018553865,0.060460101,0.052262502,1.669707071,1.343909567,0.236827314,2.375158056,0.023028815,0.009372577,0.007225129,0.008468414,0.017237044,0.578350424,0.017621881,0.43647302,0.197004756,0.21710812,0.065132436,0.021710812,0,0.130264872,16.78245766,0.065132436,10.05210595,4.059921841,0.876048881,1.110985198,0.894815011,1.31466682,0.833102787,1.129498416,1.004556319,0.964936386,0.927551694,-0.064930072,-0.008065668,0.035355956,0.152178048,-0.054175848,3.533311786,0.087045612,-0.521955673,-0.350581913,1.016024413,1.062367194,1.347313289,1.067993815,1.103501777,1.147114768,1.209245628,1.063176394,1.049046043,-0.106805892,0.001048901,0.022410079,0.132362674,0.046218693,3.336668742,0.133411575,0.889875079,0.374227729,2.120033088,3.716432714,12.57967818,1.512481504,1.435399576,1.322734853,1.92589346,1.42569451,1.210062847,0.331505108,0.483480792,1.898435485,0.030478513,0.204998767,7.66130948,0.087260127,7.259689236,1.548124486,1.906058376,94.83820453,159.9339674,2.838145234,10.77587994,2.576069191,4.077810119,1.756711852,1.249876669,0.16283109,26.68258793,37.87089304,0.278622087,3.46649298,32.91359097,0.492111738,13.88406426,1.639166305,0.384844005,1.433516469,0.005816942,1.003510159,3.013015268,4.03703723,1.307580149,0.112316287,0.095087599,0.293155648,0.062638008,0.286073556,0.030464555,0.052073782,0.02448468,0.083886685,0.019659469,0.047148887,0.05586582,0.184002589,0.113312328,2.290364509,1.905427544,0.471182889,2.93059122,0.056652667,0.022553222,0.021655488,0.024875962,0.049670019,0.954390888,0.0400061,0.797616348,0.493047883,0.75,0,0.25,0.5,0.25,31.5,0.5,23,13.5,0.79583649,1.315649602,0.634172724,0.494700392,0.853867409,1.077699005,0.862290124,1.108024438,0.992724636,-0.75,0.393700787,-0.053149606,-0.303149606,0.143700787,3.539370079,0.090551181,5.149606299,-0.114173228,1.394921301,0.77958826,1.110579444,0.799477998,1.018906579,1.221097214,1.522008269,1.109778196,1.090842609,0.043650794,0,-0.25,-0.235449735,0.279100529,8.976190476,0.293650794,7.158730159,0.256613757,2.324791366,4.753244772,8.842156942,1.88463453,2.016902887,1.316715963,2.724227215,1.445753091,1.15789729,1.364803625,2.114803625,5.490181269,0.406344411,0.958459215,11.40030211,-0.197885196,14.76435045,3.720543807,1.747267839,47.50952915,59.78335795,2.714310724,9.248283948,1.949319271,4.034629804,1.509307441,1.17872024,0.655152225,34.89461358,41.90456674,-0.265807963,11.45960187,30.32669789,-0.265807963,19.62295082,4.298594848,0.066984602,1.216211596,0.004055798,0.999197547,2.884417373,4.533180521,0.29833276,0.237398882,1.448863457,0.124242725,0.034257542,0.262018331,0.028937619,0.041745384,0.02284528,0.122294097,0.009886589,0.030121358,0.026781315,0.070365366,0.109382957,2.18400314,1.948396307,0.412230283,2.572876982,0.02335874,0.012632029,0.019685759,0.006370135,0.041807787,0.732205141,0.012851157,0.553994472,0.295314952,0,0,0,0,0.8,24,0,12.8,7.2,1.75918255,0.602799384,0.435948523,2.936316041,0.792265828,1.187968305,2.51115814,1.120594635,0.865758478,0,0,0,0,-0.8,5.696969697,0,7.806060606,-1.139393939,1.291653497,1.69031753,0.360680411,0.626671747,0.873304278,1.368899865,1.284881828,1.230149638,1.140703079,0,0,0,0,0.47388535,5.936305732,0,4.397452229,0.443312102,2.970682996,3.662878768,3.470735908,3.681235207,0.759287331,1.367454681,4.132978769,1.901658941,1.072917391,0,0.448430493,2.242152466,0,-0.351569507,10.08071749,0.448430493,23.07443946,0.423318386,2.851886114,68.46252698,52.72584714,7.66926537,5.883575804,2.497488092,10.54851434,2.067110359,1.250927519,0.5,27,33,0,4.2,37.5,1.5,27.2,-0.7,1.603329144,1.114219823,0.005087142,1.141845249,2.994779259,3.6714303,0.38330784,0.167363583,0.153358254,0.112652885,0.040421478,1.610610155,0.025161104,0.062243888,0.021917953,0.082432278,0.017765883,0.05609632,0.032940147,0.062733901,0.179805611,2.444454223,1.664700584,0.432964035,2.213300117,0.055562369,0.016482828,0.015515412,0.037169119,0.052060254,0.973863907,0.042457694,0.989075588,0.403978947,0.446428571,0.089285714,0.089285714,0.625,0.535714286,33.125,0.357142857,31.96428571,9.910714286,1.078279082,1.364337165,0.704433372,0.595924285,0.930266957,1.096620795,1.206627258,1.048552723,0.892223671,0.466813438,0.36733529,-0.089285714,-0.533675799,-0.079093281,3.952625571,0.099478147,1.551696021,-2.239481409,1.321634321,1.386847175,0.944492724,0.6993063,0.817563854,1.060940308,1.226404456,1.054087844,1.02352895,0.345128157,-0.089285714,-0.001334967,-0.185246262,-0.271862043,1.703496042,0.082610881,2.160604347,-0.412033547,2.341487019,5.093662325,9.013825609,0.885367389,1.191297677,1.256763169,2.130138162,1.378810493,1.099818497,1.868386243,1.114417989,3.151455026,-0.347222222,0.112433862,9.282407407,1.031746032,16.83201058,0.737433862,2.080123508,59.68540531,82.17676979,1.487860622,5.898236167,1.868309514,4.36961654,1.490748939,1.029535213,0.66262873,32.905169,42.60942039,-0.255314233,5.933786639,30.18368762,2.138236071,20.53109321,-0.945834434,2.350812385,2.510271267,0.00792184,1.193182471,3.599032173,4.786877098,0.477149371,0.600902471,0.634488029,0.096487482,0.042563542,1.022386975,0.052393959,0.05865491,0.032512522,0.118052855,0.021648173,0.056778067,0.043319289,0.084061382,0.159984406,2.380545442,2.127736415,0.612352335,2.608813902,0.067022374,0.026127988,0.016024933,0.026027341,0.067616359,0.993584166,0.045853502,0.859263563,0.45725649,0.764774044,0.185399768,0.139049826,0.301274623,0.509849363,33.04750869,0.301274623,27.13789108,12.28273465,0.972690663,0.929192925,0.938802512,0.880173292,0.9944386,1.120449253,1.000296365,1.054792131,0.951509515,-0.127981591,0.026864383,-0.044710204,-0.112595378,0.056188373,5.042113951,-0.112595378,2.154561753,-0.726130873,1.085355438,0.96663571,1.216572163,0.959827545,0.9316469,1.154472734,1.050687168,1.033422189,1.058558125,0.148467965,-0.025582417,0.112091726,0.01836008,-0.098890459,6.792673958,0.132515331,1.560739059,0.845119235,2.431994009,3.442159596,9.159267098,1.745796188,1.169166525,1.27848701,2.209770036,1.533864413,1.106273813,1.472810093,1.342706472,3.208230509,0.244477605,0.254203757,11.04927137,0.790229834,20.41531976,1.45202977,2.040549862,47.75482403,92.63605581,3.052230477,5.620468454,1.99149152,3.963513976,1.741122541,1.104193046,0.757085391,40.73878396,50.60804481,0.584170866,8.538296736,33.91430647,1.746318072,27.95342049,1.801382675,56.77894509,2.734717232,0.00917708,3.432200828,3.472292317,5.066433815,0.595199887,0.609571783,0.76637663,0.057063933,0.039454112,1.236701347,0.0863736,0.068641668,0.050629615,0.06556446,0.052782568,0.077167454,0.047246279,0.108970798,0.312293149,2.708226159,2.228608417,0.96019279,1.978418183,0.078249884,0.035016037,0.02288971,0.039667401,0.101186686,1.162876622,0.053737639,1.27448218,0.558902097,0.656034907,0.190511308,0.158247296,0.290376106,0.688298918,41.11203294,0.390240905,46.44174041,14.61406096,1.066593262,1.014271367,1.03241536,0.962707681,0.959008761,1.116321569,1.085611572,1.002004553,0.963393758,0.091366902,0.05749787,-0.016527766,-0.017059869,-0.010069738,5.832561472,0.048414784,-0.227676437,-0.767725426,1.107446789,1.09530368,1.039254691,1.007219085,0.995355683,1.092151584,1.098381192,1.027968484,1.037253536,0.117519212,0.093528095,0.010967667,-0.027488574,0.052016547,4.696875019,0.063013462,1.491419676,0.84795632,2.436980442,2.959070805,7.609343161,1.738634801,1.173577034,1.129638778,1.824898967,1.377438089,1.126117645,2.001679022,1.399120173,4.215581561,0.254595786,0.492213262,6.156861501,0.540427428,19.0657549,2.848462459,2.304821314,36.50449178,69.96490786,3.172347727,4.502246927,1.718724962,3.347927811,1.488957748,1.11018335,1.576862053,44.57124263,56.64425833,0.863903173,9.920161104,30.31075704,1.647343555,23.76518526,2.365809532,6.501919898,2.805925582,0.038087206,3.800206969,3.404561665,4.905522892,1.157484457,0.907113247,1.298418239,1.095829488,0.174523386,1.528815328,0.184272578,0.172413501,0.102971597,0.160545074,0.117115722,0.152433302,0.10555036,0.301882866,0.430913368,3.168800055,2.401792129,1.326350083,2.759625936,0.148865748,0.063388667,0.043283109,0.094737823,0.174105075,1.237021397,0.083714062,1.474682907,0.921433075,1.677553444,0.445368171,0.222684086,0.890736342,1.17280285,44.65558195,0.668052257,55.03266033,29.6912114,1.092227344,1.046003961,0.901306821,0.978785917,1.036088682,1.082441009,1.184895521,1.021132917,1.019938782,0.25391073,0.053074197,0.026537098,0.043843097,0.151184689,3.599869766,0.126340267,-0.079389305,1.227791714,1.07470788,1.044837812,1.017906007,0.994552465,1.087390858,1.045920228,1.091389582,1.021303343,1.071768031,0.333862702,0.098257814,0.021947608,0.047018483,0.376531208,2.204977987,0.160977371,0.539506017,3.782558645,2.356488473,2.817750961,7.080920766,1.55014476,1.215174646,1.172287145,1.861777233,1.43992117,1.093406594,5.427114456,2.608302403,8.681284658,0.589831209,1.222837701,9.004710053,1.007867957,20.4968482,3.570149898,2.048786093,20.80388614,39.06608809,2.640216557,3.524578017,1.447687795,3.024317719,1.427662887,1.058118107,3.471608795,46.60544235,59.38772322,1.915420857,15.74587308,17.81547104,2.94181016,18.66302145,2.538730023,5.668606429,2.817923347,0.004513873,3.557113446,1.444296022,5.096484776,0.256249101,0.127770912,0.250080204,0.133224247,0.037388765,0.148180229,0.029630429,0.025917308,0.019075807,0.043769347,0.019878872,0.024002097,0.028150946,0.175187095,0.07298315,2.589101631,1.568294404,0.404538941,1.801656504,0.023829821,0.010293256,0.010841673,0.015749242,0.030982552,0.488852555,0.016169618,0.679326672,0.396135824,0.16943409,0.050830227,0.033886818,0.118603863,0.254151135,12.28397154,0.16943409,18.82412741,10.19993223,1.139994442,1.189705974,1.115836819,1.086685199,0.954824109,1.127412486,1.336996018,1.025146646,0.946615592,0.118603863,-0.033886818,0.101660454,0.101660454,-0.033886818,2.524567943,0.033886818,1.016604541,-1.050491359,1.112378804,1.26713135,1.091273379,1.059335745,1.21997679,1.152988861,1.431223167,1.064180998,1.067157031,0.004812294,0.071142242,0.053236374,0.07306716,0.042067718,3.119408845,0.004812294,1.824069135,0.603343606,2.321918954,9.600280776,21.95455975,2.18066169,2.631578216,1.411857705,1.910717757,1.553356349,1.284312566,0.391733138,2.463198954,6.767459983,0.262989852,1.115096901,7.042627792,0.07747949,15.40707348,4.255735563,2.143560431,98.27659363,127.483821,3.624983048,9.749426268,2.715585983,4.457317347,1.75789964,1.200012726,0.420536411,32.56347656,46.24192439,0.416056904,6.991424086,33.84434705,0.420536411,22.95315872,2.668799337,0.005631223,2.66538208,2.308749069,2.548989218,1.337603147,4.366215925,0.821216997,0.284695467,0.338584272,3.621820071,1.044221364,0.275673078,0.331892171,0.059414847,0.179885973,0.123506513,0.01917389,0.205906316,0.045602762,1.389936943,0.181387343,2.092867869,1.389941261,0.494769198,4.705567196,0.033206114,0.000981124,0.004225559,0.022968747,0.000366895,1.120265806,0.023698988,0.530478952,0.98439447,0,0,0,0,0,42.85714286,0,14.28571429,28.57142857,4.066924173,14.83880916,42.44232081,3.381700489,1479.565773,1.530429837,18.56872507,1.263043893,1.121497152,0,0,0,0,14.28571429,14.28571429,14.28571429,0,28.57142857,4.934528219,813.1375945,0.213758636,4.292824379,991.3620504,1.787000366,2.699341533,1.164188198,1.255020554,0,11.11111111,0,0,11.11111111,23.80952381,0,-3.174603175,26.98412698,0.002111153,42.31416395,306.3006647,2.254665123,5415.889363,2.052044738,0.209425043,1.579734376,1.42427773,0,0,50,0,50,7.142857143,0,-14.28571429,21.42857143,6.016491315,681.4562748,532.809678,6.368850348,1608.366877,1.58341854,5.583462702,2.098054952,0.786100065,14.28571429,14.28571429,57.14285714,0,14.28571429,14.28571429,0,0,0,0.002860779,2.464985164,2.309283996,1.947622258,0.959938477,4.136806063,0.641401218,0.099393455,0.058617168,5.577154587,3.455854791,0.071454784,0.586458536,0.154483381,0.49101833,0.094424625,0.049123765,0.101266402,0.181646011,2.258703092,0.015514854,1.943907952,0.596383474,0.38685619,4.322975596,0.213549634,0.002269856,0.004479206,0.002593748,0.001369097,2.699264181,9.12E-05,1.915720572,2.023234775,0,0,0,0,0,100,0,100,100,0.509959791,111.130913,0.023382926,0.288405217,0.084982455,0.44429292,5.636423395,0.100115776,0.149906523,0,0,0,0,0,-60,0,-100,-80,0.370328061,0.222366904,50.93811142,0.118337941,149.3412545,0.554694892,2.812959578,0.657428896,0.401407688,0,0,14.28571429,0,0,-57.14285714,0,-85.71428571,-85.71428571,6.912672877,385.3099784,617.770078,155.6737448,1826.397149,1.224109277,12748.00511,1.125958305,0.680092483,100,0,100,0,100,0,0,0,0,1.490158579,496.2583976,328.6248459,31.11730902,383.7719979,0.65512732,6317.35274,0.699444312,0.086471019,0,33.33333333,66.66666667,0,0,-33.33333333,33.33333333,-33.33333333,-100,0.189697052,2.533954169,0.797480067,1.049255803,0.725596742,0.854921759,0.432854079,0.022740179,0.109501309,2.24628099,0.628486537,0.035358075,0.247988098,0.03180003,0.088973297,0.030146117,0.012534643,0.049042574,0.046492407,0.971226185,0.023199656,1.107615753,0.217176954,0.154456558,2.646306035,0.04199892,0.015242876,0.019821902,0.020701118,0.076604962,0.902012779,0.059537226,0.346387706,0.293743533,0.591715976,0.197238659,0.197238659,0,0.591715976,31.16370809,0.394477318,7.297830375,8.284023669,0.562320035,0.878365125,0.958840211,1.083995987,0.836270865,0.958211629,0.897669814,0.994267752,0.915723588,-0.591715976,-0.197238659,0,0,0.394477318,-2.366863905,0.197238659,0.394477318,-0.788954635,1.247760785,0.741875933,0.718942235,0.998153267,1.043405957,1.029746951,1.336206158,0.890950331,0.971209739,-0.242675837,-0.197238659,-0.022718589,0.17452007,0.804444582,2.693185456,1.001683241,-0.666067722,-1.477740946,1.057516307,24.6054302,43.96630879,3.730401291,8.402626257,1.026466503,1.974693124,1.884301829,1.146743641,-0.146281678,10.9386188,25.63795065,1.113585746,19.00739316,-0.651458644,1.164542727,14.08301595,1.960965196,1.172434288,49.69852893,76.06762104,2.397179358,8.411252103,1.113855432,1.889233696,1.529934966,1.006820034,-0.126599697,21.66322646,44.91904041,0.697674419,17.78037705,1.394431448,0.76831338,6.655657997,-1.307279483,1.655529979,1.83685742,0.005837414,0.450191895,0.922073518,4.261502523,0.296465779,0.066538113,0.083137001,0.192090827,0.039451195,0.081009446,0.013868433,0.020497958,0.010670475,0.099694059,0.008316339,0.025432069,0.035466718,0.395971229,0.022494447,1.401358935,1.613806192,0.205297108,2.264747846,0.022949433,0.011731332,0.01245918,0.009993414,0.040217731,0.368799009,0.014562056,0.373610522,0.308708871,0.12345679,0.185185185,0.24691358,0.061728395,0.432098765,8.580246914,0.12345679,8.827160494,8.518518519,0.792779756,0.97758691,1.056036314,0.901570112,0.91357266,1.176300756,0.983385588,0.981780759,0.837566789,-0.068269152,-0.129997547,-0.081350666,0.103834519,0.064589976,3.395470526,-0.013081514,0.168424495,-2.116752514,0.847138849,1.031138662,0.760816994,0.993516206,1.050140282,1.14229444,0.947677182,1.034167014,1.153357897,0.122697056,-0.000569801,-0.185375119,-0.000189934,0.244824311,2.188983856,-0.000379867,0.895916429,1.143019943,1.940164418,6.201743031,11.54057993,2.150572714,2.059698273,1.541246214,2.640011785,1.561607189,1.28846411,0.375296327,1.622794865,3.24435824,0.187648164,1.375881284,7.566885256,0.188263908,8.566854469,3.326868015,1.411163498,78.67838721,93.83773978,2.382587675,10.34126512,2.854429071,3.982749665,1.645295522,1.081827672,-0.005393036,27.79592461,36.17575466,0.174399114,10.31170289,24.71373183,0.230734473,9.118530179,0.454326818,18.73445935,1.11596546,0.004676197,3.179282012,2.361973429,4.374131895,0.329783067,0.111829865,0.129070331,0.144495321,0.043930702,0.229932742,0.022093142,0.033348365,0.019609033,0.050300433,0.019959609,0.027848191,0.024775134,0.122152205,0.139883629,2.27690448,1.437106056,0.346092647,1.843234589,0.026954779,0.01328316,0.011592208,0.019141205,0.025983497,0.569365005,0.017910189,0.689347458,0.302036348,0.220646178,0.094562648,0.157604413,0.204885737,0.204885737,16.15445232,0.110323089,19.24349882,6.903073286,1.043798742,0.86338491,0.99735803,0.676622079,0.955773583,1.104604684,1.002404836,0.978152488,0.94102452,0.05939116,-0.027887091,0.002416923,-0.071534623,-0.018194178,2.861416458,0.009692913,-0.334310926,-0.328863391,1.081853171,1.090154713,0.996813547,1.002282319,0.972321614,1.098439431,1.111520499,1.034491564,1.05272591,0.000104374,0.047348421,-0.047229137,0.031632712,-0.015670978,2.152075585,0.110427463,1.428213576,1.028178685,2.211454266,5.712078417,15.72694462,1.817482325,2.543108809,1.197671959,2.030189281,1.52219602,1.348590974,0.558321689,1.487715833,5.270827914,0.208940943,0.817509589,4.390825183,0.230475353,14.25211949,3.929448622,1.956394315,58.09472915,100.2912578,2.56725587,11.0303577,2.460900156,4.41313595,1.678920661,1.244283869,0.256412893,25.11941238,37.96502783,0.258142185,6.79665769,32.11270076,0.422860579,20.00162536,2.525858943,1.095833152,0.535963347,0.013373227,1.148702666,0.531320136,0.709078725,0.305364371,0.049085228,0.0513839,0.274153408,0.029503838,0.136289329,0.013216496,0.028983771,0.012458409,0.055334069,0.012421918,0.027353637,0.025126776,0.548377456,0.034286211,0.996516376,0.688151367,0.106601332,0.957882919,0.015906832,0.016096994,0.005594247,0.024151779,0.021311441,0.24737109,0.01159969,0.437506758,0.196597735,0,0.358422939,0,0.238948626,0.119474313,5.495818399,0,13.14217443,4.181600956,1.11456937,1.107077052,1.360781595,0.459662091,1.010709637,1.182210917,1.190733714,1.076018822,1.125327297,0.224719101,-0.246063389,0,-0.126589075,-0.007114762,1.470473736,0.224719101,0.678050287,0.762219269,0.82436595,0.3366879,1.645423622,1.04479703,0.892599716,1.221167885,1.238717572,1.077366996,1.248303096,0.228571429,-0.358422939,0.228571429,0.332479945,0.337668544,2.73275303,0.114285714,0.00068271,2.218399044,2.750997522,8.487694274,67.17208124,1.991475667,8.599772711,1.780568567,3.296720515,1.83571507,1.64805279,0.246609125,3.464018491,11.22071517,0.254269623,5.182621865,8.314292575,0,13.49161102,3.709891029,1.718733368,47.9241013,222.3020885,1.511081779,19.67496782,2.552035789,5.73165633,1.725018292,1.29896097,0.197823937,24.46848112,38.47675569,0.057787279,11.55213795,13.39636756,0.890207715,11.58581765,2.544412892,100,2.509815249,0.014798711,3.093365192,3.179029748,4.83288303,0.562371739,0.523022906,0.668022671,0.165965861,0.052446183,1.033647625,0.07960928,0.067330607,0.046852271,0.073198806,0.048180138,0.070764383,0.047044101,0.137618779,0.26526923,2.584862701,2.056792082,0.831726284,2.066448137,0.070950212,0.031388157,0.021253577,0.037572687,0.088397175,1.024152432,0.04774074,1.118024948,0.521406604,0.632505923,0.18507408,0.14744913,0.300999603,0.612168112,35.29830484,0.34981035,39.39230621,13.89580939,1.033307916,0.992769171,0.983501305,0.927386305,0.939684467,1.091190307,1.068457897,0.984493271,0.947909241,0.061320609,0.035255567,-0.007624546,-0.018172605,-0.013676523,4.024181492,0.042122195,-1.025287859,-0.880471061,1.110830638,1.090854557,1.050837199,1.010982107,1.019441665,1.098222707,1.114023917,1.034107011,1.052571015,0.117231668,0.072835651,0.01449419,0.000894734,0.077590472,4.328825661,0.084037803,1.583352313,1.129931597,2.566775332,3.408593201,8.925545619,1.826438557,1.352680248,1.193459195,1.971964097,1.44739084,1.184457428,2.111744861,1.614996551,4.817546611,0.299370175,0.760995982,8.063350432,0.563208741,19.64751763,3.707074043,2.215273462,37.65347125,71.1425372,3.033611023,4.813291873,1.778441631,3.386704819,1.506858385,1.115489982,1.383367269,40.45630976,52.529065,0.793204344,9.568492417,28.91465863,1.477944361,21.73618206,2.313547552UPN31,0.890665936,0.031853903,0.014013727,0.049106909,2.389926431,0.43715407,0.618283513,0.016123143,0.013982127,0.176758748,0.069042204,0.092909214,0.008064334,0.049756919,0.016951777,0.115740568,0.014034739,0.054217863,0.081629536,0.271250466,0.031222185,0.035505921,3.435168586,0.226145116,3.021135271,0.133568051,0.018913887,0.024302649,0.022092432,0.096839809,0.354420176,0.045314315,0.525835012,0.423239621,1.966292135,0,0.561797753,0.280898876,1.966292135,7.584269663,0.842696629,12.64044944,10.11235955,1.042483908,1.527141906,0.41408036,0.947568879,0.965079326,1.102334529,0.941957273,1.212959326,1.135627517,-0.447853957,0.21691974,-0.561797753,-0.280898876,-0.230934217,3.695556801,-0.40885715,7.316166614,1.167466914,0.981205538,1.025575576,0.535939331,1.000062184,0.710993748,1.176252004,0.820769475,1.165219339,1.292055417,-1.011638197,0,-0.323134268,-0.042235392,-1.966292135,4.110241077,-0.604033145,4.543321445,6.355420879,1.755245913,14.47930715,13.60824979,3.773791443,3.324057821,4.020386553,2.595269796,3.289228037,1.228240178,2.911756646,7.073170732,6.023568101,0.450808441,5.838585914,43.39134009,0.132913127,52.23759934,5.253494108,1.262473501,13.2821689,12.72062126,1.871239855,3.656171801,4.946648169,2.63727044,2.408006336,1.404314215,0.974884336,6.14973262,9.063870696,-0.280898876,7.926755994,52.57615814,0.226822087,34.68575377,4.860902482,0.61542279,0.033796849,0.008007499,0.049005795,1.829875712,2.728639964,0.204580961,0.026205278,0.042638874,0.220853,0.060234159,0.063723589,0.00742726,0.058928042,0.016141484,0.262757442,0.01699986,0.063160259,0.080485828,0.340352908,0.043726503,0.120263102,4.033940767,0.239873622,3.043362865,0.140275294,0.013411919,0.015558869,0.011235822,0.107962016,0.379145234,0.04111797,0.68237981,0.722347794,1.19047619,0,0.396825397,0,1.587301587,8.73015873,0.793650794,19.84126984,24.6031746,1.253461874,1.00914345,1.620798579,1.708990175,1.05275121,1.089737662,0.761735843,1.026781584,1.111318894,0.108225108,0,-0.396825397,0,-0.613275613,2.308802309,-0.468975469,2.561327561,2.66955267,1.343715722,1.172678987,1.369841219,2.15870531,0.595382741,1.179788161,0.83026569,1.105064872,1.11381505,1.85006435,0,-0.396825397,0.337837838,-1.249463749,4.107679108,-0.793650794,2.793865294,3.0995281,1.349517691,9.582714408,10.16321679,8.836624262,1.76235725,3.412611977,1.147473643,2.325412676,1.012910682,1.886446886,3.58974359,2.68009768,1.025641026,2.002442002,35.37240537,-0.793650794,40.67155067,-3.064713065,1.761708974,81.38374686,74.28100032,7.07104556,9.71407682,3.833966472,3.282684531,1.994337095,1.108369448,5.21521776,29.18149466,33.0551319,0.355871886,27.23832119,37.88905835,0.629836751,27.13381913,2.443088742,0.997249515,0.07969996,0.022439079,0.123646197,1.873986075,2.745178944,1.731600606,0.057658748,0.070560437,0.801862735,0.207729828,0.123136373,0.022810433,0.154352722,0.036710769,0.34257085,0.049754246,0.205358546,0.305705872,1.147765629,0.110179263,0.211319371,4.222067537,0.662651402,2.844869478,0.248963651,0.079256503,0.051794605,0.057856958,0.304135375,0.585650392,0.081484427,0.984897078,1.249918428,4.294478528,0.920245399,0.613496933,0.920245399,2.760736196,15.95092025,0.920245399,31.90184049,47.2392638,1.194941875,1.468825352,1.375390295,1.122034499,1.231351626,0.979379286,0.925382392,1.105476511,1.08462396,1.197945715,0.784300056,-0.424102993,-0.162669641,3.110475925,-2.314556609,-0.54145752,3.893614055,6.169827105,1.053409401,0.896301553,1.388148784,0.990090817,1.115033355,1.021252996,1.240072828,1.057923738,1.026037697,-0.825090773,-0.512082133,-0.001252035,-0.512082133,1.524978089,-1.66520596,1.120570928,2.996118693,1.944409666,1.344501627,4.495125942,8.325432435,2.676147629,1.847123449,1.770020572,2.190797629,1.767893102,1.054085985,3.038854806,9.079754601,13.38650307,0.857532379,13.2392638,17.16019087,1.079754601,31.87593729,2.09406953,1.283690565,14.21447633,23.32387785,3.326134492,4.583396444,2.432804927,3.424727013,1.81790057,1.093380288,1.916701597,31.17085191,36.0324658,1.357187313,39.88936732,30.42589135,5.7050134,34.3507475,7.005042615,0.081343627,0.404112061,0.021220696,0.124639546,1.021260555,3.860591431,1.04807752,0.535192929,1.770225491,1.85731547,0.222644027,0.078443772,0.055926934,0.152505248,0.035975724,0.772132484,0.037501327,0.128432106,0.147082895,0.324799544,0.23753095,2.262215336,2.86429808,0.527418339,4.318908779,0.140451692,0.077329167,0.02125509,0.169179506,0.099799536,0.390763725,0.110229687,0.687232027,1.03800122,5.555555556,1.851851852,0,3.703703704,0,9.259259259,3.703703704,22.22222222,44.44444444,1.344814302,0.443149577,1.609700892,0.262780651,1.896537583,0.88759742,0.388606888,0.848708285,1.103614287,-0.492264416,-1.851851852,0,-3.703703704,2.53164557,-2.930145335,-3.703703704,-8.298171589,-0.140646976,1.80577026,0.822543403,1.835863392,0.264950058,1.822505444,1.218055966,0.5679484,1.215414846,1.113570695,0.937950938,-0.553150553,0,-2.405002405,0,2.429052429,-3.703703704,5.050505051,-6.782106782,2.241052527,8.145566435,25.91166462,1.076104421,4.116880771,2.940267059,1.365704875,2.101445238,1.45113572,1.486697966,20.68335942,16.90140845,-3.703703704,9.85915493,35.81116328,-3.703703704,31.29890454,16.11893584,1.221870293,13.79337694,61.05401114,1.588007225,8.836810495,2.842801982,2.490031279,1.954036328,1.235317706,-4.166666667,31.48148148,44.44444444,0.462962963,27.77777778,28.24074074,0.462962963,29.16666667,5.555555556,0.128617913,0.186919644,0.056039282,0.149766789,0.894384531,3.099359095,1.213283889,0.143476818,0.128410334,0.688241958,0.115649113,1.649589863,0.02486038,0.11084446,0.027184817,0.404037229,0.05304569,0.171258899,0.18236014,1.139776856,0.162963101,0.741690763,3.663330293,0.473343812,2.604211632,0.10347211,0.086399638,0.05115548,0.044396505,0.307752543,0.307687427,0.044081378,0.752745727,1.207790053,1.785714286,0,0,0,3.571428571,7.142857143,0,32.14285714,44.64285714,1.23514057,1.836038398,0.43728563,0.247912621,0.748689533,1.751024167,2.968636761,0.892547733,1.041192006,1.339285714,4.6875,0,0,-3.571428571,3.794642857,1.5625,-11.83035714,-4.017857143,1.74045823,0.632589944,0.297452139,1.195023744,0.782376966,0.998513723,0.840026896,0.971738115,0.857854448,2.976190476,0,0,1.587301587,-1.984126984,0.793650794,1.587301587,-5.158730159,-8.134920635,1.967943095,8.008687627,15.62640246,3.112367871,2.663962252,2.689083902,4.195522209,1.638012314,1.051783444,6.150793651,23.80952381,25.3968254,1.587301587,25,11.9047619,3.174603175,10.71428571,-0.198412698,1.666280865,13.66021369,22.22318804,2.863266139,4.226811537,2.921274041,4.459874649,1.622260198,1.175253504,-0.17281106,32.25806452,37.09677419,3.225806452,36.75115207,21.88940092,3.225806452,13.01843318,8.582949309,0.236348328,1.372530383,0.043590042,0.143140389,0.325495334,3.998438915,1.455490779,2.230062636,1.397976733,2.898457026,0.366467369,0.351027965,0.14582315,0.182460591,0.061918503,1.224055805,0.036352237,0.196561976,0.109891652,0.220180856,0.635919286,4.042414182,2.06608119,0.690789384,4.691014931,0.170289593,0.096968421,0.017985801,0.110834926,0.2261998,0.744197833,0.146618176,0.840253107,1.617075976,1.818181818,0.909090909,0,1.363636364,2.272727273,20,0.454545455,30.45454545,60.45454545,1.001982302,1.182595865,2.515459111,0.80885226,1.087587165,0.943443826,0.747315552,1.054460523,1.034496669,0.355731225,0.29863856,0.241545894,0.327184892,0.625823452,1.014492754,0.51163812,-0.985946421,4.279754062,0.845177956,1.195386973,1.454388403,0.740467377,1.056457204,0.942507617,0.789481156,1.04219259,1.019020763,-1.164587047,-0.255496138,0,-0.383244207,0.668449198,-0.392156863,0.525846702,-1.042780749,7.192513369,1.631608625,9.481819928,52.8363675,3.159867125,2.412298731,1.361664854,1.691843678,1.61663388,1.093124394,2.84131639,30.27370479,35.84229391,4.729553601,13.85630499,17.27598566,2.054415119,17.57412838,7.645812968,0.920614155,12.6412198,75.22424927,3.218114231,3.951382059,1.574128769,1.905622262,1.470903622,0.98894621,0.702826585,39.00687548,43.27731092,7.459893048,30.92055004,18.65546218,2.486631016,14.92360581,-1.210847976,0.040960154,1.620406198,0.015576301,2.943110931,1.976992884,3.981504296,0.653907741,0.877185554,0.710745059,0.134974537,0.112393815,1.596801762,0.057529985,0.089565948,0.089456451,0.423024007,0.057430066,0.106131123,0.032849607,0.159693136,0.832839448,2.685437945,2.302137124,0.683723986,3.036666092,0.115111692,0.045089399,1.61E-05,0.01397722,0.033666443,1.574206136,0.038732917,0.884422227,1.135189589,0,0,0,0,0,40.90909091,0,27.27272727,40.90909091,1.408449815,4.904850541,3251.769818,0.411196402,3.03028552,0.809933409,1.416258569,0.679271831,0.840332874,0,6.666666667,0,0,0,-7.575757576,0,-13.93939394,-14.24242424,0.722947149,6.297298644,28.39355464,2.028595481,3.588160932,0.072649866,0.9988756,0.470924449,1.222048764,0,0,0,0,0,-40.90909091,0,-27.27272727,22.72727273,0.588341647,2.182632863,6827.644555,13.71530732,5.624679807,0.595702471,1.996625929,1.657307586,0.924959073,0,2.941176471,2.941176471,2.941176471,2.941176471,-2.673796791,0,22.72727273,0.267379679,1.020878276,5.401565282,39553.61609,3.358393701,8.013659957,0.730102448,0.834015241,1.694294029,0.74727076,3.571428571,7.142857143,21.42857143,0,3.571428571,-1.623376623,0,37.01298701,-12.33766234,0.035398206,1.973738169,0.080548194,2.375340694,0.935551282,3.951274197,1.562286314,1.762064869,1.529419377,2.535555305,0.342815067,0.950918495,0.204522569,0.215974981,0.105106936,1.074513692,0.093550207,0.296189263,0.148925376,0.342291331,0.898577215,4.011149094,2.550399073,0.97586903,4.359692553,0.405734271,0.205138417,0.055795225,0.080206486,0.340685642,0.66786216,0.070525155,0.963113166,1.563145637,16.66666667,0,0,0,5.555555556,11.11111111,0,44.44444444,66.66666667,0.82055247,0.444494373,1.420841988,0.974559004,1.428998219,1.17816398,2.247872143,1.18875201,1.23345948,-9.523809524,0,0,0,5.158730159,24.6031746,3.571428571,-8.73015873,8.333333333,0.707951867,1.100279091,3.611201733,0.180033319,0.702383489,1.235769476,1.472374026,1.566551915,1.163339359,-16.66666667,5.882352941,0,0,0.326797386,18.30065359,0,14.37908497,3.921568627,0.879034041,3.885295248,17.48726236,2.827416917,2.232331561,1.885609719,3.874638041,1.660394228,1.134227705,-11.11111111,33.33333333,38.88888889,0,22.22222222,27.77777778,0,11.11111111,0,0.521779132,5.143842712,22.95988402,5.732219455,2.75011349,1.902185511,1.924459943,1.538167268,1.122010797,-13.2183908,37.93103448,48.27586207,6.896551724,25.4789272,33.7164751,0,14.17624521,-4.597701149,0.609205467,2.286054679,0.040181541,2.698242678,0.130954123,4.358124825,1.065740128,0.709698191,0.535630246,2.291693918,0.273104537,0.056974438,0.120892309,0.115263096,0.095383257,0.479136807,0.058968869,0.157821423,0.116980893,0.190590307,0.67171698,4.316889402,2.091514292,0.682781857,4.582131765,0.103761468,0.042059012,0.032314148,0.040766227,0.243132366,0.494566689,0.071469512,0.582293217,1.150926852,1.162790698,0.387596899,0,0,2.713178295,12.79069767,0.387596899,15.50387597,43.02325581,1.110605098,1.546429457,1.323233826,1.96706047,1.075847765,1.044098633,1.235418064,1.406833968,1.135541302,0.233857347,0.729721537,0.279329609,1.396648045,0.918106622,-1.338183708,0.729721537,9.077129618,5.300766532,0.954076355,1.036738358,0.912964149,1.405682974,1.084328621,1.046116547,1.228005693,1.341204962,1.170870963,-0.225290698,-0.387596899,0,0.3125,-0.838178295,-1.540697674,1.487403101,6.996124031,6.976744186,1.403509402,24.4306574,36.81449976,6.014769669,3.264768994,1.651614589,2.506330917,1.920992635,1.133786612,-0.329457364,35.02906977,42.91666667,2.083333333,22.70348837,15.54263566,1.695736434,26.57945736,8.643410853,1.329737769,37.91566572,60.26012436,7.558919374,5.273246691,2.058567089,2.890540263,1.919805937,1.127175088,-0.644655983,55.05281761,64.24870466,4.14507772,45.4733502,26.06940595,0.648672531,26.46503595,7.235811544,0.42497646,2.002295229,1.50323382,1.092139319,0.19880372,4.131877718,1.305000742,1.302203477,0.789791825,4.148012814,0.803477436,0.0514131,0.337757959,0.205947473,0.140919799,0.851544771,0.044851113,0.188248822,0.140101667,1.135776568,0.390678327,3.525038476,1.377396,0.51988306,4.725666302,0.084515317,0.080999485,0.052253779,0.095106175,0.236175869,1.310775614,0.147130052,0.571436165,1.18568815,0.348432056,1.393728223,1.045296167,0.348432056,2.787456446,49.12891986,1.045296167,13.58885017,41.81184669,1.417422259,0.840825643,0.987416499,0.699390021,0.94893729,0.992837667,0.961847411,1.052009619,1.118059505,0.336499451,-0.708796716,-0.588675163,0.108188949,-0.960972428,-2.553577395,0.324566846,-0.346841042,7.046600799,1.437952517,1.239489498,0.85286296,0.736694503,1.024553779,0.993185226,1.191102109,1.202813942,1.177665542,0.936914988,0.662827047,-0.53115735,-0.091362647,0.297376459,-0.2857322,0.754189694,6.205494299,9.087896241,1.666274633,11.27424837,29.24447261,2.750134732,5.849416725,1.312134109,2.184410057,1.941815839,1.201523366,1.753670046,27.73540091,48.50425338,4.156072449,45.8611922,7.627836896,3.759508638,27.25199067,11.94190706,1.373450649,5.974424388,15.13908214,2.247876625,4.137022556,1.038662041,1.494009692,1.203865312,1.1266491,2.37265638,13.23212212,22.76422764,3.052928488,28.84519662,0.190808031,2.696200431,5.458768873,6.827609092,0.349788164,2.126026437,3.051498341,1.287002112,0.215983227,4.295546668,0.576824804,0.022450621,0.055785688,5.623399995,2.797126322,0.025435174,0.337724927,0.10941428,0.876191995,0.07419251,0.019093088,0.0918365,0.266507537,2.151532755,0.052580299,2.306659757,0.526234057,0.133675101,3.984358275,0.034950687,0.059640897,0.030677714,0.029414712,0.073425885,1.700862059,0.105991547,0.504992675,0.527275844,0,0,0.543478261,0.543478261,0.543478261,61.95652174,0,9.239130435,14.13043478,1.309939296,1.166972581,1.395038515,0.928613181,1.429605258,1.106887494,1.445581662,1.121317983,0.947984909,0,0.843881857,0.300403596,-0.121537333,-0.543478261,12.30508164,0.843881857,2.153274629,-3.159970648,2.037512428,0.879028495,1.599999916,0.6719377,1.466972114,1.023058063,1.349765055,1.03847963,0.99078429,0.512820513,0,-0.543478261,-0.543478261,-0.030657748,5.22296544,1.025641026,5.119843924,-1.309921962,3.569220197,19.94418304,72.90854257,4.695530846,30.93675709,1.56703129,3.502439405,2.366800932,1.627834181,3.389830508,38.13559322,79.11753869,0.303979366,85.04974208,31.26381724,4.237288136,35.6761238,10.4458364,2.415604588,6.835292211,26.6074523,2.780762559,12.85697891,0.996838869,1.213473403,1.212723063,1.199275106,1.020408163,11.73469388,24.45652174,-0.543478261,31.59937888,3.34960071,2.040816327,3.515971606,6.277728483,25.7825412,1.837283671,1.823289307,0.349573505,0.128998744,0.62184477,0.670858342,0.017051678,0.079879842,4.376968614,1.199099836,0.023028508,0.490584256,0.06152972,0.250137195,0.030061688,0.018236276,0.092381043,0.086184232,1.664933801,0.031087526,1.987203428,0.176455949,0.115451637,4.166033264,0.052159179,0.02293783,0.023779104,0.036582457,0.078487105,1.481618701,0.112939785,0.407885549,0.467336326,0.349626841,0.127748269,0.188260606,0.302561689,0.746318833,55.85288778,0.874067101,8.330531836,12.04867881,1.200833481,1.264434728,1.235570379,1.074710057,1.199418289,1.087483027,1.124335102,1.165873951,1.193445022,0.091400634,0.068926146,0.014373639,0.01330934,0.296651547,5.467810709,0.204662263,1.896537715,3.166769067,1.249770532,1.389943573,1.197558024,1.135504841,1.092825684,1.070978618,1.117056037,1.158018212,1.185685677,0.075171534,0.155450648,0.008747335,0.146862678,0.146373404,4.622393877,0.221789575,2.030854607,3.391818631,1.806961985,67.8532844,106.7004589,4.637246011,26.22554577,1.470132498,3.325001635,2.775373158,1.648768827,0.348279441,50.02180308,77.69808037,1.711396437,68.87481776,23.02049208,5.197717545,33.89279817,11.28133116,1.350878139,18.72524612,39.91311332,2.036099569,11.41637184,1.152754441,1.393901143,1.505939164,1.316975457,0.230560825,12.73665973,28.74949457,0.449533433,27.20296847,7.523661175,0.766216546,8.537887331,6.094720656,27.35264972,0.507808292,0.060769226,0.062058058,0.06849733,3.957431718,0.991047245,0.210919216,0.111103485,1.166023088,0.136905981,0.024552391,0.037648562,0.058982186,0.030205875,0.25844277,0.02147208,0.100253036,0.076710018,1.152563356,0.13858164,1.648413437,2.986398477,0.358569763,2.591549126,0.053577121,0.027504033,0.015703852,0.029119063,0.132734979,0.266224903,0.03004452,0.420169052,0.793362051,0.673209506,0.291994485,0.089220537,0.356882148,1.273420391,5.523562333,0.218995863,10.78757401,26.27139265,1.364387947,1.666273145,1.435207961,1.082971016,1.341366223,1.081694858,1.151306394,1.227321675,1.263344902,0.272452457,0.210857512,0.090905551,-0.03415624,0.813040131,0.465630102,0.081214284,3.134671559,9.138394199,1.250803509,1.186273993,1.418436743,1.09891013,1.231560017,1.076039162,1.080566205,1.179985355,1.221513394,0.201132803,-0.021180495,0.135168197,0.099632863,0.366938631,0.782534851,0.044080584,2.753125461,7.533930778,1.901541733,16.00450636,32.78999291,2.999869352,3.235118579,1.73301948,3.080485766,1.772177991,1.276041533,0.759575998,13.98529165,17.17163071,0.646067705,11.09067569,7.851911751,0.758669539,13.4433573,9.329113038,1.335858293,42.87144561,81.50801104,3.122540733,8.486659482,2.454744423,3.628391877,1.765437385,1.183254819,0.362383567,35.67528426,40.38593393,0.904974958,33.50162095,15.44937301,0.947134151,13.24862823,5.675348276,3.969447775,0.434015692,0.056655347,2.557331288,0.283498241,3.489970099,0.995456974,0.247794994,0.165739142,1.80304482,0.238036197,0.058263924,0.037878917,0.098435679,0.044243643,0.330661846,0.061963034,0.156214626,0.076190458,0.887160788,0.237536469,2.33502445,2.569978595,0.613757295,3.022034966,0.088813391,0.071124171,0.066524104,0.10283033,0.11463277,0.374747825,0.032102157,0.467375285,0.819339889,0.36900369,0.36900369,1.10701107,1.47601476,1.10701107,9.594095941,0,14.02214022,26.56826568,1.377743757,0.981142458,0.803275526,1.373061305,1.662906743,0.890403327,1.187511655,1.282189677,1.213011417,1.903723583,0.767359946,-1.10701107,3.069439785,1.544504081,-3.154702002,0,5.296041597,7.901431287,1.592729345,1.123555947,0.996058873,1.070448526,1.064149396,0.99561454,1.590646953,1.10608392,1.20640551,3.978822397,0.717952832,-0.020054548,0.697898283,-0.382373389,-0.898443767,0.362318841,4.093801808,6.765067651,1.586062613,8.853194542,11.18008002,2.035035428,3.841677001,1.449007246,2.886782597,1.66882585,1.153163514,2.43099631,20.83099631,22.49298893,2.92398524,10.49298893,6.005904059,0.4,11.57785978,5.431734317,1.545780942,15.48820819,21.29110918,1.792533621,7.866419375,2.04086402,4.869964019,2.034676876,1.181890206,0.758815859,32.71370308,44.00577088,2.659323586,26.7125378,14.09011459,2.631578947,16.05304775,5.762561385,38.48355662,0.060877456,0.052149889,0.090949202,0.06526039,0.443964068,0.686874542,0.015156149,0.013545074,0.518322266,0.051660986,0.013781107,0.013712801,0.031467112,0.014186932,0.025217858,0.013662888,0.06000302,0.213014347,1.514486723,0.026414884,0.195433951,3.657486474,0.242783075,1.669942945,0.030867467,0.016646119,0.014305086,0.015384523,0.09395957,0.165713193,0.013754617,0.227268945,0.394703587,0.195727547,0.111844313,0.106252097,0.184543116,1.090482049,3.372106028,0.100659881,4.311598255,11.24594564,1.731413286,2.183105515,1.583157393,1.051538861,1.572963119,1.047472757,1.134087526,1.287854229,1.47308169,0.251633025,0.240079338,0.042868094,-0.053317348,1.003165431,0.170989707,-0.005222959,1.635314957,6.881104759,1.625625687,1.633762711,1.371990786,0.92758771,1.429521777,1.014124136,1.111216363,1.22251349,1.426405025,0.295130227,0.139720296,0.016462346,-0.086371561,0.71342027,-0.052680332,-0.008624049,1.376216201,6.443341385,1.992085358,29.10710763,58.47240956,2.103983356,6.945081458,2.615691497,4.272184338,3.11048224,1.576087345,0.354572335,14.01045829,25.73929295,0.174079279,19.12840128,9.290974414,0.449640001,18.80717996,9.059501707,1.856397499,37.65512095,70.5749703,1.711461578,9.3322445,2.366768817,3.429028209,2.817277342,1.543123083,0.348551123,18.0350469,31.0456977,0.065184745,27.12236293,7.180496904,0.411602397,15.54496831,8.642637311,100,0.802641072,0.645899111,0.2110104,0.14494677,1.608095831,0.785377869,0.102336583,0.085662008,2.017840285,0.468513347,0.028287057,0.17882607,0.053614583,0.101327342,0.117256515,0.018688835,0.085323356,0.132148077,1.419138762,0.072776643,1.260455232,2.304361958,0.248442847,2.837888455,0.04842056,0.023492161,0.01874992,0.027783676,0.103384603,0.630145621,0.052351989,0.355063037,0.549066622,0.443150165,0.183590782,0.147716722,0.289102726,1.076221828,21.25010551,0.400945387,7.985143918,16.51472947,1.419686337,1.649281266,1.396625617,1.116347033,1.375459937,1.143525443,1.192134574,1.248190289,1.309967819,0.249962651,0.195923439,0.032053173,0.010513764,0.703500128,3.500214079,0.118389864,2.601305427,6.629645732,1.36526674,1.379825611,1.310408186,1.100583093,1.250994263,1.12362561,1.176395945,1.210472492,1.275784451,0.225254769,0.104050969,0.038526139,0.052342518,0.38268058,3.160125429,0.132950814,2.434109455,6.051697153,1.877960491,31.69545641,61.93527011,3.313665578,9.068363783,1.461462251,2.954451473,2.434653406,1.466005735,0.622726963,23.24103295,36.10444217,0.8063821,29.1729763,9.749154296,1.728341561,21.8692849,10.31724685,1.50278811,30.84442511,56.82134293,2.428502294,9.231955191,1.487264425,2.050641314,1.949015879,1.322935035,0.401177012,21.46605933,32.90035027,0.532280777,28.94557466,11.00411039,0.789831256,13.34558913,7.131020217UPN35,0.094792299,0.137791449,0.155149985,0.838670729,3.457019157,0.970305956,0.144737717,0.110368559,0.050186325,1.533112827,0.446545397,0.330267116,0.005822084,0.029049837,0.878448717,0.020075486,0.827330168,0.185206157,0.054852155,2.633074085,0.295460989,0.018891963,2.664452827,1.306435738,3.510208583,0.939821715,0.39225283,0.001558705,1.11666133,0.00298182,0.717713528,0.002581809,1.037674347,0.000983751,0,0,0,0,0,0,0,0,0,NA,NA,NA,NA,NA,NA,NA,NA,NA,NA,NA,NA,NA,NA,NA,NA,NA,NA,NA,NA,NA,NA,NA,NA,NA,NA,NA,NA,NA,NA,NA,NA,NA,NA,NA,NA,0.068728895,0.820653751,174.4871316,1.35385945,109.2743751,1.41949381,208.4906453,0.79716488,1.548969767,0,0,0,100,0,0,0,0,0,NA,NA,NA,NA,NA,NA,NA,NA,NA,NA,NA,NA,NA,NA,NA,NA,NA,NA,0.373161278,0.042189048,0.074382321,0.508073599,3.290270055,2.758862986,0.122558475,0.162140636,0.200597019,1.409976162,0.704431933,0.428823268,0.068227076,0.297977132,0.950311648,0.050143732,0.614838852,0.0458258,0.281842637,2.470338098,0.08467291,0.110807326,2.783453647,1.693962625,2.666979092,0.003524958,0.001127356,0.422789489,0.096932446,0.23503427,0.153993382,0.001476977,0.873160408,0.003793609,0,0,0,0,0,0,0,0,0,NA,NA,NA,NA,NA,NA,NA,NA,NA,NA,NA,NA,NA,NA,NA,NA,NA,NA,NA,NA,NA,NA,NA,NA,NA,NA,NA,NA,NA,NA,NA,NA,NA,NA,NA,NA,235.5924001,261.4948912,0.379986344,6.892121555,1.220948722,17.06871149,506.4910351,1.893879792,18.22982222,33.33333333,16.66666667,0,33.33333333,0,83.33333333,33.33333333,83.33333333,0,NA,NA,NA,NA,NA,NA,NA,NA,NA,NA,NA,NA,NA,NA,NA,NA,NA,NA,0.044389073,0.287390471,0.314351408,0.692072192,4.025940605,2.177374734,0.574686944,0.075079978,0.141309514,1.755795765,1.046014417,0.825559518,0.000923378,0.04957677,1.736957721,0.488410308,0.847022899,0.169070312,0.493749991,2.011150909,0.63429831,0.211507061,2.67728766,2.143072019,4.15279117,1.120378534,0.002668702,0.972640791,1.77182843,0.246360378,3.960951803,0.712340095,1.528164771,0.001116157,0,0,0,100,0,100,0,100,0,NA,NA,NA,NA,NA,NA,NA,NA,NA,NA,NA,NA,NA,NA,NA,NA,NA,NA,NA,NA,NA,NA,NA,NA,NA,NA,NA,NA,NA,NA,NA,NA,NA,NA,NA,NA,1.386186306,18.50400946,0.230656202,0.964941899,2.534412491,1.116744185,2.422408751,1.440906593,2.04390705,100,0,0,0,0,0,100,0,0,NA,NA,NA,NA,NA,NA,NA,NA,NA,NA,NA,NA,NA,NA,NA,NA,NA,NA,0.061000369,0.47436895,0.000815342,0.831880511,3.570524781,3.462945538,0.110296973,0.333469727,1.32446219,1.034567467,1.469733138,0.564011922,0.301074649,0.084393523,0.652843235,0.799695127,0.582988574,0.002035006,0.123780186,2.221408415,0.001091047,0.041269084,2.731047871,2.046242739,4.307584124,0.355122112,1.001112026,0.181576316,1.140053507,0.145079809,1.121052721,0.460192931,1.469283312,0.002540587,0,0,0,0,0,0,0,100,0,NA,NA,NA,NA,NA,NA,NA,NA,NA,NA,NA,NA,NA,NA,NA,NA,NA,NA,NA,NA,NA,NA,NA,NA,NA,NA,NA,NA,NA,NA,NA,NA,NA,NA,NA,NA,1.376792006,0.354751619,2.34524466,0.517536615,3.933162825,1.920629537,1.164644383,1.416145794,0.05341393,0,0,0,0,0,50,0,0,0,NA,NA,NA,NA,NA,NA,NA,NA,NA,NA,NA,NA,NA,NA,NA,NA,NA,NA,0.319606315,1.703836641,0.113798229,1.35187547,3.463790561,4.82809658,0.511791842,0.186619248,0.160592075,1.019399732,1.975585714,2.376331443,0.350858218,0.169209362,1.328169772,0.238296242,0.762382933,0.272372556,0.451890709,2.293291198,0.509356654,2.037789803,2.207354803,1.763214452,4.954302823,0.10110793,0.256271416,0.217740593,0.938110137,0.491655315,2.893695614,0.716166296,0.86968804,0.001022123,0,0,0,50,25,100,0,0,0,NA,NA,NA,NA,NA,NA,NA,NA,NA,NA,NA,NA,NA,NA,NA,NA,NA,NA,NA,NA,NA,NA,NA,NA,NA,NA,NA,NA,NA,NA,NA,NA,NA,NA,NA,NA,1.174668137,1.183918693,2.564974685,1.521725271,0.650176853,0.696165688,0.532439147,1.237092769,0.053562774,0,0,0,12.5,-25,-25,0,50,0,NA,NA,NA,NA,NA,NA,NA,NA,NA,NA,NA,NA,NA,NA,NA,NA,NA,NA,1.863790352,2.005253912,0.114639044,1.637171798,3.294938117,5.155729323,0.487624457,0.909671584,0.935170989,1.100620253,1.177122976,2.876751489,0.259276865,0.160813673,1.116107318,0.427922997,0.628654369,0.224187384,0.347935569,2.202635289,1.003112926,2.331443029,2.168953251,1.991900887,4.495352593,0.108451943,0.226444323,0.331937264,1.058639439,0.378601553,2.418335122,0.732081162,1.016827288,0.085163726,4.545454545,0,4.545454545,40.90909091,4.545454545,81.81818182,18.18181818,31.81818182,0,NA,NA,NA,NA,NA,NA,NA,NA,NA,NA,NA,NA,NA,NA,NA,NA,NA,NA,NA,NA,NA,NA,NA,NA,NA,NA,NA,NA,NA,NA,NA,NA,NA,NA,NA,NA,5.444853083,4.796594414,3.801837022,1.188529409,1.981576184,1.158264674,1.228732813,1.476741951,0.987765375,18.53146853,38.46153846,39.04428904,7.808857809,10.83916084,-4.895104895,15.15151515,27.15617716,0,NA,NA,NA,NA,NA,NA,NA,NA,NA,NA,NA,NA,NA,NA,NA,NA,NA,NA,16.56365812,2.072439237,0.157992613,3.419975581,2.639915722,5.021187487,0.617333524,1.209554527,1.191471536,0.480370749,0.679731183,2.660696758,0.332253619,0.352273922,1.153214903,0.391053182,0.65112776,0.2818573,0.35556911,2.243936683,2.30663402,2.139415004,2.126828236,2.119598515,3.844328512,0.299360408,0.211479516,0.196439691,0.944743059,0.416363945,2.574932609,0.564270612,1.114858319,0.062724124,3.20855615,2.673796791,2.139037433,35.29411765,4.278074866,80.21390374,11.22994652,41.17647059,0.534759358,NA,NA,NA,NA,NA,NA,NA,NA,NA,NA,NA,NA,NA,NA,NA,NA,NA,NA,NA,NA,NA,NA,NA,NA,NA,NA,NA,NA,NA,NA,NA,NA,NA,NA,NA,NA,1.829318948,4.654695761,6.794641786,1.542047641,1.489688195,1.074184666,1.254468029,1.364085894,0.830104084,13.00766007,30.02890591,44.88798959,27.9491256,9.775979188,8.705015176,4.986269692,16.66136725,-0.264489088,NA,NA,NA,NA,NA,NA,NA,NA,NA,NA,NA,NA,NA,NA,NA,NA,NA,NA,76.10519455,2.195521452,0.208533098,3.629757663,2.574582318,5.009589627,0.655925212,1.315386715,1.425739876,1.65459076,1.260050326,2.95685882,0.400636249,0.326455505,1.416917348,0.53848766,1.073742716,0.346701083,0.473922192,2.228566732,2.289871149,2.57026606,2.18344914,2.152663401,4.012313161,0.422656735,0.376091358,0.358448865,1.346181243,0.515323127,2.713259164,0.680240134,1.398388165,0.101040884,8.179012346,3.703703704,5.401234568,57.09876543,6.635802469,83.48765432,14.9691358,53.85802469,0.617283951,NA,NA,NA,NA,NA,NA,NA,NA,NA,NA,NA,NA,NA,NA,NA,NA,NA,NA,NA,NA,NA,NA,NA,NA,NA,NA,NA,NA,NA,NA,NA,NA,NA,NA,NA,NA,1.68853931,2.976329273,4.013486415,1.294138738,1.459655179,1.035598593,1.276618267,1.26304092,0.653909043,15.19376872,35.34955073,47.06424867,20.5146468,12.10187011,4.184929505,10.47465118,16.85203448,-0.420045292,NA,NA,NA,NA,NA,NA,NA,NA,NA,NA,NA,NA,NA,NA,NA,NA,NA,NA,1.728342521,1.984154537,0.322175369,3.705517091,0.928470338,4.878794951,0.530909096,0.721268949,0.933301208,1.81796383,2.028531425,1.220661036,0.274791016,0.125721499,1.323575565,0.306159595,0.702371505,0.119240151,0.500109216,2.309491442,2.163883688,1.725489562,2.040642991,2.185880471,4.616059693,0.183247553,0.206790931,0.226361222,0.593731134,0.421894531,2.157655802,0.926975508,1.049996798,0.039423595,0,0,0,22.22222222,11.11111111,77.77777778,22.22222222,22.22222222,0,NA,NA,NA,NA,NA,NA,NA,NA,NA,NA,NA,NA,NA,NA,NA,NA,NA,NA,NA,NA,NA,NA,NA,NA,NA,NA,NA,NA,NA,NA,NA,NA,NA,NA,NA,NA,0.903799157,2.712287673,4.689120235,2.900623825,1.022724783,0.856706649,0.794523596,0.915315531,1.365594006,0,17.64705882,41.17647059,60.13071895,-5.22875817,-4.248366013,4.248366013,7.189542484,0,NA,NA,NA,NA,NA,NA,NA,NA,NA,NA,NA,NA,NA,NA,NA,NA,NA,NA,0.027777778,2.104234754,1.689966278,4.798124406,0.608801493,5.686347151,0.489886591,2.411672982,2.09264909,3.060716022,0.610449438,1.339490447,0.811582187,0.259699558,2.804930936,2.588471683,0.914421604,0.129238973,2.114862683,1.500737169,3.561793898,3.635548769,2.164463096,3.105555116,4.893002328,1.34194048,0.490056339,0.03940025,0.658792857,1.429149864,2.956613277,1.214493235,1.904002937,0.065494546,100,0,0,0,100,100,0,100,0,NA,NA,NA,NA,NA,NA,NA,NA,NA,NA,NA,NA,NA,NA,NA,NA,NA,NA,NA,NA,NA,NA,NA,NA,NA,NA,NA,NA,NA,NA,NA,NA,NA,NA,NA,NA,NA,NA,NA,NA,NA,NA,NA,NA,NA,NA,NA,NA,NA,NA,NA,NA,NA,NA,NA,NA,NA,NA,NA,NA,NA,NA,NA,NA,NA,NA,NA,NA,NA,NA,NA,NA,0.069590686,1.531883686,1.346117626,3.994742539,2.671632272,4.943157336,0.252992359,1.288015987,1.487269877,5.601363967,6.185566671,2.005512072,1.478632463,0.033997213,1.42446292,0.876335914,0.752375779,0.252063901,0.827089333,2.14543881,3.111426319,1.82712784,3.209853764,2.164482058,3.803759134,0.523156631,2.46107396,0.768537672,2.008272434,0.960108344,3.352702606,0.33009528,2.372898335,1.470722371,0,100,0,100,0,100,0,100,100,NA,NA,NA,NA,NA,NA,NA,NA,NA,NA,NA,NA,NA,NA,NA,NA,NA,NA,NA,NA,NA,NA,NA,NA,NA,NA,NA,NA,NA,NA,NA,NA,NA,NA,NA,NA,0.002014734,0.500063838,0.003272216,0.733361839,0.001564496,0.069531248,0.004493795,0.53792104,0.266914786,0,-100,0,0,0,-100,0,0,-100,NA,NA,NA,NA,NA,NA,NA,NA,NA,NA,NA,NA,NA,NA,NA,NA,NA,NA,1.165288439,1.52874671,0.059673647,0.599580909,0.230100167,0.462104416,0.842786716,0.090460851,0.228393435,2.708885752,2.566269983,0.161139924,0.341675618,0.238205454,0.217148176,0.263452638,1.074108186,0.131490999,0.192212047,1.290623005,0.219297268,0.055171922,0.171899604,0.283211604,0.733544354,0.242852587,0.215072924,0.599419374,1.671618686,0.038385151,0.475177429,0.749165718,0.473889562,0.000459186,14.28571429,0,14.28571429,42.85714286,0,14.28571429,28.57142857,14.28571429,0,NA,NA,NA,NA,NA,NA,NA,NA,NA,NA,NA,NA,NA,NA,NA,NA,NA,NA,NA,NA,NA,NA,NA,NA,NA,NA,NA,NA,NA,NA,NA,NA,NA,NA,NA,NA,0.136290248,0.762752236,0.717520825,0.669167611,0.004868294,0.739346085,0.002077409,1.303055963,85.62280106,-14.28571429,0,-1.785714286,7.142857143,0,-14.28571429,-28.57142857,10.71428571,0,NA,NA,NA,NA,NA,NA,NA,NA,NA,NA,NA,NA,NA,NA,NA,NA,NA,NA,0.122000738,0.686029233,0.000762107,0.454912285,0.312824243,3.708702286,0.530033559,0.001186696,0.230700477,1.196778269,1.171095059,0.151420329,0.000523977,0.115463377,0.690745757,0.019300263,0.25009882,0.127381491,0.171747735,1.718945722,0.035191132,0.342396343,1.881899946,1.320102247,0.944752182,0.865849474,0.000936238,0.033695198,0.112959509,0.120278833,2.203018057,0.458582685,1.588868153,0.001771489,50,0,0,0,0,50,0,50,0,NA,NA,NA,NA,NA,NA,NA,NA,NA,NA,NA,NA,NA,NA,NA,NA,NA,NA,NA,NA,NA,NA,NA,NA,NA,NA,NA,NA,NA,NA,NA,NA,NA,NA,NA,NA,0.399621249,338.7848762,23.91992064,8.838912748,0.88470373,0.824170225,1.208879155,0.77195123,0.573619755,-25,0,25,50,0,25,25,0,0,NA,NA,NA,NA,NA,NA,NA,NA,NA,NA,NA,NA,NA,NA,NA,NA,NA,NA,0.7454545,1.016271269,0.036497509,2.521370817,1.972934963,3.76872498,0.406514233,0.232212891,0.363038143,2.559334992,2.740031198,0.685583044,0.437655903,0.050497726,0.688122756,0.253382834,1.19285172,0.403686196,0.344099167,1.927703955,1.358011344,0.775062858,1.668133875,1.119459845,3.267887792,0.175936669,0.400930757,0.896485935,2.019178546,0.282491244,1.637659346,0.4686065,0.839799893,0.076308055,0,11.11111111,33.33333333,66.66666667,0,55.55555556,11.11111111,33.33333333,0,NA,NA,NA,NA,NA,NA,NA,NA,NA,NA,NA,NA,NA,NA,NA,NA,NA,NA,NA,NA,NA,NA,NA,NA,NA,NA,NA,NA,NA,NA,NA,NA,NA,NA,NA,NA,0.588657429,1.857572524,1.176146805,0.786705641,1.692250743,0.923976106,1.40124546,0.903259726,0.075170097,0,13.88888889,0,8.333333333,0,-5.555555556,13.88888889,-25,0,NA,NA,NA,NA,NA,NA,NA,NA,NA,NA,NA,NA,NA,NA,NA,NA,NA,NA,0.585361928,0.340013158,0.019998256,0.550417528,0.224327403,0.270808028,1.21477968,0.047675926,0.213485594,1.402574115,0.496802342,0.55243501,0.036369218,0.015860373,0.147171225,0.106934855,2.004251101,0.293472741,0.077205572,1.035867403,0.232441827,0.056336968,0.205388079,0.447879783,0.351276882,0.031080868,0.000790849,0.187614336,0.739315608,0.000739905,0.352245032,0.00021915,0.370756469,0.03721953,0,0,0,25,0,25,0,25,0,NA,NA,NA,NA,NA,NA,NA,NA,NA,NA,NA,NA,NA,NA,NA,NA,NA,NA,NA,NA,NA,NA,NA,NA,NA,NA,NA,NA,NA,NA,NA,NA,NA,NA,NA,NA,0.440173947,1.287309948,0.001627364,1.178422584,286.717637,0.001270986,202.4907859,4.968876722,0.048031579,0,0,0,25,0,-25,0,25,0,NA,NA,NA,NA,NA,NA,NA,NA,NA,NA,NA,NA,NA,NA,NA,NA,NA,NA,100,2.117823987,0.191331127,3.477356197,2.512223745,4.903072708,0.633645867,1.231536338,1.33047137,1.490765908,1.227578932,2.810015352,0.378254094,0.297526356,1.345614126,0.493070482,1.018704771,0.325780122,0.449262391,2.207459416,2.181754571,2.434088235,2.123673154,2.092069454,3.925235067,0.383188553,0.336018723,0.330137351,1.250882304,0.483304449,2.625994053,0.65546713,1.30875534,0.091183615,7,3.555555556,5,51.44444444,6.222222222,81.33333333,14.22222222,49.66666667,0.666666667,NA,NA,NA,NA,NA,NA,NA,NA,NA,NA,NA,NA,NA,NA,NA,NA,NA,NA,NA,NA,NA,NA,NA,NA,NA,NA,NA,NA,NA,NA,NA,NA,NA,NA,NA,NA,1.682462577,3.136681836,4.162439981,1.313004862,1.444426871,1.042994698,1.245963636,1.271111022,0.689678721,13.73089701,32.59062385,44.50166113,21.31303064,10.38907346,4.84606866,8.967146549,15.8482835,-0.467331118,NA,NA,NA,NA,NA,NA,NA,NA,NA,NA,NA,NA,NA,NA,NA,NA,NA,NAUPN35-Rx,0,NA,NA,NA,NA,NA,NA,NA,NA,NA,NA,NA,NA,NA,NA,NA,NA,NA,NA,NA,NA,NA,NA,NA,NA,NA,NA,NA,NA,NA,NA,NA,NA,NA,NA,NA,NA,NA,NA,NA,NA,NA,NA,NA,NA,NA,NA,NA,NA,NA,NA,NA,NA,NA,NA,NA,NA,NA,NA,NA,NA,NA,NA,NA,NA,NA,NA,NA,NA,NA,NA,NA,NA,NA,NA,NA,NA,NA,NA,NA,NA,NA,NA,NA,NA,NA,NA,NA,NA,NA,NA,NA,NA,NA,NA,NA,NA,NA,NA,NA,NA,NA,NA,NA,NA,NA,NA,NA,NA,NA,NA,NA,NA,NA,NA,0.03670511,1.229137188,0.275499545,1.020655124,3.776272801,3.644852314,0.007854612,0.291280434,0.340201841,1.403994339,1.76050323,0.258754327,0.117095668,0.125577077,0.49274362,0.112913122,0.693449079,0.387348617,0.334535163,1.719181751,0.243033848,0.328554145,1.714221864,2.041252759,4.738200379,0.155367039,0.250463722,0.220823399,0.149202154,0.002298493,1.033553715,0.520100541,0.806161857,0.001456327,0,0,0,0,0,50,0,0,0,NA,NA,NA,NA,NA,NA,NA,NA,NA,NA,NA,NA,NA,NA,NA,NA,NA,NA,NA,NA,NA,NA,NA,NA,NA,NA,NA,NA,NA,NA,NA,NA,NA,NA,NA,NA,0.016431024,1.742156798,1.841265263,9.032020685,50.55631004,0.683611827,0.84281196,0.767083641,1.119337739,0,0,0,50,0,-50,0,0,0,NA,NA,NA,NA,NA,NA,NA,NA,NA,NA,NA,NA,NA,NA,NA,NA,NA,NA,0,NA,NA,NA,NA,NA,NA,NA,NA,NA,NA,NA,NA,NA,NA,NA,NA,NA,NA,NA,NA,NA,NA,NA,NA,NA,NA,NA,NA,NA,NA,NA,NA,NA,NA,NA,NA,NA,NA,NA,NA,NA,NA,NA,NA,NA,NA,NA,NA,NA,NA,NA,NA,NA,NA,NA,NA,NA,NA,NA,NA,NA,NA,NA,NA,NA,NA,NA,NA,NA,NA,NA,NA,NA,NA,NA,NA,NA,NA,NA,NA,NA,NA,NA,NA,NA,NA,NA,NA,NA,NA,NA,NA,NA,NA,NA,NA,NA,NA,NA,NA,NA,NA,NA,NA,NA,NA,NA,NA,NA,NA,NA,NA,NA,NA,0.021110178,1.00277846,0.022838359,1.172399259,3.077607835,4.427471473,0.069875443,0.440061601,1.35122297,1.508566946,1.425539348,0.478738353,0.015106761,0.002140052,0.6794094,0.032127494,0.467653941,0.002268817,0.297616895,1.929016975,1.031459643,0.177049347,1.951613448,1.851421913,4.487110971,NA,NA,NA,NA,NA,NA,NA,NA,NA,NA,NA,NA,NA,NA,NA,NA,NA,NA,NA,NA,NA,NA,NA,NA,NA,NA,NA,NA,NA,NA,NA,NA,NA,NA,NA,NA,NA,NA,NA,NA,NA,NA,NA,NA,NA,NA,NA,NA,NA,NA,NA,NA,NA,NA,NA,NA,NA,NA,NA,NA,NA,NA,NA,NA,NA,NA,NA,NA,NA,NA,NA,NA,NA,NA,NA,NA,NA,NA,NA,NA,NA,NA,NA,NA,NA,NA,NA,NA,NA,NA,0.424246371,1.442754461,0.104748041,1.256322666,3.388407158,4.496853298,0.545323796,0.363590929,0.262862755,1.545452369,2.299048882,2.41758268,0.256568828,0.236381522,1.236517582,0.346288468,0.741181508,0.217167174,0.282796852,2.106199755,0.636281005,1.782755132,1.721649311,2.007385228,4.829147017,0.174860279,0.237087417,0.39460495,1.777011779,0.301336519,1.725282485,0.498036639,0.823943588,0.000359673,0,0,12.5,62.5,0,62.5,0,37.5,0,NA,NA,NA,NA,NA,NA,NA,NA,NA,NA,NA,NA,NA,NA,NA,NA,NA,NA,NA,NA,NA,NA,NA,NA,NA,NA,NA,NA,NA,NA,NA,NA,NA,NA,NA,NA,0.491407533,2.149171386,1.639862492,0.573989169,1.608087065,1.161287787,1.822569206,1.150387039,203.5871857,0,11.76470588,11.02941176,-21.32352941,2.941176471,8.088235294,38.23529412,0.735294118,0,NA,NA,NA,NA,NA,NA,NA,NA,NA,NA,NA,NA,NA,NA,NA,NA,NA,NA,1.538822358,2.061170916,0.203292771,1.502552968,3.475613143,4.893530286,0.545063441,0.919176979,0.919933958,1.402982525,1.676340599,2.743202259,0.43626122,0.223311829,1.22749949,0.530902965,0.681083828,0.260645029,0.307549455,2.019594644,1.178044906,2.198695765,1.930723966,2.142723992,4.704294932,0.215784239,0.486897163,0.413174574,1.39619322,0.444275901,3.009534112,0.947411965,1.301829509,0.04494933,0,8.163265306,4.081632653,61.2244898,4.081632653,97.95918367,30.6122449,46.93877551,0,NA,NA,NA,NA,NA,NA,NA,NA,NA,NA,NA,NA,NA,NA,NA,NA,NA,NA,NA,NA,NA,NA,NA,NA,NA,NA,NA,NA,NA,NA,NA,NA,NA,NA,NA,NA,1.743084092,1.334404592,1.907997561,0.813949834,1.116568747,0.93879033,0.919726835,0.918029074,0.761660759,12.6984127,4.535147392,21.31519274,-15.19274376,3.854875283,-7.482993197,-5.215419501,-2.494331066,0,NA,NA,NA,NA,NA,NA,NA,NA,NA,NA,NA,NA,NA,NA,NA,NA,NA,NA,10.12745875,2.031015465,0.117689392,3.785398292,2.60823056,4.935359769,0.438134179,1.07940557,1.171192982,0.4586712,0.782511948,2.870916527,0.313844839,0.227260617,1.133005974,0.527748813,0.737832802,0.259187933,0.332427441,1.837458236,2.336346106,2.496682091,2.018341387,2.017398307,4.03066173,0.272852392,0.312587595,0.291953004,1.086061957,0.545144878,3.052398798,0.764809071,1.506532781,0.089471317,3.636363636,0.454545455,1.363636364,35,8.636363636,91.36363636,21.36363636,58.63636364,0.454545455,NA,NA,NA,NA,NA,NA,NA,NA,NA,NA,NA,NA,NA,NA,NA,NA,NA,NA,NA,NA,NA,NA,NA,NA,NA,NA,NA,NA,NA,NA,NA,NA,NA,NA,NA,NA,0.964865631,2.07777503,3.011013425,0.858805039,0.95196227,0.911440256,0.826264081,0.867929408,0.60315706,1.064491064,16.85314685,28.12354312,-2.307692308,-0.089355089,-5.67987568,-8.329448329,-14.19191919,-0.240870241,NA,NA,NA,NA,NA,NA,NA,NA,NA,NA,NA,NA,NA,NA,NA,NA,NA,NA,81.52214506,2.195519055,0.206502266,3.86303727,2.7363818,4.998262898,0.619713443,1.25201728,1.383501938,1.743481847,1.55434455,2.988573364,0.448184953,0.312980898,1.386592982,0.753717908,1.027653729,0.341793478,0.379958292,1.943559089,2.426046604,2.667566951,2.184969434,2.184087677,4.464404784,0.407306997,0.462333335,0.438763923,1.420054217,0.652111053,3.235555638,0.971114799,1.740020801,0.11418968,9.217322209,5.164878824,5.681366706,62.93206198,13.15057608,92.49106079,32.81684545,68.17640048,0.874056416,NA,NA,NA,NA,NA,NA,NA,NA,NA,NA,NA,NA,NA,NA,NA,NA,NA,NA,NA,NA,NA,NA,NA,NA,NA,NA,NA,NA,NA,NA,NA,NA,NA,NA,NA,NA,1.188980577,1.766421813,2.39120755,0.928119149,0.993505793,0.921280955,0.888607716,0.936479892,0.755393694,4.092491774,18.56828346,31.04089115,-6.645981158,-0.514270759,-2.978552769,-6.999013507,-7.785124017,-0.425050643,NA,NA,NA,NA,NA,NA,NA,NA,NA,NA,NA,NA,NA,NA,NA,NA,NA,NA,3.319004517,2.188444661,0.179777629,3.991954565,1.200992852,5.093694962,0.570075728,0.942367482,1.060240493,1.837563324,2.557287005,1.290045168,0.45176494,0.110860434,0.97581949,0.249055639,1.06937186,0.155764852,0.309194198,2.189402822,1.747299856,1.40119321,2.052315523,2.159024933,4.927406954,0.221425551,0.327943327,0.407174738,1.386548352,0.392316043,2.173430133,0.867337279,1.180899588,0.118814101,4.6875,4.6875,6.25,64.0625,1.5625,76.5625,17.1875,43.75,0,NA,NA,NA,NA,NA,NA,NA,NA,NA,NA,NA,NA,NA,NA,NA,NA,NA,NA,NA,NA,NA,NA,NA,NA,NA,NA,NA,NA,NA,NA,NA,NA,NA,NA,NA,NA,0.449509432,0.982588616,1.450675854,0.905709763,1.002634902,0.816128375,0.835587281,0.760340914,0.495077813,-4.194889163,0.238608374,7.543103448,-13.32358374,3.363608374,-10.55264778,-0.438731527,-18.62684729,0,NA,NA,NA,NA,NA,NA,NA,NA,NA,NA,NA,NA,NA,NA,NA,NA,NA,NA,0.109892694,2.339108739,1.551677325,4.101960836,1.760899012,5.196804241,0.559840083,1.97088962,1.975211164,3.141975823,3.783762056,1.675703697,1.118504816,0.230411249,1.612453224,0.79241027,0.986336562,0.178760349,1.023276832,2.186038211,3.072637451,1.917103067,2.759567844,2.453580053,5.330736918,0.237546171,0.489506466,0.831792402,1.014026571,0.861464843,2.722489361,0.683181697,1.965776804,0.000899213,0,0,0,33.33333333,33.33333333,66.66666667,33.33333333,100,0,NA,NA,NA,NA,NA,NA,NA,NA,NA,NA,NA,NA,NA,NA,NA,NA,NA,NA,NA,NA,NA,NA,NA,NA,NA,NA,NA,NA,NA,NA,NA,NA,NA,NA,NA,NA,0.864596898,1.412728156,1.165937951,1.833563145,0.807861376,0.85870921,1.376376769,0.658740136,295.3003582,0,20,40,66.66666667,-13.33333333,33.33333333,-13.33333333,-40,20,NA,NA,NA,NA,NA,NA,NA,NA,NA,NA,NA,NA,NA,NA,NA,NA,NA,NA,0.020383704,1.98559543,0.324756921,3.928938968,3.136011761,4.90458285,0.183849366,1.009941792,0.175401714,6.917512876,7.109787712,1.720004609,1.030015214,0.297184502,1.504926083,1.090477088,0.988702789,0.019290745,1.537911522,1.928401865,2.553478072,1.557072098,2.20652192,1.903739266,4.185026842,NA,NA,NA,NA,NA,NA,NA,NA,NA,NA,NA,NA,NA,NA,NA,NA,NA,NA,NA,NA,NA,NA,NA,NA,NA,NA,NA,NA,NA,NA,NA,NA,NA,NA,NA,NA,NA,NA,NA,NA,NA,NA,NA,NA,NA,NA,NA,NA,NA,NA,NA,NA,NA,NA,NA,NA,NA,NA,NA,NA,NA,NA,NA,NA,NA,NA,NA,NA,NA,NA,NA,NA,NA,NA,NA,NA,NA,NA,NA,NA,NA,NA,NA,NA,NA,NA,NA,NA,NA,NA,0.137145845,1.519739597,0.08341375,0.669752825,0.617644043,0.86256061,0.747824735,0.201453407,0.395824926,4.036518612,4.289337822,0.288730729,0.232059983,0.136313747,0.10449209,0.499751867,1.106387094,0.238536007,0.598651852,1.425923859,0.280030922,0.108825777,0.268190066,0.588962182,1.004356325,0.180952428,0.493964896,0.525763172,1.84718634,0.053100181,0.414835155,0.621425199,0.785441419,0.002011156,0,0,0,75,0,25,25,25,0,NA,NA,NA,NA,NA,NA,NA,NA,NA,NA,NA,NA,NA,NA,NA,NA,NA,NA,NA,NA,NA,NA,NA,NA,NA,NA,NA,NA,NA,NA,NA,NA,NA,NA,NA,NA,0.564864287,0.379408092,1.577652544,1.250193803,0.008585361,1.960539006,1.041508184,0.569575862,0.31405991,0,0,28.57142857,10.71428571,0,3.571428571,-10.71428571,-10.71428571,0,NA,NA,NA,NA,NA,NA,NA,NA,NA,NA,NA,NA,NA,NA,NA,NA,NA,NA,0.058165514,1.15019769,0.233343844,0.702058653,0.25723587,5.157778134,0.174483329,0.000486932,0.169757142,2.61948519,1.854009035,0.334904632,0.068642033,0.020613356,0.871265905,0.269722351,0.442726956,0.090542349,0.435670056,1.714844746,0.102042704,0.780111408,1.87374667,2.186504082,2.847735991,NA,NA,NA,NA,NA,NA,NA,NA,NA,NA,NA,NA,NA,NA,NA,NA,NA,NA,NA,NA,NA,NA,NA,NA,NA,NA,NA,NA,NA,NA,NA,NA,NA,NA,NA,NA,NA,NA,NA,NA,NA,NA,NA,NA,NA,NA,NA,NA,NA,NA,NA,NA,NA,NA,NA,NA,NA,NA,NA,NA,NA,NA,NA,NA,NA,NA,NA,NA,NA,NA,NA,NA,NA,NA,NA,NA,NA,NA,NA,NA,NA,NA,NA,NA,NA,NA,NA,NA,NA,NA,2.053255717,1.549831555,0.153316067,3.272063148,2.76906386,4.362148662,0.548071491,0.394825699,0.392830853,1.82850114,2.746155344,1.097738403,0.351748963,0.136784304,0.837791721,0.267085066,0.991066349,0.153345363,0.510030921,1.993096586,1.496771912,1.070857043,1.812606898,2.071467379,4.950234461,0.194419595,0.260520268,0.442149868,1.478687574,0.236616927,1.535550568,0.770495858,1.019628884,0.0560523,2.857142857,5.714285714,8.571428571,58.57142857,2.857142857,57.14285714,21.42857143,38.57142857,0,NA,NA,NA,NA,NA,NA,NA,NA,NA,NA,NA,NA,NA,NA,NA,NA,NA,NA,NA,NA,NA,NA,NA,NA,NA,NA,NA,NA,NA,NA,NA,NA,NA,NA,NA,NA,0.619727755,1.315070261,1.431381058,0.780683815,1.556169615,1.091644059,1.016828806,0.852653769,0.950210436,-1.147741148,-1.440781441,9.377289377,-15.83638584,2.271062271,6.105006105,-1.77045177,-13.78510379,0,NA,NA,NA,NA,NA,NA,NA,NA,NA,NA,NA,NA,NA,NA,NA,NA,NA,NA,0.252520056,0.933805092,0.000745274,0.36976279,0.113139455,0.372716578,0.566219815,0.006892178,0.070447775,0.945658041,0.403133215,0.070838959,0.019106659,0.00698854,0.122718743,0.146088385,0.654978326,0.049829924,0.036091635,1.339248008,0.120579128,0.058780428,0.089761278,0.1140426,0.678778924,0.000584725,0.014529471,0.124341695,0.799132726,0.020741894,0.087959443,0.005740205,0.101466694,0.000419388,0,0,0,33.33333333,0,0,0,0,0,NA,NA,NA,NA,NA,NA,NA,NA,NA,NA,NA,NA,NA,NA,NA,NA,NA,NA,NA,NA,NA,NA,NA,NA,NA,NA,NA,NA,NA,NA,NA,NA,NA,NA,NA,NA,1.395436055,12.83592215,3.889387136,1.147336029,3.800273272,4.686705903,0.695026343,1.763683764,238.7828166,0,0,14.28571429,-4.761904762,0,14.28571429,0,0,0,NA,NA,NA,NA,NA,NA,NA,NA,NA,NA,NA,NA,NA,NA,NA,NA,NA,NA,100,2.156500572,0.197000189,3.783583478,2.679582228,4.960190428,0.596907001,1.193455701,1.314057951,1.618166892,1.558533105,2.858975196,0.432411686,0.291580829,1.328003923,0.696580744,0.992530712,0.320685879,0.375471428,1.941240692,2.33714086,2.550016285,2.142377623,2.155531789,4.444247542,0.382869432,0.442426548,0.426887171,1.39537636,0.620208605,3.134303492,0.948970455,1.678038162,0.109789134,8.341776427,4.863221884,5.437352246,60.62141169,12.02296521,90.7125971,31.30699088,65.58595069,0.810536981,NA,NA,NA,NA,NA,NA,NA,NA,NA,NA,NA,NA,NA,NA,NA,NA,NA,NA,NA,NA,NA,NA,NA,NA,NA,NA,NA,NA,NA,NA,NA,NA,NA,NA,NA,NA,1.099750469,1.69957084,2.30939471,0.904469454,0.977487079,0.90569867,0.878039428,0.903440705,0.718711918,2.750120806,16.30772673,28.40652127,-7.928723938,-0.634625294,-4.027814487,-7.344540289,-10.42290721,-0.415280064,NA,NA,NA,NA,NA,NA,NA,NA,NA,NA,NA,NA,NA,NA,NA,NA,NA,NAUPN45,0.004873923,0.385049181,0.136910689,0.753105635,2.682871381,0.617360603,0.15958011,0.222594651,0.046278222,1.001883242,1.072367172,0.347264144,0.097589412,0.258583576,0.683788078,0.250345925,1.637696704,0.812685815,0.539633797,1.334424872,0.365319222,0.022828079,1.01486638,0.920085691,2.765578779,1.28143039,0.000139128,0.343376892,0.039843866,0.822469235,1.577490726,0.308958803,1.446025485,0.011749081,100,0,0,0,0,100,0,100,0,NA,NA,NA,NA,NA,NA,NA,NA,NA,NA,NA,NA,NA,NA,NA,NA,NA,NA,NA,NA,NA,NA,NA,NA,NA,NA,NA,NA,NA,NA,NA,NA,NA,NA,NA,NA,0.070350518,7554.563371,3.405458717,0.064098565,0.002677369,0.149532592,0.001977147,0.00051328,1.995128994,-100,0,0,0,0,-100,0,-100,0,NA,NA,NA,NA,NA,NA,NA,NA,NA,NA,NA,NA,NA,NA,NA,NA,NA,NA,0.009521018,0.844269146,0.296258342,0.864245754,2.609414699,1.987881326,0.086092176,0.070228216,0.114168066,1.059499072,1.438443917,0.399766951,0.293161696,0.120762082,1.074773678,0.341261175,0.992106157,0.616742296,1.905996366,1.560084908,1.056796097,0.51181608,1.74164318,1.786688639,3.627364356,NA,NA,NA,NA,NA,NA,NA,NA,NA,NA,NA,NA,NA,NA,NA,NA,NA,NA,NA,NA,NA,NA,NA,NA,NA,NA,NA,NA,NA,NA,NA,NA,NA,NA,NA,NA,NA,NA,NA,NA,NA,NA,NA,NA,NA,NA,NA,NA,NA,NA,NA,NA,NA,NA,NA,NA,NA,NA,NA,NA,NA,NA,NA,NA,NA,NA,NA,NA,NA,NA,NA,NA,NA,NA,NA,NA,NA,NA,NA,NA,NA,NA,NA,NA,NA,NA,NA,NA,NA,NA,0.061901615,1.339536815,0.242168824,0.963692036,2.595667669,2.670775401,0.858501692,0.319571795,0.207339493,2.465505836,1.369987541,0.606330319,0.41626618,0.36903624,1.736594202,0.63969554,1.075127573,0.617530129,2.53764902,1.363733933,1.373588266,0.881935005,2.003154491,2.35289723,3.623397118,0.563607314,0.567815376,0.763362134,0.187377788,0.518244497,1.681150219,0.405457813,1.263461559,0.132984804,6.25,12.5,18.75,0,18.75,75,6.25,50,0,NA,NA,NA,NA,NA,NA,NA,NA,NA,NA,NA,NA,NA,NA,NA,NA,NA,NA,NA,NA,NA,NA,NA,NA,NA,NA,NA,NA,NA,NA,NA,NA,NA,NA,NA,NA,0.730782146,1.962963449,2.661100355,3.673802262,1.849873561,1.19680316,2.194091362,0.998471992,2.801268033,1.442307692,25.96153846,58.17307692,11.53846154,15.86538462,5.769230769,16.82692308,0,7.692307692,NA,NA,NA,NA,NA,NA,NA,NA,NA,NA,NA,NA,NA,NA,NA,NA,NA,NA,0.005003389,1.144107758,0.154335922,0.948823956,1.895194623,2.584496602,0.803598466,0.382938145,1.976606737,1.880670273,1.494457634,0.692206422,0.65237948,0.656854222,0.988038393,0.30898655,1.231295579,0.736411827,2.15474769,0.958101956,1.671134957,1.055815324,1.206878415,1.76258211,3.637251693,0.001343244,0.339918488,0.00118354,0.003740286,0.002566242,2.289833426,0.191145841,0.241851172,0.056650148,0,0,0,0,0,100,0,0,0,NA,NA,NA,NA,NA,NA,NA,NA,NA,NA,NA,NA,NA,NA,NA,NA,NA,NA,NA,NA,NA,NA,NA,NA,NA,NA,NA,NA,NA,NA,NA,NA,NA,NA,NA,NA,217.5162526,1.786213016,773.169928,172.409085,106.2934322,0.339244953,0.971838471,10.62563285,0.016626833,0,0,50,0,0,-50,0,100,0,NA,NA,NA,NA,NA,NA,NA,NA,NA,NA,NA,NA,NA,NA,NA,NA,NA,NA,0.175159554,1.568702327,0.4005547,1.189899717,2.511427851,3.151532564,0.919604396,0.322053687,0.358599474,2.838877834,2.426366395,1.978685546,0.501593841,0.618926719,2.06002874,1.126133809,1.385326509,1.002311596,3.347760171,1.368959961,1.871534431,2.294958969,2.296299764,2.898195321,4.382868987,0.634624225,0.596352502,0.913578195,0.486040301,1.089643489,2.017402331,0.689437985,1.663055125,0.27016434,17.94871795,2.564102564,20.51282051,7.692307692,35.8974359,92.30769231,12.82051282,69.23076923,2.564102564,NA,NA,NA,NA,NA,NA,NA,NA,NA,NA,NA,NA,NA,NA,NA,NA,NA,NA,NA,NA,NA,NA,NA,NA,NA,NA,NA,NA,NA,NA,NA,NA,NA,NA,NA,NA,1.437106964,2.312118616,2.495541107,2.279212857,1.148333276,1.145849649,1.6209487,1.217599583,0.680556165,19.33941764,49.97827032,65.92785745,32.98565841,14.95002173,-5.867014342,27.85745328,12.12516297,-2.564102564,NA,NA,NA,NA,NA,NA,NA,NA,NA,NA,NA,NA,NA,NA,NA,NA,NA,NA,0.093957253,1.749273982,0.430322275,1.06089826,2.256181662,3.371887139,1.190477757,0.909404815,1.016608987,2.795355001,1.87624798,1.961175859,0.586907743,0.560913322,2.119600145,1.247063603,1.306024876,0.989238858,3.084000967,1.454001213,2.103833288,2.396234963,2.229824645,2.900935141,4.169177828,0.851245661,0.756102111,0.979814714,0.407634462,0.871492433,1.96594078,0.758068555,1.775724786,0.398168494,30.43478261,21.73913043,30.43478261,0,34.7826087,86.95652174,21.73913043,65.2173913,17.39130435,NA,NA,NA,NA,NA,NA,NA,NA,NA,NA,NA,NA,NA,NA,NA,NA,NA,NA,NA,NA,NA,NA,NA,NA,NA,NA,NA,NA,NA,NA,NA,NA,NA,NA,NA,NA,1.024339029,1.714495291,2.01968374,2.878234545,1.604293625,1.270159642,1.301686905,1.253709993,1.007449105,-2.657004831,28.26086957,41.78743961,41.66666667,15.2173913,10.26570048,19.92753623,20.89371981,-9.057971014,NA,NA,NA,NA,NA,NA,NA,NA,NA,NA,NA,NA,NA,NA,NA,NA,NA,NA,0.004384813,1.283511219,0.321760219,3.230176583,2.077495093,3.562381138,0.686912174,0.391318149,0.649492664,0.419903382,0.681561894,1.892062994,0.463394754,0.414704708,1.501236823,0.048566984,0.803316095,0.565833928,2.345094898,0.868696186,2.596483537,1.671090134,3.133137563,2.521835066,3.400775282,0.004290373,0.560767983,0.096071144,0.000345804,0.569235943,1.306532977,0.129840595,1.109890038,1.517531519,0,0,0,0,0,100,0,0,100,NA,NA,NA,NA,NA,NA,NA,NA,NA,NA,NA,NA,NA,NA,NA,NA,NA,NA,NA,NA,NA,NA,NA,NA,NA,NA,NA,NA,NA,NA,NA,NA,NA,NA,NA,NA,138.3678458,0.914119241,14.47008845,777.0950917,0.707782471,1.489239611,4.993140143,1.053977647,1.57E-05,0,0,100,0,0,0,0,0,-100,NA,NA,NA,NA,NA,NA,NA,NA,NA,NA,NA,NA,NA,NA,NA,NA,NA,NA,49.78821046,2.134780248,0.695774785,3.463041524,2.291019128,4.080428874,1.029743703,1.242279574,1.149645863,3.183520717,2.28222998,2.006487025,0.726834137,0.808720666,2.473352269,1.878239756,1.551270908,1.230985111,2.618946769,1.525151143,3.094212745,3.022387578,2.684926059,3.216430719,4.284769928,1.142962224,0.829183779,1.212396949,0.635053644,1.412923885,2.066017702,0.735368973,1.900800213,0.31687458,45.9185687,21.48260212,49.37183451,10.74130106,64.40176281,89.54153785,16.49016641,83.37170295,4.354403736,NA,NA,NA,NA,NA,NA,NA,NA,NA,NA,NA,NA,NA,NA,NA,NA,NA,NA,NA,NA,NA,NA,NA,NA,NA,NA,NA,NA,NA,NA,NA,NA,NA,NA,NA,NA,1.097262504,1.47586617,1.728828516,2.056925398,1.0630489,1.233119051,1.601020519,1.245516304,0.971485992,8.466125605,24.24737555,30.82009017,44.98324478,4.347105559,6.396659985,29.31827103,8.884920862,-0.135682027,NA,NA,NA,NA,NA,NA,NA,NA,NA,NA,NA,NA,NA,NA,NA,NA,NA,NA,26.40467868,2.331314564,0.559067695,3.439872748,1.86009821,4.131315712,1.005600821,0.892986026,0.896181954,3.149185114,3.216690879,1.317589924,0.714691182,0.683868602,2.446232787,1.373475413,1.444099012,1.150745285,2.936795416,1.561605442,2.810961574,2.597575313,2.613423593,3.127113995,4.879553638,0.991270974,0.716488813,1.042893618,0.55813977,1.291768347,2.276199172,1.01638485,1.78880118,0.265011107,37.88968825,15.57490849,38.6848416,8.355420926,56.40540199,93.37372207,34.5323741,78.17745803,3.15537044,NA,NA,NA,NA,NA,NA,NA,NA,NA,NA,NA,NA,NA,NA,NA,NA,NA,NA,NA,NA,NA,NA,NA,NA,NA,NA,NA,NA,NA,NA,NA,NA,NA,NA,NA,NA,1.060076985,1.750608421,2.091800365,2.110638404,1.158210085,1.159405324,1.361310363,1.131072331,0.945092145,4.186065551,31.44726943,41.85340908,39.4392464,10.39001291,3.262211142,24.36371361,2.335873638,-0.339521948,NA,NA,NA,NA,NA,NA,NA,NA,NA,NA,NA,NA,NA,NA,NA,NA,NA,NA,13.91073075,2.332835832,1.609484381,3.697185947,1.893832669,4.516687023,1.056656207,1.655120478,1.453753311,3.479477024,3.13135025,1.321587977,0.827725863,0.731667078,2.610727401,1.882429989,1.490109847,1.187763631,2.197354218,1.728629202,3.299673708,2.697870348,2.688560746,3.149551805,4.849409352,1.130546645,0.814072506,1.029941952,0.63595149,1.245809144,2.35267361,0.983243436,1.730825418,0.335759224,46.61389622,20.09674582,37.59894459,11.38962181,51.42919965,94.4591029,32.7176781,76.95690413,4.199648197,NA,NA,NA,NA,NA,NA,NA,NA,NA,NA,NA,NA,NA,NA,NA,NA,NA,NA,NA,NA,NA,NA,NA,NA,NA,NA,NA,NA,NA,NA,NA,NA,NA,NA,NA,NA,1.003136551,1.568883585,2.142572288,1.868532281,1.213658916,1.131046415,1.367796361,1.14517683,0.928444086,-0.579681599,28.11476273,43.14237215,35.55179861,16.89635764,2.482317523,23.14027939,4.587937753,-0.33754348,NA,NA,NA,NA,NA,NA,NA,NA,NA,NA,NA,NA,NA,NA,NA,NA,NA,NA,0.619497366,2.55377103,1.620145783,3.088414886,2.372628512,4.240709577,1.210068036,0.611356861,0.728251956,3.981361532,4.933458866,1.517338495,1.104906996,1.00121699,2.699042613,1.836496699,1.680984964,1.378643574,3.426239306,1.670603416,2.392930305,3.002305533,2.944393304,3.232121729,5.926093067,1.217141714,0.941065473,1.193029016,0.669579339,1.502852606,2.700750557,1.635632669,2.158920108,0.277454463,50.67264574,30.04484305,49.32735426,10.76233184,69.95515695,97.75784753,69.50672646,92.37668161,2.69058296,NA,NA,NA,NA,NA,NA,NA,NA,NA,NA,NA,NA,NA,NA,NA,NA,NA,NA,NA,NA,NA,NA,NA,NA,NA,NA,NA,NA,NA,NA,NA,NA,NA,NA,NA,NA,1.187688979,1.52277698,1.780547652,2.006524935,1.100159583,1.116253097,1.186540414,1.134273778,0.986583517,13.72129365,26.01576301,30.21810029,44.54069846,2.014540019,-0.030574806,14.58418263,2.320288083,-0.417855687,NA,NA,NA,NA,NA,NA,NA,NA,NA,NA,NA,NA,NA,NA,NA,NA,NA,NA,1.343106903,2.357204053,0.774449116,1.861977304,2.048801448,3.048433593,0.971200141,0.305048155,0.483560167,3.266433123,3.859288432,1.237344748,0.729932311,0.737653954,2.34817134,1.157027329,1.370240279,1.120638773,3.822966336,1.405081878,1.733086171,2.498954157,2.388744153,2.846394237,5.377189596,0.830142718,0.790123143,1.111270751,0.494553351,1.258177538,2.354036727,1.276371004,1.927950432,0.227224807,24.2206235,19.42446043,40.28776978,7.194244604,55.87529976,92.8057554,53.47721823,85.13189448,1.199040767,NA,NA,NA,NA,NA,NA,NA,NA,NA,NA,NA,NA,NA,NA,NA,NA,NA,NA,NA,NA,NA,NA,NA,NA,NA,NA,NA,NA,NA,NA,NA,NA,NA,NA,NA,NA,1.15258526,1.744977845,2.041077474,2.09723232,1.125367231,1.127509879,1.237117721,1.048022204,1.125504422,11.12821371,36.15693492,42.27036975,31.41040656,5.520049077,3.938430651,13.7320841,-3.736545647,2.056773186,NA,NA,NA,NA,NA,NA,NA,NA,NA,NA,NA,NA,NA,NA,NA,NA,NA,NA,0.210468642,2.010390356,0.35182493,0.880754379,1.722655237,3.561158603,0.865602395,0.260383844,0.363777065,2.708876394,2.841584809,0.980158002,0.474391505,0.446998781,1.902008761,0.878532892,1.067038314,0.880912252,3.681961728,1.330387973,1.589097015,1.786306589,2.331902304,2.975395326,4.798924367,0.513134577,0.480914093,0.852070719,0.434935708,0.928484196,1.915403842,0.890109654,1.412291158,0.197000247,6.818181818,9.090909091,25,4.545454545,43.18181818,81.81818182,31.81818182,56.81818182,4.545454545,NA,NA,NA,NA,NA,NA,NA,NA,NA,NA,NA,NA,NA,NA,NA,NA,NA,NA,NA,NA,NA,NA,NA,NA,NA,NA,NA,NA,NA,NA,NA,NA,NA,NA,NA,NA,1.164042093,2.476543444,2.544434894,1.918016795,1.40525881,1.108878323,1.225723284,1.024291389,1.082936461,13.63636364,36.36363636,60.22727273,23.86363636,10.22727273,4.545454545,7.954545455,1.136363636,-3.409090909,NA,NA,NA,NA,NA,NA,NA,NA,NA,NA,NA,NA,NA,NA,NA,NA,NA,NA,7.276141811,1.620779799,0.429265087,2.707892015,2.41984382,3.550694767,0.925016446,0.483972785,0.468773219,2.958643127,3.019689937,1.246998191,0.58625419,0.591008838,2.165815333,1.046535298,1.497987658,1.026448179,3.230875429,1.288421706,2.349805139,2.17611954,2.433601782,2.965496504,4.590586066,0.77018951,0.743088236,1.078086568,0.53578406,1.144457222,2.147943007,0.894544837,1.685709157,0.241201304,25.31235539,18.09347524,41.41601111,7.403979639,47.84821842,89.44932901,27.95002314,71.21702915,3.146691347,NA,NA,NA,NA,NA,NA,NA,NA,NA,NA,NA,NA,NA,NA,NA,NA,NA,NA,NA,NA,NA,NA,NA,NA,NA,NA,NA,NA,NA,NA,NA,NA,NA,NA,NA,NA,1.040507164,1.554764725,1.847334813,1.912342293,1.094232176,1.096345933,1.34261522,1.086305932,0.945414704,4.5614174,25.38478563,36.61110437,31.3524486,4.185442172,1.621264721,19.315054,1.012984872,-0.154638986,NA,NA,NA,NA,NA,NA,NA,NA,NA,NA,NA,NA,NA,NA,NA,NA,NA,NA,0.033191052,0.201597389,0.063713867,0.52656074,0.333400777,0.381908758,0.244913651,0.113902011,0.380691728,0.887441593,0.527302859,0.309026325,0.058808746,0.223186009,0.497752686,0.454231402,0.380244135,0.125641343,0.462280368,1.063080898,0.362588225,0.211916832,0.383225372,0.546988877,1.130338629,0.239012226,0.070974095,0.017414379,0.226644088,0.094613097,0.357522662,0.308947332,1.872579317,0.237971291,9.090909091,0,0,0,0,9.090909091,0,54.54545455,0,NA,NA,NA,NA,NA,NA,NA,NA,NA,NA,NA,NA,NA,NA,NA,NA,NA,NA,NA,NA,NA,NA,NA,NA,NA,NA,NA,NA,NA,NA,NA,NA,NA,NA,NA,NA,1.549523403,3.912348928,42.59261052,1.04912357,2.07454225,1.18536009,1.367095203,1.016584412,0.643692702,2.02020202,11.11111111,22.22222222,11.11111111,0,2.02020202,0,-10.1010101,11.11111111,NA,NA,NA,NA,NA,NA,NA,NA,NA,NA,NA,NA,NA,NA,NA,NA,NA,NA,100,2.179862374,0.772169742,3.396314093,2.128029078,4.09705602,1.019365646,1.13078603,1.060113091,3.202248287,2.740427925,1.657515571,0.728649002,0.748027738,2.459386436,1.670608866,1.507268486,1.186475353,2.713504589,1.544174522,2.962721785,2.789575071,2.642613621,3.157479979,4.568226062,1.069641713,0.790921549,1.128675176,0.605762115,1.333946029,2.17650297,0.870812547,1.832577276,0.299130258,42.10663793,19.51219512,44.05916348,9.916087113,59.02961439,91.32138309,25.31426519,80.21353708,3.885460541,NA,NA,NA,NA,NA,NA,NA,NA,NA,NA,NA,NA,NA,NA,NA,NA,NA,NA,NA,NA,NA,NA,NA,NA,NA,NA,NA,NA,NA,NA,NA,NA,NA,NA,NA,NA,1.074761798,1.563716758,1.884541471,2.036436123,1.11102645,1.181983208,1.447684253,1.193413825,0.960447451,6.012728925,26.89055656,36.17269103,41.13649418,7.78461536,4.519248774,25.57907536,6.047171865,-0.168781666,NA,NA,NA,NA,NA,NA,NA,NA,NA,NA,NA,NA,NA,NA,NA,NA,NA,NAUPN45-Rx,0,NA,NA,NA,NA,NA,NA,NA,NA,NA,NA,NA,NA,NA,NA,NA,NA,NA,NA,NA,NA,NA,NA,NA,NA,NA,NA,NA,NA,NA,NA,NA,NA,NA,NA,NA,NA,NA,NA,NA,NA,NA,NA,NA,NA,NA,NA,NA,NA,NA,NA,NA,NA,NA,NA,NA,NA,NA,NA,NA,NA,NA,NA,NA,NA,NA,NA,NA,NA,NA,NA,NA,NA,NA,NA,NA,NA,NA,NA,NA,NA,NA,NA,NA,NA,NA,NA,NA,NA,NA,NA,NA,NA,NA,NA,NA,NA,NA,NA,NA,NA,NA,NA,NA,NA,NA,NA,NA,NA,NA,NA,NA,NA,NA,NA,0.002268088,0.556896689,0.141952787,1.452933569,2.523793428,1.892546961,0.134848813,0.051366073,0.110960157,1.854327499,0.923952674,0.510697613,0.093370103,0.340276384,1.067089738,0.026860562,0.7771203,5.80E-05,0.4569679,2.084775432,0.259163287,0.147257286,1.641779872,1.513703139,2.680272675,NA,NA,NA,NA,NA,NA,NA,NA,NA,NA,NA,NA,NA,NA,NA,NA,NA,NA,NA,NA,NA,NA,NA,NA,NA,NA,NA,NA,NA,NA,NA,NA,NA,NA,NA,NA,NA,NA,NA,NA,NA,NA,NA,NA,NA,NA,NA,NA,NA,NA,NA,NA,NA,NA,NA,NA,NA,NA,NA,NA,NA,NA,NA,NA,NA,NA,NA,NA,NA,NA,NA,NA,NA,NA,NA,NA,NA,NA,NA,NA,NA,NA,NA,NA,NA,NA,NA,NA,NA,NA,0.001134044,0.105371751,0.456862114,1.14478818,3.915128619,2.60294677,0.384480271,0.005951908,0.003231235,1.594259341,2.196377756,0.36268869,0.701516099,1.04701989,1.030319652,0.002575536,0.632141692,0.003958496,1.329081474,2.60826,0.30472336,0.000407416,2.574723863,1.93562927,4.347788071,NA,NA,NA,NA,NA,NA,NA,NA,NA,NA,NA,NA,NA,NA,NA,NA,NA,NA,NA,NA,NA,NA,NA,NA,NA,NA,NA,NA,NA,NA,NA,NA,NA,NA,NA,NA,NA,NA,NA,NA,NA,NA,NA,NA,NA,NA,NA,NA,NA,NA,NA,NA,NA,NA,NA,NA,NA,NA,NA,NA,NA,NA,NA,NA,NA,NA,NA,NA,NA,NA,NA,NA,NA,NA,NA,NA,NA,NA,NA,NA,NA,NA,NA,NA,NA,NA,NA,NA,NA,NA,0,NA,NA,NA,NA,NA,NA,NA,NA,NA,NA,NA,NA,NA,NA,NA,NA,NA,NA,NA,NA,NA,NA,NA,NA,NA,NA,NA,NA,NA,NA,NA,NA,NA,NA,NA,NA,NA,NA,NA,NA,NA,NA,NA,NA,NA,NA,NA,NA,NA,NA,NA,NA,NA,NA,NA,NA,NA,NA,NA,NA,NA,NA,NA,NA,NA,NA,NA,NA,NA,NA,NA,NA,NA,NA,NA,NA,NA,NA,NA,NA,NA,NA,NA,NA,NA,NA,NA,NA,NA,NA,NA,NA,NA,NA,NA,NA,NA,NA,NA,NA,NA,NA,NA,NA,NA,NA,NA,NA,NA,NA,NA,NA,NA,NA,0.009345124,0.963597683,0.37008608,1.411250258,2.074429692,3.310979581,0.176716203,0.176146471,0.229271968,2.802820198,2.096780665,2.308209147,0.765851387,0.35354853,1.971454108,1.285446311,0.747618058,0.1958521,2.74674242,1.764969288,2.454787701,1.995219691,3.170289391,3.103011151,4.128089796,1.106584491,0.118646514,0.646963375,1.54885726,0.672985874,2.422697002,0.634843427,1.426675054,0.100121326,75,0,25,75,0,75,0,75,0,NA,NA,NA,NA,NA,NA,NA,NA,NA,NA,NA,NA,NA,NA,NA,NA,NA,NA,NA,NA,NA,NA,NA,NA,NA,NA,NA,NA,NA,NA,NA,NA,NA,NA,NA,NA,1.130809933,4.051106274,2.527342662,0.619741429,1.551180959,1.189937237,1.742933931,1.501532678,0.006646921,-25,0,75,-75,0,25,0,25,0,NA,NA,NA,NA,NA,NA,NA,NA,NA,NA,NA,NA,NA,NA,NA,NA,NA,NA,0.044017186,1.778122171,0.303730279,0.869904327,1.650988049,3.798052983,0.41930516,1.25929191,1.193820765,2.889673397,1.532223199,2.309302749,0.535219524,0.427705271,1.669580844,1.503251254,1.014514534,0.276007666,2.006450145,1.763738346,2.694033827,2.537255412,2.51260219,2.899060055,3.267961712,0.883550861,0.652246777,0.996361057,1.613709331,0.776586421,3.14274709,0.7649316,1.78279174,0.0877748,14.28571429,0,28.57142857,57.14285714,28.57142857,100,28.57142857,71.42857143,0,NA,NA,NA,NA,NA,NA,NA,NA,NA,NA,NA,NA,NA,NA,NA,NA,NA,NA,NA,NA,NA,NA,NA,NA,NA,NA,NA,NA,NA,NA,NA,NA,NA,NA,NA,NA,0.884173378,0.15616596,0.859950109,0.875540089,0.254471927,0.812251541,0.813286224,0.887957036,0.003310883,25.71428571,0,-8.571428571,-17.14285714,-28.57142857,0,-28.57142857,-31.42857143,0,NA,NA,NA,NA,NA,NA,NA,NA,NA,NA,NA,NA,NA,NA,NA,NA,NA,NA,0.003603415,2.174573743,0.035626324,3.527344724,0.845171116,4.198608195,0.128461918,0.682992843,1.183336165,0.442804696,0.718076863,1.778025373,0.601655106,0.070902109,0.852339131,1.579954153,0.695529497,0.109414839,1.226579678,1.440176044,2.925239589,2.294962088,1.957601331,3.311660836,1.940217371,0.001414082,0.043718855,0.003109137,0.438700013,0.319200755,2.766881316,0.984096159,1.557416162,0.000444708,0,0,0,0,0,100,0,100,0,NA,NA,NA,NA,NA,NA,NA,NA,NA,NA,NA,NA,NA,NA,NA,NA,NA,NA,NA,NA,NA,NA,NA,NA,NA,NA,NA,NA,NA,NA,NA,NA,NA,NA,NA,NA,NA,NA,NA,NA,NA,NA,NA,NA,NA,NA,NA,NA,NA,NA,NA,NA,NA,NA,NA,NA,NA,NA,NA,NA,NA,NA,NA,NA,NA,NA,NA,NA,NA,NA,NA,NA,91.57816935,2.289302899,0.499128568,3.987661777,2.047869151,4.041674353,0.601695821,1.246430536,1.181685282,3.303946541,1.541646755,2.552113517,0.951258032,0.645682704,2.217980974,1.843750276,1.396828853,0.366758264,2.480115636,1.744372992,2.942082149,3.168103306,2.722843812,3.54805009,3.727503292,1.116618678,0.662061349,0.998186732,1.761110921,1.035587432,2.824667007,0.741976174,2.284838214,0.178419046,44.15245388,12.05476273,36.01345864,78.12971342,34.96345284,96.79197123,18.85369532,92.8704026,1.171829679,NA,NA,NA,NA,NA,NA,NA,NA,NA,NA,NA,NA,NA,NA,NA,NA,NA,NA,NA,NA,NA,NA,NA,NA,NA,NA,NA,NA,NA,NA,NA,NA,NA,NA,NA,NA,1.085808856,1.381287912,1.614751206,1.057721197,0.965350263,1.091156619,1.319407348,1.071661565,1.031445018,8.394224641,16.16192722,24.5543046,3.656136951,-2.815605764,1.683832152,13.61804353,-0.745418476,-0.009629755,NA,NA,NA,NA,NA,NA,NA,NA,NA,NA,NA,NA,NA,NA,NA,NA,NA,NA,4.329451071,2.235330724,0.422398526,3.809521804,1.023053275,4.010714523,0.523671316,0.914771402,0.871187461,3.18671557,2.446420102,1.45008048,0.837752486,0.443394464,1.99764229,1.129232253,1.269476986,0.286606977,2.602041404,1.764862079,2.94378376,2.34369255,2.559408164,3.392311432,4.190514201,0.816991425,0.56062792,0.902852565,1.70400678,0.793347619,2.834990271,0.919522066,1.830019608,0.187835975,27.71883289,8.885941645,29.04509284,73.07692308,22.67904509,96.28647215,27.4535809,77.4535809,1.724137931,NA,NA,NA,NA,NA,NA,NA,NA,NA,NA,NA,NA,NA,NA,NA,NA,NA,NA,NA,NA,NA,NA,NA,NA,NA,NA,NA,NA,NA,NA,NA,NA,NA,NA,NA,NA,0.791540185,1.397052446,1.714143853,0.976582652,0.966821018,0.99851451,1.105024224,0.920884603,0.878327034,-5.646760819,15.10054484,29.85130356,0.684338184,-2.070936985,-0.790976653,8.807680359,-12.13826559,-1.161074868,NA,NA,NA,NA,NA,NA,NA,NA,NA,NA,NA,NA,NA,NA,NA,NA,NA,NA,2.849798349,2.314301919,1.626951174,4.070326585,0.864919228,4.301205488,0.551635834,1.963232481,1.83299163,3.367544493,2.330712787,1.421898135,1.061756093,0.528003556,2.193036669,1.557200323,1.410005631,0.295338057,1.677957352,1.965536109,3.801632748,2.382067175,2.707028641,3.487711909,4.404732056,0.951247384,0.675337338,0.815923803,1.780658445,0.712027004,2.841765738,0.922209844,1.678911392,0.372613575,35.01945525,13.61867704,26.26459144,78.40466926,16.34241245,93.19066148,29.76653696,71.40077821,6.031128405,NA,NA,NA,NA,NA,NA,NA,NA,NA,NA,NA,NA,NA,NA,NA,NA,NA,NA,NA,NA,NA,NA,NA,NA,NA,NA,NA,NA,NA,NA,NA,NA,NA,NA,NA,NA,0.857451196,1.327029125,2.024221334,0.979094263,1.143234335,1.002463736,1.117631389,0.964978997,0.889897213,-5.274929705,11.74628646,37.42153995,-2.492260502,3.730580249,2.064812974,6.182368145,-6.072311057,-0.55667585,NA,NA,NA,NA,NA,NA,NA,NA,NA,NA,NA,NA,NA,NA,NA,NA,NA,NA,0.100550106,2.418125587,1.063807787,3.706230808,1.965992094,3.955102049,0.638267844,0.914886075,0.833054033,5.457763518,5.968555287,2.214385761,1.357943933,0.724787585,2.020131249,1.695848553,1.296582726,0.434800411,2.976101314,1.779952264,2.652147441,2.847179463,2.714313948,3.368950666,4.711790489,0.962040018,1.58530744,0.881264827,1.230864023,1.050923769,3.013564335,0.997595801,2.339513729,0.244370758,22.22222222,61.11111111,16.66666667,38.88888889,22.22222222,100,27.77777778,100,0,NA,NA,NA,NA,NA,NA,NA,NA,NA,NA,NA,NA,NA,NA,NA,NA,NA,NA,NA,NA,NA,NA,NA,NA,NA,NA,NA,NA,NA,NA,NA,NA,NA,NA,NA,NA,1.422343566,1.168053866,2.060656805,1.555981654,0.917738469,1.19999143,1.754872631,1.115186588,0.907879688,31.11111111,5.555555556,56.66666667,47.77777778,17.77777778,0,38.88888889,0,0,NA,NA,NA,NA,NA,NA,NA,NA,NA,NA,NA,NA,NA,NA,NA,NA,NA,NA,0.101546545,1.825979798,0.407423183,1.742073344,0.711473401,1.674366621,0.948575873,0.240147095,0.398206033,3.295073195,2.677304194,0.891714077,0.602575216,0.337627714,1.162898497,0.927985895,1.711808902,0.434623829,2.044671176,1.494708125,1.35599098,1.423939886,1.304841892,1.721335463,2.541972954,0.605067799,0.503510059,1.206293045,1.48682745,0.476867696,1.629564247,0.535750544,1.368570985,0.061803997,19.04761905,4.761904762,47.61904762,61.9047619,4.761904762,61.9047619,14.28571429,57.14285714,0,NA,NA,NA,NA,NA,NA,NA,NA,NA,NA,NA,NA,NA,NA,NA,NA,NA,NA,NA,NA,NA,NA,NA,NA,NA,NA,NA,NA,NA,NA,NA,NA,NA,NA,NA,NA,0.621943046,0.944132977,0.920363655,1.094367862,0.68843641,0.726784017,0.780258075,0.547950439,0.637139742,0,4.761904762,-9.523809524,0,9.523809524,-28.57142857,-4.761904762,-28.57142857,0,NA,NA,NA,NA,NA,NA,NA,NA,NA,NA,NA,NA,NA,NA,NA,NA,NA,NA,0.003702973,1.419360154,0.238529672,0.38202329,0.363621522,4.212871723,0.145848435,0.392907446,0.235337995,5.725831941,1.856903083,0.40516925,0.145033794,0.33372667,1.64398415,2.039793269,0.504388261,0.274688279,2.463760515,1.854413542,0.701992857,0.648778172,1.525266345,1.598324894,2.496083471,NA,NA,NA,NA,NA,NA,NA,NA,NA,NA,NA,NA,NA,NA,NA,NA,NA,NA,NA,NA,NA,NA,NA,NA,NA,NA,NA,NA,NA,NA,NA,NA,NA,NA,NA,NA,NA,NA,NA,NA,NA,NA,NA,NA,NA,NA,NA,NA,NA,NA,NA,NA,NA,NA,NA,NA,NA,NA,NA,NA,NA,NA,NA,NA,NA,NA,NA,NA,NA,NA,NA,NA,NA,NA,NA,NA,NA,NA,NA,NA,NA,NA,NA,NA,NA,NA,NA,NA,NA,NA,0.865781399,1.469951162,0.237701224,3.415677592,2.058874053,3.409517221,0.423511856,0.364525307,0.367062892,2.871238221,2.105873347,1.10583858,0.626591805,0.278707726,1.567603155,0.605582543,1.136643399,0.210064866,2.764104026,1.48883869,2.096977047,1.456505033,2.130731796,3.152404359,3.86416,0.42450673,0.361807418,0.670718314,1.472463791,0.439872626,2.453188983,0.717211609,1.358090271,0.098182796,10.73825503,3.355704698,18.12080537,63.08724832,6.040268456,86.57718121,16.77852349,51.67785235,0.67114094,NA,NA,NA,NA,NA,NA,NA,NA,NA,NA,NA,NA,NA,NA,NA,NA,NA,NA,NA,NA,NA,NA,NA,NA,NA,NA,NA,NA,NA,NA,NA,NA,NA,NA,NA,NA,0.810516527,1.690763183,1.745495198,0.920846083,1.18531737,0.968822065,1.033052161,0.919592677,0.947344446,-2.496496792,12.57836124,26.38468914,-4.296039531,4.948742533,0.785456155,3.55114684,-10.46906114,-0.67114094,NA,NA,NA,NA,NA,NA,NA,NA,NA,NA,NA,NA,NA,NA,NA,NA,NA,NA,0.068715026,0.480176641,0.030015799,0.798730511,0.156156047,0.328017554,0.461196722,0.139181874,0.302116504,1.329198155,0.543710843,0.295939778,0.021595992,0.090671153,0.205384599,0.350609241,0.906798549,0.239292383,0.175940578,0.79456659,0.254472588,0.450486204,0.23034715,0.310425241,0.736174283,0.000166581,0.032805961,0.266732516,0.59326333,3.03E-05,0.46353585,0.088501717,0.250691312,0.326882483,0,0,20,0,0,20,0,0,20,NA,NA,NA,NA,NA,NA,NA,NA,NA,NA,NA,NA,NA,NA,NA,NA,NA,NA,NA,NA,NA,NA,NA,NA,NA,NA,NA,NA,NA,NA,NA,NA,NA,NA,NA,NA,1967.972511,10.53380048,3.767396859,2.820086265,5476.072101,2.629097296,3.211096722,2.382649535,0.096492329,16.66666667,16.66666667,-3.333333333,83.33333333,0,13.33333333,0,33.33333333,-20,NA,NA,NA,NA,NA,NA,NA,NA,NA,NA,NA,NA,NA,NA,NA,NA,NA,NA,100,2.278141113,0.525521545,3.971077496,1.966306853,4.037177879,0.595176541,1.243283326,1.178620577,3.297076466,1.612056876,2.453934679,0.945796803,0.629405614,2.197640304,1.790022906,1.389005391,0.359540921,2.462202245,1.748385884,2.955530704,3.087976802,2.70604333,3.531207392,3.764314454,1.093663144,0.657500012,0.986820462,1.756113692,1.011229824,2.820324889,0.75375798,2.241041675,0.183935055,42.92276466,11.97521632,35.33276359,77.73207991,33.67161628,96.52280739,19.49043906,91.26695866,1.346010042,NA,NA,NA,NA,NA,NA,NA,NA,NA,NA,NA,NA,NA,NA,NA,NA,NA,NA,NA,NA,NA,NA,NA,NA,NA,NA,NA,NA,NA,NA,NA,NA,NA,NA,NA,NA,1.061564215,1.375583103,1.626009887,1.049599887,0.96482169,1.082078127,1.300352539,1.056889599,1.015646079,6.85052352,15.82711393,25.04719393,3.178211089,-2.746976436,1.474093256,13.14458362,-1.982679257,-0.08331131,NA,NA,NA,NA,NA,NA,NA,NA,NA,NA,NA,NA,NA,NA,NA,NA,NA,NAUPN47,1.083980529,0.220674014,0.085132607,0.335777829,1.963583175,0.215774092,1.797157351,0.496889323,0.295497228,0.106509568,0.042783836,0.268560786,0.047808348,0.020133341,0.259860251,0.061972955,0.270329142,0.054797113,0.005348881,0.14659142,4.194424489,0.496744546,1.282103584,1.199752816,2.8239623,0.025247157,0.023412491,0.001751223,0.030420472,0.022978957,1.133758574,0.037976516,0.123548285,0.536215658,0,0,0,1.01010101,0,32.82828283,0.505050505,1.515151515,17.67676768,0.65584868,2.144961901,5.955232619,0.879335764,0.811603104,1.005604237,0.856759857,1.275770977,1.17512387,0.188679245,0.188679245,0.094339623,-0.727082142,0.188679245,-0.37545264,-0.31637126,0.937678674,3.172288927,0.877592083,2.507335098,3.194452567,0.86869106,0.803135488,1.419987977,1.421095329,1.571574786,1.098235538,0,0.595238095,0,-1.01010101,0,12.70743146,-0.207431457,1.461038961,1.668470418,0.902568631,3.576061426,123.1857636,0.682696407,3.74714014,0.780110034,1.454964242,1.561008493,1.125624145,0,0.94637224,6.940063091,-1.01010101,1.577287066,-9.799891661,-0.505050505,0.693050378,0.619762292,1.124305941,26.29150441,649.7800778,1.851802985,15.5419092,0.552013196,1.482225494,1.308333195,0.797009066,0,19.85294118,39.70588235,-0.274806892,8.088235294,-13.71063577,-0.505050505,-0.779857398,-8.853238265,0.069598189,0.139351761,0.034870748,0.176109684,1.486477468,2.127085956,0.35235963,0.342944311,0.122426598,0.071460463,0.047489539,0.09408592,0.020837989,0.021654074,0.094867757,0.014531963,0.084419479,0.015999359,0.000398608,0.278442451,3.786488896,0.19043845,1.30366484,0.641590767,1.629790213,0.001036201,0.162276705,0.000441217,0.000730531,0.00107263,0.444984356,0.00238053,0.002046575,0.000270778,0,0,0,0,0,0,0,0,0,10.93583166,0.102235655,46.56149742,0.297201606,0.06376604,1.750570578,3.870995219,16.28508268,1309.568748,0,0,0,0,0,20.96774194,0,0,11.29032258,3.654281575,0.503333662,41.48860335,0.719477399,118.5507483,2.0306515,0.088108937,32.91565035,1141.381073,0,0,0,0,4.545454545,27.27272727,0,0,4.545454545,13.68423574,0.092844079,401.695467,1.858442984,204.9418102,1.554208169,0.122804996,64.41871641,1078.351461,0,0,0,0,6.25,18.75,0,0,12.5,0.449758231,3.011171066,1820.671268,0.371937727,164.2529308,0.961582333,0.328589969,35.50638095,654.2222548,0,14.28571429,28.57142857,0,7.142857143,14.28571429,0,0,0,2.570043094,0.279146941,0.110335072,0.516507625,1.555563347,1.907732083,2.426130671,0.588569058,0.443721276,0.333094437,0.128977263,0.359051117,0.078611516,0.040563131,0.328697231,0.040838506,0.462699245,0.130657151,0.009256722,0.290010586,4.095501773,0.532072833,1.774374856,1.597544975,2.719543598,0.017486117,0.054488021,0.009119034,0.054354007,0.033770418,0.959352287,0.057441227,0.213370976,0.678185076,0,0,0,0.618556701,0.206185567,27.62886598,0,1.030927835,20.6185567,1.477571534,1.029151309,1.769699167,0.91623972,0.839893055,1.005793801,1.074336178,0.999529494,1.04368094,0.052410901,0.36687631,0.157232704,-0.042036785,-0.101363764,2.454991463,0.471698113,1.379973632,1.55125462,1.583416045,1.517740823,1.468423651,0.8440524,1.062096609,1.406193572,1.738513113,1.335923599,1.013229361,0.10373444,0.829875519,0,-0.203618942,-0.206185567,15.62839543,0.20746888,4.674466356,0.439534585,2.04835907,1.618217973,18.90459296,1.047476119,3.20020369,0.665793586,0.927629544,1.010654163,0.979807245,0,0.848656294,3.96039604,-0.052785838,1.491127021,-10.37285466,0.282885431,1.373598332,-0.109362925,1.696493539,12.7869651,118.6868696,1.132411728,15.5080514,0.869395374,1.238151136,1.333073995,0.996044397,0.444444444,25.55555556,42.44444444,-0.396334479,14.4604811,-3.628865979,0,4.302405498,-0.174112257,0.228137754,0.221191232,0.065137325,0.581199391,1.39692501,2.436144386,2.35652564,0.865500705,1.779463129,0.495734807,0.164534173,0.267942467,0.090983423,0.044283044,0.371858573,0.028773727,0.565840878,0.14070829,0.006741451,0.372613024,4.06334846,0.553499529,1.886214749,1.695795344,2.769924776,0.013623221,0.040351401,0.015226755,0.23363588,0.033224869,0.656778727,0.0793593,0.265129666,0.442029153,0,0,0,3.225806452,0,19.35483871,0,9.677419355,9.677419355,3.620553223,1.172961066,0.871159963,0.171128932,0.707531018,1.579407222,0.905783397,0.854370055,1.951634721,0,0,0,-3.225806452,0,17.51666967,0,-8.560100919,19.37285997,1.779075604,2.303303631,0.855921232,0.428536661,0.898954079,2.283253173,0.657404997,1.319778953,1.851584196,0,1.204819277,0,-2.020987175,0,31.24757093,0,-4.858142246,16.82860474,3.692529807,2.124090116,11.66473264,0.209804784,4.132750703,0.930509985,0.665823646,0.942733689,1.340125085,1.315789474,1.315789474,3.947368421,-3.225806452,3.947368421,-3.565365025,0,-5.730050934,7.427843803,0.379313862,10.60604635,40.31800046,0.242080053,8.671995374,0.883038907,0.595196715,0.694991944,1.597301931,0,13.7254902,17.64705882,-3.225806452,3.921568627,-7.590132827,0,-3.795066414,7.969639469,4.069523568,0.301953224,0.1259017,0.740322106,0.868335384,0.946533106,2.406962222,0.584916068,0.521436817,0.298490993,0.124112924,1.902975958,0.077552921,0.050256485,0.416788846,0.119552094,0.44849914,0.142383489,0.006883443,0.196757912,4.142337441,1.26397595,1.717717012,1.562989169,2.954513549,0.049599098,0.116406081,0.016923124,0.04682362,0.045121086,1.746881161,0.104174107,0.383443636,1.043970377,0.779510022,1.113585746,0.111358575,0.779510022,0.334075724,50.22271715,0.445434298,7.126948775,38.86414254,0.987147857,1.041732105,0.648279646,0.76016582,0.874805865,1.039821951,0.822119111,0.980606119,1.190358052,-0.509786489,-0.203268821,-0.077643133,-0.509786489,-0.098067632,3.78942041,0.094012768,0.256732951,8.371191244,1.115227306,1.765456021,0.579390514,0.9771181,1.337006086,1.454283014,1.73198164,1.565288579,1.058949707,-0.493591509,1.102282731,-0.039878946,-0.493591509,0.237761303,22.32910558,1.341556409,8.026732426,2.594041878,1.55655011,1.746116722,17.50193362,0.944992512,2.949272814,0.856823092,0.965314671,1.293461241,0.947822985,-0.189346088,2.165102778,9.003395524,-0.386067399,2.288875096,-3.59976633,0.210303406,5.004198766,-4.044470408,0.923443101,6.794337787,70.36959919,2.007996614,10.34570843,0.632182496,0.878264894,1.122638842,0.729444547,-0.482774117,27.96653295,45.5859708,-0.186038212,13.61251181,-14.46604059,-0.000330441,3.407175854,-14.97690218,6.79705632,0.726918985,0.201840885,1.424243219,1.427887323,1.615500903,2.711277749,1.693954737,1.516395803,0.528335585,0.21865006,1.722131567,0.192064789,0.113801475,0.895930748,0.164664475,0.861659573,0.267887333,0.014924192,0.334618269,4.444460084,1.601748188,2.321509998,2.218184481,3.277894962,0.116539286,0.28326123,0.022024679,0.088874466,0.115672184,2.12681562,0.245867508,0.683706522,1.639798068,0.520833333,4.166666667,0.173611111,0.694444444,0.607638889,61.63194444,2.864583333,18.05555556,68.05555556,1.180879145,1.04262403,1.046073034,0.898006508,0.712002333,0.942074408,0.711008621,0.996495066,1.050877384,0.769062483,0.513339948,-0.008239853,0.115874722,-0.227284994,-0.824932703,-1.012425238,0.48256252,1.780726899,1.279777284,1.480770508,0.975697309,1.081023784,0.914523265,1.281898974,1.296694369,1.341579446,0.994149392,0.899132243,4.224039013,-0.044523331,0.209170013,0.123858529,15.73466485,1.610459696,13.31277491,-1.360202716,1.536512872,1.326431629,15.51098567,1.071411119,1.749082512,0.811921281,0.753400181,1.093276406,0.940138585,1.573407504,3.42495637,10.44718171,0.09089587,2.982488261,-10.09866097,-0.845136811,4.120959029,-5.415316214,0.716364488,2.484655376,43.73077479,1.789157752,4.552751909,0.508560996,0.644947539,0.868892555,0.716185482,-0.04987572,22.36394558,36.09012515,0.875414268,16.34683521,-31.01969955,-1.608696363,-2.356968428,-24.72745508,2.240351212,0.819364413,0.123916733,3.101857431,1.105660449,1.631132804,2.601014071,1.532435817,1.317107516,0.176374944,0.132544884,1.923787082,0.182326251,0.143338905,0.960955442,0.100290253,0.791744033,0.234881555,0.012130427,0.290043245,4.577771479,1.81090063,2.518904843,2.461779242,3.025132391,0.140181639,0.352504317,0.029372793,0.079546231,0.110744904,2.662563026,0.240289993,0.915177671,1.80509913,0.197628458,4.743083004,0.197628458,0.592885375,0.790513834,84.18972332,1.581027668,29.0513834,78.26086957,1.042649187,1.002196782,0.713220358,0.844343835,0.882779972,0.91912712,0.772303032,0.953214128,1.044009074,0.946949855,0.31715796,-0.077146531,-0.231439592,-0.429068051,-4.792132959,-0.496690319,-2.605600267,1.076479832,1.30761193,1.544669359,0.533150197,1.13663097,0.998669265,1.160506159,1.41761853,1.265488969,1.006128639,1.276902373,5.042439784,-0.063580201,-0.190740603,0.818065254,9.241912069,2.440420053,15.85478282,0.02331274,1.596938289,1.422916467,12.53973801,0.991514185,1.860095402,0.865441125,0.963717923,1.200203373,0.968598967,2.343021948,5.622770655,10.87960731,-0.389633343,1.648510556,-8.071837141,0.65474469,10.88764099,-3.768999647,0.913582704,3.803257648,56.48657635,2.189356474,5.428856697,0.635578297,0.67336301,0.961744848,0.685154548,1.084422824,51.66717341,71.59724334,0.689165907,14.59410155,-23.93331306,-1.581027668,2.999898652,-29.54292085,2.001688828,1.192032329,0.35261974,3.087099877,1.439542868,1.593284521,2.830242587,1.765757025,1.649448986,1.21422218,0.343206014,2.103478721,0.316862204,0.189433263,1.284571103,0.253072141,1.031603655,0.35828347,0.019875737,0.465693689,4.64624968,2.139982935,2.582396096,2.623886037,3.451886647,0.233021593,0.50438068,0.025133548,0.129773861,0.162072244,2.768862668,0.325648785,0.981597453,2.061584632,1.62412993,9.512761021,0,0.696055684,1.62412993,82.59860789,3.712296984,31.3225058,86.54292343,1.000991699,1.012359854,1.316515493,0.963182128,0.928251472,0.930971006,0.879550051,1.026666109,1.040975214,0.637315188,1.077420998,0.165471594,0.241616682,-0.851929158,-4.77180149,-0.568336697,3.647157741,0.605449429,1.109456435,1.429374974,1.207916717,1.302377322,0.824757153,1.125416885,1.367234278,1.36894058,0.984766104,0.680834609,9.813480114,0.177304965,0.190469138,-1.446824966,1.798555232,2.316071811,22.93281335,-2.145760313,1.25293661,1.262440231,14.79297803,1.174176622,1.472762144,0.830848096,0.907848361,1.225196076,0.95549622,2.084661278,7.382843375,10.98901099,1.227021239,1.123122817,-10.89531119,-0.140868412,14.69397772,-4.262703654,0.551634593,1.05141187,27.01692142,1.236904619,1.555961654,0.351393709,0.472232384,0.820455384,0.58610468,-1.62412993,10.94178443,23.86363636,1.576671588,4.057688251,-56.46224425,-1.439569711,-4.049778528,-39.95201434,0.016244825,2.380889103,0.295793,4.215975042,0.096549333,3.205347748,2.396266042,0.627653382,0.920434082,0.970596209,0.529800439,0.159517022,0.118180094,0.01110104,0.898854548,0.101090894,0.291014036,0.172270859,0.001035307,0.765832073,3.756951674,2.002260969,1.746967407,1.235991927,3.996273642,0.051018631,0.01916218,0.000884258,0.077505288,0.089288208,1.735406703,0.156407032,0.94806847,0.798507568,0,0,0,0,0,50,0,50,0,0.009275754,0.033503192,74.61123353,1.146178892,1.106786879,1.45657716,1.704739389,1.227829117,1.227296053,0,0,0,0,0,33.33333333,0,0,33.33333333,1.04067948,23.65734587,0.833038495,0.01613107,0.004752361,1.085944648,0.97611272,0.549386259,0.779034838,0,0,0,0,0,25,0,-50,25,0.759985846,5.211243836,372.9278839,0.499279478,0.805081053,0.988810845,1.159080988,0.634143307,1.396443642,0,0,16.66666667,0,0,16.66666667,0,-50,50,0.043293866,28.61297089,1106.366626,0.018551278,0.008537862,0.73651211,0.005057114,0.698106582,0.08465438,0,0,50,0,0,0,0,-50,0,0.007081729,0.844942066,2.813128684,3.854854654,1.779567295,4.621366181,1.784640138,0.624200724,0.797626619,1.920596857,2.140428111,0.198423365,1.924314212,0.119296266,0.691840511,0.429645048,0.135087172,0.234189203,0.089372323,0.64919475,4.507819264,0.785717328,4.224828941,1.062056653,4.427747125,NA,NA,NA,NA,NA,NA,NA,NA,NA,NA,NA,NA,NA,NA,NA,NA,NA,NA,NA,NA,NA,NA,NA,NA,NA,NA,NA,NA,NA,NA,NA,NA,NA,NA,NA,NA,NA,NA,NA,NA,NA,NA,NA,NA,NA,NA,NA,NA,NA,NA,NA,NA,NA,NA,NA,NA,NA,NA,NA,NA,NA,NA,NA,NA,NA,NA,NA,NA,NA,NA,NA,NA,NA,NA,NA,NA,NA,NA,NA,NA,NA,NA,NA,NA,NA,NA,NA,NA,NA,NA,0.000436773,0.001363679,2.311538498,1.415489709,1.435560357,4.241957428,0.160787166,0.000405487,0.00064218,7.539612666,5.45179567,0.000941593,1.559629068,0.001513616,0.000298522,0.000763144,0.000165593,0.003750035,0.001725913,0.444636862,0.00131278,0.002270275,4.389130312,0.271035723,3.575628542,NA,NA,NA,NA,NA,NA,NA,NA,NA,NA,NA,NA,NA,NA,NA,NA,NA,NA,NA,NA,NA,NA,NA,NA,NA,NA,NA,NA,NA,NA,NA,NA,NA,NA,NA,NA,NA,NA,NA,NA,NA,NA,NA,NA,NA,NA,NA,NA,NA,NA,NA,NA,NA,NA,NA,NA,NA,NA,NA,NA,NA,NA,NA,NA,NA,NA,NA,NA,NA,NA,NA,NA,NA,NA,NA,NA,NA,NA,NA,NA,NA,NA,NA,NA,NA,NA,NA,NA,NA,NA,0.343634856,0.972478786,1.043655064,0.544231808,0.313508349,0.549680843,2.089612748,0.259736674,0.190615618,3.635491736,2.066697258,0.191099831,0.257848606,0.035012827,0.469253682,0.089744506,0.157092229,0.118232192,0.103244551,0.697585418,1.894108932,0.674612653,0.75302692,0.630140344,3.374665998,0.097911234,0.334311856,0.042987442,0.3563287,0.04444953,1.040638013,0.218468441,0.302133326,0.45997633,2.5,6.25,0,8.75,0,32.5,5,6.25,15,0.213531011,0.662334683,0.687005942,0.236955968,1.016449477,1.275023247,0.657956879,1.055006253,1.674506907,-2.5,-0.589622642,0,-7.33490566,0.471698113,10.4245283,-1.698113208,0.353773585,10,0.399410669,1.213713084,0.937913243,0.60113493,0.358338433,1.15306666,0.456033082,1.269845283,1.074141142,-2.5,4.493801653,0.826446281,-3.791322314,0,3.037190083,-5,-0.464876033,-0.123966942,0.483217233,1.071708456,11.06793538,0.93021032,4.193378045,0.69624189,0.567701728,1.011843696,1.056966046,-1.469072165,1.99742268,17.5257732,-2.56443299,5.154639175,-11.8814433,-2.93814433,-1.095360825,1.494845361,0.215641156,1.500264181,11.38784953,0.340420736,6.40031881,0.374251306,0.797169072,0.306180841,0.660382877,-2.5,9.480337079,14.60674157,-5.379213483,8.988764045,-25.75842697,-1.629213483,-5.126404494,-9.382022472,2.699473061,0.417102671,0.077085182,0.13335778,0.163990217,3.230692375,1.913497838,0.171385054,0.166289673,0.180679229,0.071211631,0.123593392,0.027614882,0.016919219,0.146518898,0.025930223,0.134507797,0.049437102,0.00609144,0.356305988,3.360769684,0.429467087,1.787630044,0.620525469,1.838397534,0.01243668,0.014391037,0.007776161,0.045316809,0.032838101,0.950925507,0.032304389,0.098727007,0.323530947,0,0,0.164744646,0.988467875,0.329489292,30.14827018,0.329489292,1.317957166,8.731466227,1.867313717,1.646018641,0.840685775,0.81481121,1.079809033,1.182857699,1.051520749,1.215578208,1.795596811,0,0.254885302,-0.079782879,-0.393735504,0.350204846,3.24170433,0.010357777,0.806087014,9.535313722,1.176683499,2.035918734,0.72348664,0.764688627,0.811213492,1.203789153,1.165585643,1.155865082,1.041062397,0.214592275,0.321888412,-0.164744646,-0.130098776,-0.114897017,4.937566729,-0.222193154,0.291484894,0.281409309,1.008859188,2.919859887,8.631750261,1.238315494,2.074180165,0.898153503,0.993494686,0.976556971,1.188778995,0,0.314465409,1.931691413,-0.149893451,1.138015949,-4.991037477,-0.119845686,0.044726272,2.170001278,1.094667269,33.82636222,89.21917923,1.002773986,6.500043138,1.19877198,1.26110015,1.736420059,1.275648403,0.115740741,15.27777778,23.09914424,-0.409764171,4.068658857,4.4582113,0.017732931,1.459820611,2.263904143,1.212608077,0.335633831,0.147195092,2.522298345,1.032502427,2.302725492,2.342493042,0.6631325,0.553207846,0.374227938,0.269976582,0.444798906,0.119955347,0.049994885,0.467845681,0.026269608,0.486747628,0.159552034,0.007450255,0.30482972,4.18756993,0.719889256,2.165469206,1.866281513,2.621500571,0.04127052,0.112964018,0.024474246,0.063933094,0.042234777,1.430149787,0.12607039,0.376571359,0.953100602,0,1.393728223,0,1.045296167,0.348432056,48.08362369,1.045296167,6.968641115,34.14634146,0.948497028,0.688448161,0.821528139,1.109520611,0.928978938,0.924636857,0.576145879,0.922281788,1.072806623,0.289017341,-1.249219552,0.289017341,0.399790538,-0.059414715,-2.70790115,-0.900787497,-1.188294294,2.84787819,0.802973286,1.036982952,0.56067157,1.422915251,1.464479937,1.146574333,0.884465989,1.001580711,0.873948917,0,-0.134282379,0,0.214149677,0.659124619,10.35466346,-0.289628661,0.588033948,-6.942311237,1.425983569,1.40505015,6.423972001,1.221803709,2.964379638,0.746458865,0.794967047,0.96883904,0.880350319,0.487804878,0.069686411,3.658536585,0.418118467,1.846689895,-12.71777003,0.174216028,1.080139373,-9.512195122,1.229054132,6.601696543,47.98199076,1.294378529,12.44728784,0.678893196,0.596832078,1.125600272,0.801221318,0.595238095,29.55865273,44.04761905,-0.450058072,13.34204413,-14.15505226,-0.450058072,4.93612079,-10.33681765,76.65340006,0.078678593,0.025994168,0.646201086,0.161618219,0.257985418,1.384800185,0.230667851,0.17237821,0.09015448,0.029726631,0.17996903,0.019329105,0.01362447,0.098304994,0.024368778,0.101992193,0.030389973,0.002166216,0.103622199,3.285768998,0.302521905,0.797656445,0.648762653,1.61455489,0.00817344,0.018593241,0.004689822,0.016891012,0.009427702,0.711502369,0.020672955,0.081359965,0.216636424,0.054396202,0.143408169,0.054396202,0.227475027,0.044505984,21.78320641,0.143408169,1.03847295,5.345663139,1.708082062,1.918930132,1.408198,1.327250924,1.414543952,1.42740658,1.389278411,1.682582796,2.233277085,0.031591841,0.065419936,-0.038017527,0.079625128,0.029198054,9.565577475,0.024473249,0.693571927,9.214978905,1.089502615,1.590502107,0.878255607,1.17068204,1.118535784,1.417697562,1.351375887,1.370352351,1.056428129,-0.031874525,0.044272473,-0.050642589,0.050292324,0.011798209,9.386794717,0.017997183,0.706957026,0.408625364,2.057829472,2.609643496,26.58731882,1.345434996,4.431287759,0.93745179,1.147312906,1.591460003,1.342359798,0.042203489,0.41300605,3.009745993,0.081643984,0.585324001,-1.192016301,0.011151336,0.978528595,2.073193121,1.608003389,27.920789,214.8820017,1.723849184,22.51453938,0.922868896,1.04382087,1.355649367,0.973800125,0.009893186,16.62755017,36.69770392,0.111115749,4.828629624,-0.786292299,-0.057688985,0.513044279,-0.935411125,100,0.195688094,0.060321982,0.801085714,0.395470635,0.585458891,1.623613833,0.420922576,0.347105929,0.176301857,0.068024868,0.440283425,0.048381305,0.029452607,0.228580302,0.046046,0.219513912,0.065781068,0.004507796,0.15448801,3.487690596,0.51922615,1.083979349,0.91404163,1.904956224,0.022357698,0.052515038,0.007289205,0.027961647,0.022007888,0.913036491,0.046924598,0.160366509,0.400331986,0.136529735,0.650524033,0.064249287,0.35738666,0.136529735,27.71553628,0.401558045,3.248604586,13.19118179,2.245451559,2.17812921,1.633576827,1.454357016,1.650623244,1.475728394,1.579925275,1.910555906,2.171952233,0.270869777,0.917490368,-0.000297038,0.090279083,0.060064215,13.66867462,0.230858639,3.84772645,18.33490836,1.31105576,1.709299172,0.930735704,1.174586885,1.140220228,1.417372953,1.515599556,1.487790905,1.127004988,0.066145579,0.771098527,-0.041086394,0.021905713,0.037191962,11.42106688,0.304910193,3.028539429,1.948664181,2.008541969,2.085943112,22.40599298,1.319576205,3.244905145,0.963319404,1.147662947,1.555724192,1.292885323,0.288160473,1.240220047,4.336821165,0.070212386,1.003734387,-0.631354537,0.072582393,2.880315072,3.976774466,0.76198994,10.21692532,137.4821031,1.31825777,10.71789356,0.7683706,0.639516327,0.884728815,0.686211167,-0.038744937,16.98834918,36.5599186,0.048796348,5.5237057,-5.488299454,-0.251119894,-0.781418908,-6.421464985UPN48,0.064120394,0.130805432,0.0117711,0.427667821,2.020994679,0.385510261,0.525522214,0.042009982,0.054017031,0.02265637,0.057561995,0.161307167,0.017929562,0.012745393,0.252661338,0.014555634,0.176628217,0.017299776,0.047391837,0.03836882,0.348715244,0.136778183,1.079604909,0.238246093,3.137762126,0.000842753,0.000660082,0.000238447,0.104195638,0.001136511,0.057079627,0.000340915,0.000373426,0.092512066,0,0,0,0,0,0,0,0,0,2.33565658,48.27098579,1.566979518,0.097768422,14.56764712,7.128706301,130.020391,348.3988466,1.634659517,0,0,0,0,0,11.11111111,0,2.777777778,2.777777778,13.31737637,45.7228882,1.508345129,0.166779908,0.347129528,11.57083296,365.8835532,105.6875021,2.161326936,0,0,0,0,0,22.22222222,0,0,2.777777778,64.35008533,514.519218,138.2162444,0.434621122,6.066529783,3.130605946,264.1935302,161.9177388,0.946123029,0,4.761904762,0,0,0,4.761904762,0,0,0,0.400763758,5.195158015,150.0180937,0.086524676,6.582441815,10.78750277,22.69442545,451.955882,1.845341414,0,0,0,0,0,23.52941176,0,0,0,0.132647725,0.140870169,0.020336906,0.665116232,1.478955674,2.024777789,0.208851521,0.047965659,0.060171956,0.040015799,0.087181116,0.138160668,0.004866201,0.005930762,0.135615563,0.011633662,0.189971517,0.010378712,0.031918065,0.010246771,0.330886079,0.166936137,0.890544454,0.18745602,3.788777844,0.000420958,0.001744814,0.001479746,0.000496785,0.000223887,0.443169573,0.000345025,0.017072727,0.000456697,0,0,0,0,0,16.66666667,0,0,0,4.742537665,3.135371267,2.517660768,139.0246622,65.36383366,0.705277377,60.68312589,1.373919888,279.5779094,0,0,0,1.515151515,0,-10.60606061,0,0,0,1.24671776,9.518687889,0.160125468,20.82710759,1.407753954,1.542472678,128.9425013,4.315165993,443.1642313,0,0,0,0,0,3.051643192,0,0,4.225352113,20.39814184,21.94316291,0.17756799,16.36258342,24.99078759,0.437867382,88.14542422,3.663831202,321.8443472,0,0,0,0,0,-13.0952381,0,0,1.785714286,0.210788373,1.449095631,26.77299762,31.54363381,42.89836132,0.52843853,98.64963956,2.346165357,208.7125183,0,0,0,0,0,-13.33333333,0,0,0,0.127060205,0.274628645,0.059961673,0.913438852,1.665721607,2.227340334,1.624835709,0.149358258,0.155645388,0.11598187,0.261409314,0.362286228,0.020303721,0.024893062,0.510679351,0.107962013,0.67441916,0.092719373,0.151895105,0.056863623,0.561187304,0.401118843,1.557935283,0.518131784,4.124915276,0.000720168,0.02234473,0.00032082,0.093230206,0.000586619,0.419505637,0.11152486,0.110993351,0.439680967,0,0,0,0,0,7.692307692,0,0,7.692307692,10.44345819,0.424294097,13.12450355,0.430433782,78.04053967,1.369861292,0.983569138,0.978676648,1.150099539,0,0,0,0,1.960784314,13.87631976,0,0,-1.809954751,15.08166436,1.55956735,10.95461043,0.79866539,51.33087003,1.79184895,0.826997596,0.701196413,0.974480097,0,0,0,0,0,15.83710407,0,0,1.131221719,16.40109138,1.47806907,88.02709379,0.732638061,66.23354355,0.763129028,1.026345286,0.996138898,1.13350642,0,0,0,0,0,-0.912646675,0,0,4.172099087,5.191881845,3.606756272,328.7373463,0.899517094,10.87720982,1.104941027,1.190249267,0.875356709,0.861648604,0,2.564102564,2.564102564,0,0,5.128205128,2.564102564,0,-5.128205128,0.003989464,0.294135644,0.108462835,0.803345202,1.255232375,2.457633824,1.1066443,0.22437311,1.772621233,0.17036775,0.482327133,0.402570927,0.001476395,0.038852318,0.434304023,0.118962939,0.861405079,0.125555812,0.160895585,0.041855622,0.485213359,0.438236644,1.262207581,0.386032503,3.90852172,NA,NA,NA,NA,NA,NA,NA,NA,NA,NA,NA,NA,NA,NA,NA,NA,NA,NA,NA,NA,NA,NA,NA,NA,NA,NA,NA,NA,NA,NA,NA,NA,NA,NA,NA,NA,NA,NA,NA,NA,NA,NA,NA,NA,NA,NA,NA,NA,NA,NA,NA,NA,NA,NA,NA,NA,NA,NA,NA,NA,NA,NA,NA,NA,NA,NA,NA,NA,NA,NA,NA,NA,NA,NA,NA,NA,NA,NA,NA,NA,NA,NA,NA,NA,NA,NA,NA,NA,NA,NA,0.629956489,0.181664498,0.058855906,1.15939468,0.550104991,1.773967238,1.372128508,0.209676876,0.261322973,0.161750091,0.194757591,1.895776052,0.011910451,0.02718415,0.416117106,0.213678327,0.352330675,0.081429587,0.064506415,0.049774006,0.551331604,0.714365358,1.016342332,0.297504461,3.001130807,0.016831649,0.024866302,0.006802427,0.066829841,0.09686633,0.377783534,0.081076009,0.2181694,0.630806068,0,0,0,0,0,6.818181818,0,4.545454545,13.63636364,0.836668185,1.247100721,1.117623774,1.159944211,0.584864562,1.267004547,0.847323829,1.201374178,1.05730286,0,0.380228137,0,1.140684411,0.380228137,8.390943657,0,1.538195645,6.135499482,0.653775182,2.930946431,0.352416625,0.919741435,0.3505939,1.984586355,1.138508963,1.386524599,1.034227348,0,0.343642612,0,1.030927835,0,15.51858794,0.343642612,1.640112465,1.483911278,0.775258641,1.674253532,2.169887034,1.021446884,0.217548414,0.86468591,0.911118286,0.864438605,0.986188439,0,0.4048583,0,1.214574899,0,0.874125874,0.4048583,-1.711446448,0.938535149,0.613718909,6.189268357,34.13583701,1.457818082,0.547161134,1.562449903,0.873845241,1.394187415,1.139244016,0,2.100840336,5.042016807,0.840336134,0.420168067,9.988540871,0.420168067,2.17723453,8.632543927,0.142203244,0.454530799,0.168788505,1.749873113,0.9986968,2.384787289,1.967809579,1.05040881,1.187547634,0.30753295,0.439417596,1.83988148,0.04028532,0.076646069,0.919721655,0.333399201,0.777831236,0.220645811,0.154386292,0.047284684,1.010047897,1.208581696,1.604458849,0.632288897,3.709527048,0.014996266,0.022118594,0.001260013,0.108363639,0.083994269,0.547997521,0.095854226,0.418859484,0.97304628,0,0,0,0,0,7.692307692,0,7.692307692,38.46153846,1.722396444,3.461509304,2.430132302,0.643446844,0.859712604,1.533299063,2.044024191,1.040185066,1.44968705,0,0,0,0,0,16.44562334,0,2.652519894,16.71087533,3.755872046,6.668858824,5.195484286,1.673785811,0.72326838,1.35471293,2.064361476,0.723729928,1.271877392,0,0,0,4,0,18.30769231,2,-1.692307692,5.538461538,5.221286578,4.972890145,39.4295098,0.818830967,1.354227191,0.892760055,1.552286123,0.960548775,1.262395741,1.492537313,0,0,0,0,2.755453502,0,5.740528129,10.79219288,3.215798373,17.80933739,212.3705198,1.18549711,1.204144283,1.137495323,1.685454126,1.18923189,1.469320209,0,11.47540984,9.836065574,0,0,7.061790668,0,2.143757881,25.47288777,4.667148746,0.914527467,0.161324014,3.855401288,1.400497897,3.205319592,1.690248244,0.816182914,0.93514276,0.127684633,0.287529955,1.802166319,0.070753732,0.084263428,1.162722253,0.319982519,0.872529456,0.147453625,0.181572186,0.027846578,1.812342203,1.390689684,1.854125013,0.647057751,3.658514888,0.044326761,0.161129959,0.008985757,0.131650556,0.082415762,1.50836499,0.225275034,0.823575738,1.377083071,0,0.833333333,0,0.833333333,0.416666667,47.5,2.5,26.66666667,51.66666667,1.42863884,1.032527036,1.107016612,1.079647052,0.900237407,0.939512348,0.839708024,0.933911902,1.027318261,0.362154821,0.615285951,0.045269353,0.117323072,-0.326127961,-4.131960163,-1.322996831,-1.542175947,7.092953071,1.775131,1.743496603,1.059907421,1.323159274,1.06582615,1.276658412,1.240125264,0.932450582,1.017435364,0.269179004,2.351951548,0,0.243382683,-0.326940332,7.457379991,-0.122252131,-2.216240467,4.860924181,3.15613915,1.494583629,13.50099848,1.224506543,1.004657234,0.949506153,1.12885481,1.011452219,1.010432822,1.912260967,2.035058118,1.743532058,0.17904012,-0.135451819,-5.880202475,-0.531496063,2.129733783,4.463817023,1.161436271,3.50920377,70.60494792,1.677411727,1.468077945,1.004442035,1.166475162,1.065160534,1.020032931,0.309278351,15.50687285,21.90721649,0.558419244,-0.158934708,-2.5,-0.128865979,3.5395189,5.807560137,0.837213881,1.256912056,0.718531196,3.843134079,1.501445851,3.17559613,2.096520169,1.042929831,1.269931809,0.915951423,0.630821977,1.8479458,0.140866838,0.14363471,1.420541401,0.595386868,1.127539206,0.236016655,0.263019715,0.122855289,1.836806089,1.61464995,1.98718406,0.781708529,4.171735154,0.060598985,0.133592913,0.034305438,0.16723509,0.179913082,0.925476442,0.172690403,0.721465127,1.535933476,0,1.754385965,0,0,0,24.56140351,1.754385965,21.05263158,59.64912281,1.545764731,1.316490744,0.428147382,1.623759637,0.590332381,1.166062054,1.355708903,0.897714491,1.100382663,0.286532951,0.537877645,0,3.151862464,0,3.518825718,-0.60825416,-1.568390891,9.978384356,1.3697075,2.314293768,0.400842534,1.805410102,0.814413681,1.560739759,1.591605001,0.958442933,1.119439005,0,4.411833874,0,3.753351206,1.072386059,15.92117022,1.194675697,1.199379145,13.54122572,2.07571754,1.627139023,3.421258028,1.421703771,0.471462612,0.984824376,1.605038385,0.913223312,1.056233904,0.64516129,2.116581777,2.258064516,1.935483871,0.322580645,-1.335597057,1.471420487,-0.730050934,8.415393322,0.704565426,3.532186805,17.42578864,2.009533338,0.649710596,1.333388743,2.020468775,1.049238533,1.092799345,0,14.107683,21.03448276,3.793103448,0.689655172,11.30066546,3.762855414,3.085299456,11.73018754,0.13610585,1.784720925,0.456368325,4.534466878,0.653354711,4.09719657,1.257675082,0.475345752,0.747620491,0.184810195,0.509366591,0.315356513,0.068759314,0.02618726,0.882624806,0.10907522,0.752717892,0.084505679,0.172553763,0.071927521,2.017459352,0.801855748,1.735429223,0.487147199,3.767174497,0.067576684,0.004604799,0.000948539,0.021079799,0.048944237,0.96304884,0.331395666,0.352342214,0.607694174,0,0,0,0,0,20,20,0,40,0.085629975,15.05174438,6.014588216,8.351149271,0.653308106,1.124594776,0.343881873,1.001772816,1.594355624,0,0,0,4.081632653,0,10.6122449,-20,4.081632653,0.816326531,0.404482704,36.00725807,1.926422155,7.203139951,1.30428957,2.127390287,0.42401512,1.196461648,1.581031691,0,0,0,1.694915254,0,35.93220339,-20,8.474576271,-7.796610169,0.634435538,20.50512126,83.73739794,7.492701794,1.244377903,0.810113932,0.181753848,0.972636565,1.716907396,0,0,0,2.222222222,0,4.444444444,-20,4.444444444,-4.444444444,0.313319349,122.7174643,375.7973656,6.707318341,1.280703967,1.479097787,0.376250917,1.306781692,1.759496735,0,22.91666667,8.333333333,2.083333333,0,21.66666667,-20,12.5,-6.666666667,0.005249188,1.459608388,2.984001701,3.938111429,0.881965492,3.788938984,2.016550053,0.807716639,0.878231195,1.026873768,1.076001415,0.542234644,0.372840178,0.185594674,1.380899256,0.452977764,1.338383951,0.226125189,0.142321372,0.142651629,1.907286215,0.943766942,2.43907902,0.994086453,4.506963382,0.000367568,0.001651229,8.22E-05,0.506851252,0.000909275,0.999102163,0.000344022,0.001174207,0.651486128,0,0,0,0,0,0,0,0,0,99.17011324,0.453135295,9.578625943,0.106709944,430.6389294,0.725348481,37.83638799,229.8737286,0.919137127,0,0,0,0,0,0,0,0,0,6.989492244,0.192706348,756.0600138,1.463238757,80.38482876,0.920491803,1370.88039,266.1787809,2.849086834,0,0,0,50,0,0,0,0,50,1.416271684,0.391817542,5.737640442,0.003201401,1.52064235,0.001182974,1085.994624,22.6313661,1.096048924,0,0,0,0,0,0,0,0,0,6.695302081,47.71131836,28.76847804,1.501242801,47.25567758,0.314163107,5.952916453,131.4062376,1.269909426,0,0,0,0,0,0,0,0,0,0.000295578,0.819044222,0.368091292,3.814084857,0.217881115,2.564864826,1.099996681,0.667518308,0.280147798,7.885086704,7.887499055,0.337248636,0.085934274,0.342191279,0.793370869,0.688948732,0.895650952,0.005023472,1.100596863,0.001622734,2.398486647,1.664409754,1.377140503,0.73857624,3.742047425,NA,NA,NA,NA,NA,NA,NA,NA,NA,NA,NA,NA,NA,NA,NA,NA,NA,NA,NA,NA,NA,NA,NA,NA,NA,NA,NA,NA,NA,NA,NA,NA,NA,NA,NA,NA,NA,NA,NA,NA,NA,NA,NA,NA,NA,NA,NA,NA,NA,NA,NA,NA,NA,NA,NA,NA,NA,NA,NA,NA,NA,NA,NA,NA,NA,NA,NA,NA,NA,NA,NA,NA,NA,NA,NA,NA,NA,NA,NA,NA,NA,NA,NA,NA,NA,NA,NA,NA,NA,NA,0.593385392,0.705416113,0.9702782,0.353554337,0.055083134,0.294511402,1.104686137,0.011908013,0.048781501,4.224374563,2.773181085,0.03327355,0.21103646,0.016292516,0.525414483,0.024254382,0.029128952,0.078476611,0.045908503,0.53960125,0.044072778,0.495993602,0.08965387,0.22812866,2.614835454,0.103447717,0.019386506,0.025125725,0.283200537,0.013409271,0.402754464,0.034772754,0.20709491,0.235940104,1.298701299,0,0,5.194805195,0,7.792207792,0,2.597402597,5.194805195,0.058063402,3.810598915,0.338697135,0.235800381,1.133705664,1.322732872,1.597058588,1.102388248,1.091240198,-1.298701299,1.10701107,0,-3.718790435,0,5.491925049,0.73800738,0.723630613,-0.028753534,0.094472365,1.033145734,0.520241416,0.354886564,1.468367633,1.572124191,2.49301765,0.997966255,1.129392337,-1.298701299,0.393700787,0.393700787,-3.620002045,0,14.64873709,1.181102362,0.158502914,0.710706616,0.31922581,10.56745233,27.82243624,0.300607548,36.51631845,1.211251917,3.043534259,1.575509683,1.094451459,-1.298701299,4.784688995,23.92344498,-3.759398496,17.70334928,4.169514696,1.435406699,3.622693096,1.025290499,0.151839635,2.521575381,10.94702346,0.440002777,15.41477713,1.512197646,2.014847545,0.969669157,1.223436094,-1.298701299,0.36101083,8.664259928,-3.750761874,4.693140794,9.175301233,1.083032491,-0.792348446,0.942378921,2.596151492,0.052687887,0.035401303,0.407542304,0.053339985,3.056874533,0.44509601,0.026036027,0.031949395,0.041878204,0.059407255,0.053541128,0.004620887,0.004433134,0.082577276,0.016278767,0.060617164,0.010965663,0.012916248,0.096280149,0.146985775,0.081481559,0.794442797,0.078327375,2.835067776,0.000537197,0.002604332,0.002478215,0.020112758,0.034476648,0.16620001,0.017340147,0.063071142,0.103493209,0,0,0,0,0.602409639,5.421686747,0,0,2.409638554,6.084991131,4.55832404,2.634149411,2.024600187,0.351662331,1.051491365,0.821242111,0.493868942,1.039057017,0.089047195,0.17809439,0.267141585,0.71237756,-0.513362444,-0.702185411,0.17809439,0.17809439,-0.895836239,2.695553096,2.335619035,0.728616066,1.199228185,0.172805966,2.792285617,0.777219014,0.548224082,0.967413366,0,0,0.077639752,0.388198758,-0.524769887,8.087630023,0,0.155279503,-0.70156402,7.093796336,2.583771496,3.637452785,1.220548669,0.397669762,0.874433895,0.584760186,0.426770367,0.895982248,0,0.090497738,0.271493213,0.452488688,-0.240418688,-1.168293082,0,0.090497738,-0.871177016,5.537272081,5.363561072,11.01214431,0.939851807,0.386419386,1.409911395,0.548459879,0.404690643,0.811192244,0,0,0.484496124,0.290697674,-0.505510414,1.16746054,0.096899225,0.19379845,-1.149948632,20.19272816,0.208542003,0.070101336,3.460202168,0.495249621,2.984790928,0.795392646,0.145793759,0.185161006,0.069373351,0.128697619,0.278371104,0.01470215,0.013486067,0.293828546,0.069410019,0.292267869,0.036311341,0.047982286,0.02399338,0.87297641,0.334339611,0.906367761,0.221903767,2.902722977,0.009038212,0.025988418,0.002975558,0.074430269,0.020833586,0.638298936,0.064231384,0.212663467,0.405483362,0,0.155400155,0,0.543900544,0,19.26961927,0.699300699,3.418803419,8.935508936,0.929235855,0.645771773,1.319749705,0.796075969,0.796584069,0.825383329,0.693598885,0.718817973,0.874646736,0.010121457,-0.104792868,0.030364372,0.225330225,0.050607287,-3.844518055,-0.405778432,-1.222447143,-0.990164806,0.825667612,1.097879039,0.975108664,0.767679617,0.779102547,1.521802255,0.852303337,0.643048707,0.804520526,0.022150847,-0.044645919,0.011075424,0.131700298,0.055377118,9.404652521,-0.400264261,-1.62458479,-2.024444587,1.402576129,1.051172148,5.20173084,0.765019314,0.824591928,0.779767949,0.809662929,0.700974228,0.849505131,0.072376357,-0.070961072,0.060313631,0.083361217,0.048250905,-5.047665108,-0.482171628,-1.404328147,-1.323928718,0.770814055,3.648565808,44.80678331,0.997357739,1.128409694,1.074944019,0.918859389,0.849809476,0.878088224,0.01077238,1.008016843,2.456102553,0.285572687,0.075406657,0.713144923,-0.311495033,-0.079365737,-0.716183286,69.87142288,0.02567366,0.012592534,1.372035555,0.079404707,0.600244336,0.341831883,0.02718891,0.034248428,0.04296237,0.027081578,0.086806692,0.002716177,0.00351825,0.047277541,0.03310206,0.043748047,0.007430229,0.008811377,0.032718824,0.154411434,0.066157997,0.222816183,0.045832999,2.053653106,0.000960539,0.003893318,0.000782857,0.019311803,0.002130904,0.085190229,0.007946378,0.017914302,0.035644876,0,0.045135083,0,0.425559353,0,2.08266168,0.06447869,0.090270166,0.31594558,1.464394195,1.08173873,1.163475582,1.309410401,1.343809354,1.461480069,1.137684346,1.482528727,1.854719879,0.006336734,-0.013451413,0.003168367,0.043358967,0.009505101,1.25996553,-0.007448083,0.128347159,0.434957405,1.43887178,1.510637372,1.450715461,1.580574803,1.373575885,2.832708811,1.389245788,1.437281377,1.865423759,0.003747424,-0.037640236,0.003747424,0.174028431,0.011242271,4.763881321,0.002974936,0.097101017,0.381075218,2.278486634,1.399627036,12.98473397,1.126511914,2.636322712,1.438028298,1.204733414,1.462370595,1.808231677,0.010806916,-0.012714334,0.226945245,-0.072533416,0.082853026,1.296300856,0.000362809,0.111458941,0.354083238,1.349191807,3.354531833,38.3471625,1.662649603,2.20910995,2.057928175,1.49201809,1.771299505,1.815643606,0.006889187,0.027201385,0.409906652,0.242691827,0.037890531,2.839662732,0.042303715,0.288635142,0.390196131,100,0.123486592,0.044862075,1.888531656,0.244082865,1.303587821,0.516782425,0.099783826,0.121387971,0.084836318,0.08359073,0.23152429,0.01096324,0.01075242,0.169971582,0.058609378,0.145425692,0.022013157,0.028061653,0.035726083,0.394389476,0.203944059,0.475773297,0.119698356,2.339909287,0.00286676,0.008250411,0.001303006,0.026876522,0.00586883,0.152328865,0.016259601,0.04792959,0.090589741,0.00573954,0.068874476,0,0.453423635,0.011479079,4.138208116,0.154967572,0.797796017,1.974401653,2.365546322,2.056134732,1.791870445,1.536478959,1.849320862,1.898011824,1.740802053,2.04204782,2.36589173,0.022571181,0.063968138,0.017421982,0.143279254,0.016831642,4.163366396,0.021429998,1.260175629,3.90987283,2.792813311,3.632669312,1.708084679,1.7773584,2.134901996,3.458110282,2.455226309,2.130381536,2.468949217,0.016516204,0.198194442,0.009891441,0.226612963,0.025613826,11.12428601,0.126938509,1.365956796,4.148400592,4.168752631,2.902673357,15.97502745,1.412507038,2.5919656,1.774875948,2.016703353,2.008989456,2.238612089,0.109410155,0.161424913,0.398017423,0.012181651,0.173761734,3.484201016,0.057809038,1.279904995,3.405091688,1.885053431,7.501537905,67.36912569,1.973962481,2.889731582,2.398561076,2.286079418,2.336708241,2.32217334,0.015542087,1.156001381,2.092693308,0.300891806,0.083105929,6.398561806,0.164256831,1.829302588,3.7716376UPN49,7.229298854,0.397474008,0.043978093,0.432878604,2.222502645,0.44163532,0.619994384,0.101172489,0.075416166,0.031624395,0.060167884,0.075811023,0.014139926,0.008498476,0.26883091,0.018967011,0.134521441,0.012567705,0.002393153,0.063902171,4.698902074,0.122902527,1.208842391,0.236311757,4.704137498,0.007630575,0.00626184,0.002052421,0.017609005,0.007238561,0.366527564,0.031855726,0.050438991,0.238684862,0.021777003,0.021777003,0,0.348432056,0,9.734320557,0.087108014,0.283101045,4.355400697,0.970010272,1.580212171,1.095912738,0.750455557,1.035739453,1.306801165,0.996633418,1.178671052,1.069124213,0.025381686,-0.021777003,0,-0.136217955,0,4.861293684,-0.039949325,-0.0473076,1.115007226,1.132440518,5.324057226,1.230594049,0.754610879,0.893077375,4.105430488,1.448285166,1.255087452,1.360763923,-0.008752778,0.121489472,0,-0.166092905,0,37.62176176,0.043134237,0.133674157,3.941030665,1.591184116,2.757850135,20.08770037,0.942465375,1.280454149,0.934294783,0.85093149,1.493673391,1.093395492,0.000524513,0.045127546,0.289919715,-0.058512341,0.022301517,-0.813713956,-0.064806497,0.430547483,1.866722408,1.54019782,52.30887125,244.500324,1.242403446,9.756351927,2.730775556,1.873722833,2.413803449,1.07689152,0.028474253,9.576212946,15.67839196,-0.097175774,0.502512563,24.43653371,0.013394499,1.525944181,-0.033792657,4.976709286,0.49406162,0.049314846,0.529558946,1.910512411,2.028995274,0.238834552,0.129392119,0.101645856,0.02517419,0.05295986,0.069558164,0.020077011,0.008079303,0.243787606,0.022360957,0.126716856,0.009670879,0.001869923,0.069592123,4.9301143,0.124773727,1.52440558,0.290167562,4.667096814,0.006258982,0.005838692,0.002199838,0.009296985,0.007532283,0.475079426,0.021014779,0.04860421,0.267364537,0,0,0.035198874,0.105596621,0.035198874,13.16437874,0,0.140795495,3.977472721,1.189772438,1.874806207,0.845255884,1.026037955,0.829009902,1.246431789,1.149633704,1.255211908,1.091481014,0,0.033955857,-0.035198874,0.064182666,-0.001243016,4.390799528,0.033955857,0.06293965,1.251729316,1.272481253,5.746966839,0.919906497,1.284157171,0.867810991,3.743496544,1.985642222,1.336077524,1.303394079,0.021253985,0.170031881,-0.035198874,0.043181275,-0.013944889,42.54231627,0.127523911,0.178014282,4.226565536,1.196914779,2.765847101,19.96792582,1.292114107,1.318777076,0.715710689,1.257792459,1.6080014,0.924284054,0,0.058241118,0.48897119,0.069126734,-0.035198874,-4.60293436,0.116482236,0.35425401,0.798298974,1.955807775,67.58116148,303.0605896,2.694685397,10.15120334,2.595428371,2.635668196,2.657634527,1.074584514,0,10.69553806,20.56847567,0.156870571,0.227268318,29.3553063,0.262467192,1.302774059,1.534338303,7.626830486,0.866622978,0.142046327,0.855095942,2.203947745,2.075066668,1.672003033,0.308210658,0.257769338,0.125337738,0.20120626,0.185706037,0.060692213,0.026848958,0.604901394,0.054848737,0.415381957,0.051247081,0.007510024,0.126014644,4.780493088,0.334530485,1.974749864,0.69405198,5.101980353,0.021900303,0.019773329,0.005663567,0.04389416,0.020761039,0.734040025,0.103871581,0.132733309,0.647811071,0.020362452,0.020362452,0.061087355,0.712685807,0.020362452,21.64528609,0.346161678,0.916310324,18.48910609,1.033085885,1.4655508,1.21980643,1.024559164,1.054531872,1.185567305,1.006669969,1.132189299,0.989275204,0.003379239,0.122087691,-0.037345665,0.165756738,0.003379239,5.966299852,0.12867213,0.48444941,-0.58787152,1.162701451,4.570510718,0.978266481,0.794740822,0.973353285,2.29432175,1.322273241,1.075467562,1.078876404,0.088377524,0.455374941,-0.047494858,-0.209763421,0.034007536,30.76738211,0.211130697,0.456531867,2.891891601,1.41649602,2.215260315,18.27990659,0.881611969,1.326074697,0.877829637,0.775071182,1.397360733,0.930711838,0.036966041,0.075185035,1.257467967,-0.10118189,0.017856543,-3.281059072,-0.002190724,1.663471828,-1.347886902,1.502831059,26.07244819,126.6255299,2.218496177,7.575479211,1.770928175,1.69014485,1.793013506,0.960066759,0.057976757,16.62671941,25.90836035,1.010776786,1.193895284,22.10716201,0.672248036,2.726462884,-0.627766488,0.228100421,0.983339406,0.172679268,1.012886925,2.358397757,2.565255149,1.398079817,0.646630946,1.453854298,0.145047316,0.238646769,0.191486449,0.094078037,0.041848225,0.747818789,0.110366085,0.4905482,0.063285237,0.008364827,0.107273966,4.789065468,0.481158031,2.204764051,0.908026517,4.948381511,0.038257343,0.01746437,0.011634118,0.059099781,0.043103614,1.010627316,0.167129599,0.176759785,0.830177332,0,0,0,2.459016393,0,31.14754098,1.639344262,0.819672131,22.13114754,0.656713661,2.577282078,0.729319784,0.781735301,1.040517589,1.01435883,0.798290228,1.142595845,0.844483448,0,0,0,-1.769361221,0,4.024872809,-0.94968909,1.938948559,-1.441492369,0.927939233,8.675657473,0.623173283,1.118410193,0.744405318,2.26932271,1.184555586,1.211491172,1.09112449,0,0.952380952,0,-1.506635441,0.476190476,33.61436378,-1.639344262,1.085089774,7.392661983,0.885033342,4.360741201,13.02450585,0.814835321,0.956470277,0.714416141,0.447193198,1.558141908,0.91273202,0,0.606060606,1.818181818,-1.852955787,0,-12.3596622,-1.033283656,2.816691505,-2.131147541,1.673240146,41.41321583,86.18497624,2.859415222,6.748857694,1.669855116,1.172034039,2.146697362,1.005613256,0,21.91780822,42.46575342,0.280709634,1.369863014,29.12643162,1.100381765,8.769368965,3.896249719,0.806024038,0.876532577,0.191038996,1.047289769,2.062060031,1.764351264,1.406928097,0.34459806,0.338723194,0.144299724,0.227169528,1.446282993,0.071823318,0.045386536,0.80859203,0.092512626,0.484372355,0.076746877,0.009874208,0.128624426,4.688349293,0.630183605,2.104217954,0.736980457,4.935650322,0.032770141,0.026028543,0.003921341,0.065612344,0.03553036,0.995673633,0.12397216,0.235249111,0.896456227,0,0,0,1.125703565,0,32.64540338,0.562851782,2.814258912,29.45590994,0.877046935,1.760783326,0.963504674,0.781926793,0.881378632,1.081898931,1.106919785,1.250106851,1.035874855,0,0,0,-0.545432772,0.193423598,3.331385791,0.017419011,1.441060237,1.10501849,1.488233857,8.815292052,1.631192906,0.749069697,0.900350123,2.406572325,1.84614388,1.412875428,1.181437257,0,2.795031056,0,-0.659865055,0,40.49124259,0.368825236,2.931082703,10.29564285,2.117658002,3.079096423,46.92730825,0.7630945,1.77733563,1.015447707,1.121136033,1.738846515,1.027006063,0.414937759,0.414937759,3.112033195,-0.710765805,0,-0.072789269,-0.147914023,4.447151877,0.004670969,1.916771184,27.90049174,244.2177572,1.200747745,7.17328385,1.604662827,1.68580009,1.76575802,0.987671335,0.325732899,26.71009772,35.17915309,-0.148504868,2.931596091,21.10052496,0.088614016,6.306262261,-1.117147729,1.637811301,1.759428687,0.363558708,1.541490867,2.791989082,2.550566499,1.819467181,1.210075325,0.99659849,0.209069653,0.313539687,0.738211522,0.187216577,0.079058451,1.331684199,0.203550555,0.766087704,0.094440542,0.011059089,0.23723007,5.039587237,0.895037352,2.636576265,1.166943703,5.206270465,0.081591326,0.062911049,0.013987443,0.057806388,0.05810171,1.296178252,0.179849803,0.331242508,1.418652836,0.208550574,0.104275287,0.104275287,0.417101147,0.104275287,44.94264859,0.31282586,3.023983316,58.49843587,1.108777848,1.702060418,0.746896186,0.936011554,1.059384621,1.145036832,1.191042906,1.13124202,1.005364858,0.108239289,0.423707818,-0.104275287,0.322075199,-0.104275287,6.694099032,0.84873697,2.678234213,0.84686508,1.325865131,5.513121865,0.903921768,0.665788877,0.977775146,2.194194731,1.792077028,1.211309369,1.090927062,0.149444653,4.310999176,-0.044609416,-0.357435276,-0.044609416,34.23396239,1.536816145,5.567902126,4.986051003,1.57310397,2.590260499,25.22680017,0.788300955,1.234287058,0.936108703,0.980478292,1.540910476,0.966681117,0.505168697,1.243861113,7.508730264,-0.258496865,-0.024973146,-3.784837331,0.083684846,9.981567834,-2.907634919,1.35765101,13.91114493,82.93320432,1.973931402,5.787564319,1.402179365,1.832883991,1.466797538,0.872666156,0.24911533,32.84766979,46.80647986,0.040564757,3.557051944,16.61341548,1.289004803,8.188831329,-6.782188731,2.648365947,2.016223749,0.197963626,2.902053263,2.766967364,2.801627452,1.519603,0.924681212,0.753901901,0.098273127,0.227500703,0.690497564,0.139092157,0.069792411,1.400877262,0.191171369,0.655292151,0.067117543,0.007968503,0.216487779,5.264675149,0.828439682,2.749921732,1.175469287,5.130921097,0.067825064,0.05492535,0.011500798,0.034379775,0.050204339,1.374987323,0.152098395,0.353230073,1.409960138,0.25220681,0.063051702,0,0.189155107,0.25220681,48.80201765,0.189155107,4.413619168,60.21437579,1.0240653,1.630393934,0.792295948,1.16478758,1.112976245,1.128950405,1.050225694,1.142739765,1.008373117,-0.181535431,0.007619676,0,0.164201783,-0.181535431,5.826957611,0.164201783,0.886734189,-0.850418191,1.396463464,5.781922277,1.063502532,1.127679219,0.999733323,2.206569146,1.879744502,1.104639437,1.07388477,-0.036875199,3.468386713,0.043066322,0.198441792,-0.123007843,38.88101421,1.619630423,2.476992374,3.136184074,1.677607678,2.951222934,33.53498845,1.251104688,1.278767013,0.918935527,0.881866176,1.506135316,0.983999362,0.18789099,0.866043652,8.508557457,0.104243426,-0.154407299,-5.427934525,0.250942692,7.273422397,-2.219265764,1.476041072,22.01209299,140.1128777,2.933344143,8.044795146,1.655849736,1.964617149,1.652752832,0.94587918,-0.120280688,46.11109078,68.07387863,-0.057228986,3.705576832,30.48558129,1.525884471,8.778992969,-5.860813783,0.686329239,2.289775614,0.688565301,2.976638554,2.851515859,2.84517955,1.865983114,1.13044744,0.98257981,0.743963434,0.448728748,0.637661422,0.286030809,0.105101074,1.646552347,0.320028145,0.80948712,0.103817779,0.015260906,0.414411615,5.289896097,1.039038566,2.860624119,1.268414417,5.515628902,0.090490441,0.07707313,0.018544012,0.042330182,0.061241782,1.424884831,0.233681705,0.375202789,1.591966492,0.403225806,0,0,0,0,49.19354839,0.806451613,3.427419355,65.92741935,1.047357961,1.552308622,0.599986854,1.155543316,1.118961931,1.08387923,0.929549586,1.152278624,0.99620825,-0.087768393,0.630914826,0,0.315457413,0,1.279637733,0.45537804,4.143558563,0.318637427,1.370564192,5.104146238,0.644516544,1.575312655,1.0371703,1.937558884,1.531786295,1.146845685,1.025238365,-0.063089752,5.952380952,0,0.850340136,0.340136054,28.01733597,2.08470485,4.22564187,1.419519421,1.924290452,3.337702205,30.89972829,1.991229646,1.86942626,0.989038647,0.962357404,1.739521875,1.036916572,0.615104132,2.851323829,19.9592668,0.814663951,0.203665988,0.297286643,0.211878326,13.06952566,3.522682478,0.948115055,11.88083299,67.27412592,2.185122829,5.335695312,1.250757483,1.3028658,1.271494179,0.805502367,1.507602219,33.12101911,52.22929936,0.636942675,4.458598726,6.857407027,0.467433737,4.852835422,-16.24589069,0.206469027,2.220847273,0.469660113,3.421101007,0.637201956,3.679117248,1.250587782,0.421604103,0.408970739,0.438817314,0.255456085,0.073802171,0.058982417,0.036611966,1.155102035,0.074919958,0.364848938,0.055371155,0.005893493,0.467184184,4.844888061,0.718968874,2.202849127,0.48015089,5.294596258,0.033133881,0.022600159,0.001415776,0.024885873,0.02510425,1.173916317,0.074132589,0.190690519,0.92468091,0,0,0,0,0,39.47368421,0,1.754385965,29.8245614,0.743980573,1.810771716,2.631443777,1.020937671,1.373122672,1.004906269,1.649307072,0.789783774,1.113677421,0,0,0,0,0,0.713231677,0,-0.819806526,4.754877849,0.509381378,4.362529645,5.205303274,1.436150365,1.444569356,1.613021042,1.486465075,0.741849422,1.110607372,0,0.520833333,0,0,0,25.63048246,0.520833333,-1.754385965,7.154605263,1.341133153,5.525567733,350.5288952,1.058203949,4.315181087,0.795724805,1.214628697,1.179716847,1.196592868,0,2.649006623,15.23178808,0,1.324503311,-9.672359707,0,1.556872313,11.23504125,1.564804034,31.89675024,835.345555,2.060330416,14.93984175,1.620786088,2.364186827,1.455026437,1.157571806,0,26.41509434,49.05660377,0,1.886792453,26.56405164,0,3.905991394,4.137702747,0.015450089,2.046672766,2.364431306,3.702327368,1.07459686,4.272570687,1.55186414,0.59469044,0.561515251,1.854194535,1.032329975,0.095620406,0.751902591,0.099004653,1.674606562,0.249770463,0.392037927,0.126639989,0.004688713,0.984118579,4.390965984,1.013057123,3.291762001,0.584118553,5.532053507,0.037247535,0.02147248,0.000555429,0.007201021,0.057667049,1.63462412,0.138004227,0.402636099,1.338499901,0,0,0,0,0,66.66666667,0,0,55.55555556,1.374243641,1.413068037,1.182643587,19.06342985,0.02016418,1.137276404,1.743890328,1.274065791,1.81246479,0,0,0,0,0,33.33333333,0,0,44.44444444,4.221419994,8.179173604,1.174975176,16.9588225,1.157621264,1.188592715,1.945768134,0.551892838,1.313485292,9.090909091,9.090909091,0,0,0,-12.12121212,0,0,8.080808081,2.608821933,2.648447066,703.3320908,0.017074627,0.017627341,0.481988971,0.685008397,0.325618767,0.854661274,0,0,16.66666667,0,0,-50,0,0,-5.555555556,1.214852627,12.23628592,723.1742047,15.08750834,5.795313442,0.519148125,1.842094458,0.859608027,0.719108034,0,0,8.333333333,0,8.333333333,-41.66666667,8.333333333,16.66666667,-13.88888889,0.004472771,1.496641077,2.396089468,2.025104093,0.1315992,4.572606141,1.341995322,0.002480615,0.012210645,5.87969956,3.710344556,0.002042205,0.086963937,0.017477139,1.266263841,0.023309212,0.077295554,0.034105584,0.050954349,1.507892199,1.263994863,0.718722292,1.668672774,0.175981237,4.084604176,0.002143138,0.00055966,0.000570388,0.000687639,0.00010801,2.242756401,0.00056157,0.147814029,0.108071475,0,0,0,0,0,100,0,0,0,0.711250674,5.943631496,0.387170499,3.762777126,3.83642263,0.02811719,2.30984389,0.007635821,0.002867553,0,0,0,0,0,-100,0,0,0,0.172026507,102.3796531,0.172118243,74.26490058,1334.766188,0.502997094,24.48269395,1.929164697,5.200410823,0,0,0,0,0,-60,0,0,0,0.373021448,40.58088763,1026.913889,3.010584245,6899.860033,0.066761232,0.22119469,0.300840424,3.300847025,0,0,33.33333333,0,33.33333333,-100,0,0,0,7.250183783,1.023429811,665.5318307,0.950715987,2971.084782,0.580317556,3.144168202,0.170689441,5.787809547,0,0,0,0,0,-50,0,0,0,0.561158015,1.388963507,1.31335904,0.398616677,0.324184588,0.723308514,1.492758815,0.04735957,0.081313092,2.703035329,1.516350219,0.035191722,0.277834284,0.016405441,0.714290488,0.041440779,0.097918739,0.075145522,0.058734547,0.86665341,1.458200409,0.41220466,0.525299966,0.310714597,4.34971668,0.008321823,0.033810118,0.010941562,0.094392199,0.017577827,0.641610649,0.070430073,0.115122019,0.36287399,0,0.621118012,0.310559006,1.552795031,0.310559006,18.94409938,0.310559006,0.931677019,9.00621118,0.929075997,1.662447483,1.857262403,1.113024602,1.153855484,0.94054768,1.157484691,1.000701004,0.940582935,0,0.325254227,0.32035582,0.024492035,0.004898407,-1.278484237,0.951270647,0.014695221,0.457511217,2.220049395,0.931373508,0.220233863,0.49411974,0.900959462,1.487064625,1.100837074,0.808898822,0.994476116,0,-0.621118012,-0.310559006,-1.357482531,-0.310559006,9.962150621,0.275378494,-0.736364519,2.32191382,2.25138487,3.492283013,43.62576132,0.787742856,17.69467124,1.03243216,1.543903897,1.168815435,1.047840194,0,3.05342267,15.43747249,-0.502926265,8.8757927,2.053275949,0.73930976,0.118191748,3.592214017,2.371792363,3.291384221,21.03211282,2.028559904,8.432212896,1.001555134,1.888211594,0.921720567,0.840700127,0,2.657570512,6.246818043,2.272341581,1.875233344,0.728031769,1.875233344,-0.931677019,-2.448834131,3.100178934,0.520251866,0.134516815,0.333639306,0.365206201,3.003076409,0.812250902,0.077671422,0.070086306,0.100006434,0.092809745,0.033554707,0.015774459,0.008841136,0.253390157,0.028245868,0.10062113,0.020167528,0.006184839,0.264507273,3.902967385,0.12411013,1.773249199,0.206886904,4.030967803,0.007143938,0.006990492,0.003484324,0.0224671,0.011886109,0.343856555,0.023711687,0.04633748,0.276979089,0.107933081,0.053966541,0.053966541,0.431732326,0,9.821910416,0.107933081,0.215866163,6.961683756,0.751283413,0.862171903,1.096778502,1.550743872,0.982649681,1.059409862,0.773887735,1.044147612,0.899311367,-0.107933081,-0.053966541,0.060844022,0.199725768,0,0.68325606,-0.107933081,0.071160243,-1.33596619,0.851555257,3.867106819,0.702696996,1.11508831,1.637906136,4.089019495,1.781618592,1.157774821,1.498613787,-0.107933081,0.072937013,-0.011665356,-0.09332285,0.126903553,35.5249593,0.018970472,0.080242128,4.628840779,1.257564238,4.136328071,23.29954223,0.828156628,2.541660077,0.97321529,1.057432647,1.604037484,1.152730987,-0.107933081,0.370416175,1.56640383,-0.161670598,0.617283951,-0.369749922,-0.069352835,0.169936306,1.178748343,1.005287204,29.83921729,107.7126648,0.893507975,4.755777731,2.154420579,1.152269906,1.675282659,0.894313704,-0.107933081,5.319865235,10.07064405,-0.198087466,0.54517134,15.87902416,-0.030051462,0.562950036,-1.276325501,8.014427784,0.895925203,0.107961327,2.648765535,1.849114576,2.346103006,1.102929573,0.309926534,0.262840172,0.112221137,0.194529466,0.138599245,0.048837843,0.024924012,0.643833418,0.059364832,0.334164392,0.035583734,0.004530974,0.12461841,4.972041793,0.331956075,2.106890849,0.637309001,4.917206608,0.019241634,0.019889437,0.005135054,0.033208116,0.019848307,0.834879633,0.080021974,0.137507545,0.633021684,0.040371417,0,0.020185709,0.504642713,0.020185709,26.28179249,0.161485668,0.746871215,17.86435204,1.084773825,1.385630755,1.11788584,1.033391379,1.066268218,1.072357527,1.009347495,1.132496231,0.993456178,-0.040371417,0.06947661,0.026132031,-0.018306446,-0.020185709,2.875224647,0.07010303,0.411072277,-0.773106092,1.105015328,4.257925144,0.981757454,0.751119979,0.935932404,2.329475471,1.43763589,1.098994194,1.085577275,0.009027562,0.461057138,-0.020185709,-0.158849859,0.045679597,36.09265177,0.151374533,0.603367547,2.932618157,1.254824975,2.197725727,23.83509752,0.916738706,1.323817316,0.808924646,0.793877461,1.47338929,0.96037054,-0.040371417,0.173343606,1.50138594,-0.061653499,0.018335093,-6.693965064,0.069639139,1.891803669,-1.223365906,1.566899774,31.25158294,191.701008,2.198012319,9.197442413,1.795208767,1.864643066,1.919213396,1.014317962,-0.040371417,20.28177282,36.81574033,0.346546016,1.711543085,27.31374611,0.542946384,2.951397056,-0.018740063,62.25754461,0.142637784,0.018759833,0.510627352,0.394312336,0.442078081,0.46037953,0.047402922,0.042258654,0.043734557,0.039878197,0.032237081,0.005920445,0.004813701,0.112817691,0.019892093,0.054671793,0.007312243,0.002406708,0.071764941,4.068922452,0.068649063,0.840059481,0.110894179,4.41576239,0.002964706,0.003442846,0.001705054,0.025967831,0.00331806,0.19915696,0.016229366,0.025894366,0.106135417,0.005146813,0.012867032,0,0.612470728,0,4.853444504,0.07205538,0.10036285,1.466841658,0.967115347,1.580334305,0.842472924,0.939276864,1.020140089,1.167753841,0.926439561,1.039761388,0.94899655,-0.002719216,0.016264131,0,-0.049268242,0.007282791,1.106305939,0.008055319,0.016161802,-0.039414668,1.778925324,5.765373668,1.029318682,1.380461362,1.393160313,5.83785683,1.928318518,1.851749512,1.930476461,0.005307606,0.046374674,0.003484806,0.196004321,0.013939225,32.367771,0.070821676,0.213269712,2.976286304,1.907107947,3.121995597,17.90316866,0.976026744,2.219318398,1.194516871,1.06636698,2.065594493,1.293162718,0.009318268,0.056565358,0.335589886,-0.030974459,0.095469537,1.042522631,0.063916384,0.333589589,0.79260404,1.368598139,32.64750705,129.2040031,1.072643273,6.804885511,2.36072613,1.42226785,1.745263886,0.889581634,0.004994146,2.071100111,4.989351993,-0.064858923,0.109015313,9.551788231,0.034424693,0.236824048,-0.356406611,100,0.419485341,0.067314434,0.798853614,0.992980381,1.014009133,0.683280069,0.151059439,0.128053251,0.080346619,0.088689406,0.100620695,0.026169494,0.012455399,0.293788192,0.036573307,0.150649602,0.01798184,0.00374989,0.101108386,4.324670027,0.165434232,1.216310525,0.276683718,4.567281589,0.010357542,0.009702531,0.003051769,0.028067466,0.009731324,0.390867641,0.039186094,0.065458707,0.289771928,0.025742511,0.019306883,0.012871255,0.55668179,0.014480162,11.30900666,0.120668018,0.448885028,7.883643852,0.93418945,1.433913771,0.897993646,0.959291374,0.963845084,1.092003786,0.929734822,1.035125302,0.918521456,-0.011324748,0.033558247,-0.00165744,-0.016816677,-0.001664373,1.439499499,0.029917503,0.129427453,-0.778890797,1.705488223,6.529672046,1.15074189,1.088550904,1.326259506,3.94309627,1.993901246,1.55877646,1.568839752,0.021851607,0.480431349,-0.004938902,-0.017281794,0.022008661,36.85465364,0.228355509,0.690200848,6.066191948,1.787900378,3.091459493,25.28939547,0.972939054,1.938929494,1.035573307,0.999342239,1.78086467,1.150663468,0.030468844,0.187352509,1.322975056,-0.059045974,0.144234251,0.128350744,0.059538972,1.229189238,1.559863736,1.048491261,22.05836516,117.878589,1.310791656,5.709247626,1.737349236,1.290435451,1.390969917,0.726010105,0.001085636,5.77748907,10.76246218,0.0507841,0.412853887,10.77630685,0.128450486,0.743051198,-2.897441185UPN50,0.095396457,0.068017987,0.01425866,0.100241773,2.313873204,0.361881094,1.160855862,0.045458881,0.019895595,0.460734252,0.051394187,0.168969061,0.006608349,0.022529544,0.252521482,0.137097796,0.064186348,0.053821148,0.021245645,0.109032492,0.647935185,0.051244379,1.925543516,0.124053244,2.297569098,0.030959953,0.00924589,0.000518259,0.001004246,0.012718762,0.243933793,0.03842061,0.085110216,0.316004085,0,0,0,0,0,6.52173913,0,0,8.695652174,0.961198224,2.858388678,26.68840263,3.54131776,2.748512926,1.646663945,0.737577239,1.968246062,1.07959418,0,1.492537313,0,0,0,0.940947437,0,0,1.75210902,1.31241553,0.535816563,23.6398976,6.630832535,1.591467719,3.801308871,0.092287485,3.045147275,1.015145926,0,0,0,0,0,24.51274363,0,3.448275862,-1.79910045,5.694403264,13.09896071,649.6371172,16.99665169,8.770093862,4.889253335,2.082120482,5.933336957,1.479173476,0,1.639344262,8.196721311,0,1.639344262,27.90449038,0,14.75409836,6.058446187,1.131768099,6.759310948,323.7727807,118.7862403,12.09339422,4.778537527,2.214339223,3.735050614,1.327861736,0,1.785714286,5.357142857,3.571428571,1.785714286,25.62111801,3.571428571,8.928571429,2.01863354,0.245168711,0.084003004,0.02978887,0.205300152,1.363090078,2.886133139,0.217460509,0.097452327,0.023319431,0.488083056,0.015916606,0.243695824,0.005760873,0.008269831,0.093147206,0.068921708,0.243149439,0.014340746,0.00878403,0.017522863,1.56031407,0.103044455,0.939096743,0.142288755,0.826589672,0.009570487,0.000682838,0.000207681,0.023182409,0.014678758,0.112857883,0.000435313,0.054749583,0.1071258,0,0,0,0,0,2,0,0,0,0.487595958,0.253887718,27.02713772,0.376050989,0.878692138,0.962493272,14.12999349,1.34671492,0.578892715,0,0,0,0,0,-0.947368421,0,0,1.052631579,1.030397113,39.19661436,57.33492785,0.006107939,0.01732765,4.805238435,27.09026656,0.626491597,0.426180274,0,0,0,0,0,12.81481481,0,0,1.234567901,1.513219197,73.36261119,1010.882355,0.985090493,1.51685334,2.422962175,30.65721339,2.615807278,1.224792699,0,0,3.703703704,0.617283951,0.617283951,5.407407407,0,0.617283951,1.234567901,1.994215633,100.6313032,1132.342018,0.260935588,1.406146978,5.968186487,71.22183683,3.8451822,1.664443378,0,0.847457627,5.084745763,0,0,18.33898305,0,2.542372881,3.389830508,0.934471102,0.199071966,0.099633184,0.442507742,1.468660072,3.126475738,1.83877489,0.308296992,0.080042553,1.30915377,0.130832632,0.523842072,0.036584666,0.031300329,0.335512631,0.114143168,0.812942878,0.078540764,0.015948941,0.057954116,2.178677187,0.123943258,1.756622838,0.517767187,1.566818392,0.029116591,0.025781701,0.0080129,0.027906042,0.041211262,0.251447124,0.027365558,0.161885691,0.403041901,0.436681223,0.436681223,0,0,0.218340611,6.113537118,0.218340611,1.746724891,8.296943231,0.565373757,1.284738504,1.610234933,1.389033219,0.568809463,1.044240124,0.811055652,0.813537279,0.960320719,-0.436681223,-0.242882773,0,0.581395349,-0.218340611,-0.29958363,-0.218340611,0.191259605,1.392979249,0.746694151,2.594291264,1.534062483,0.885689153,1.070427107,3.466934761,1.624847332,1.053465512,1.022660111,-0.144283562,0.148114099,0,0.292397661,0.074057049,21.07944534,0.658852371,0.007661074,0.767384254,1.292866611,4.190102957,27.23689448,1.448639952,1.977458536,1.238132276,0.958515894,1.269968041,0.922284332,0.02628174,2.341096555,3.935185185,0.231481481,0.01314087,1.062388808,-0.218340611,1.262534368,0.036390102,1.01852862,7.096481202,40.36423711,2.463462447,2.216093989,2.968239158,1.840397488,1.950933959,1.177782774,-0.436681223,2.253901737,8.744394619,0.896860987,1.126950868,18.32592477,-0.218340611,5.203947755,3.362249594,0.027694221,0.307890419,0.163743061,0.509046844,1.067362487,3.544433892,1.732411719,0.387392137,1.587978706,1.495588606,0.19508547,0.461289905,0.022017474,0.047674184,0.429961245,0.074991301,0.96346855,0.109926937,0.022842597,0.21113514,2.192644949,0.035227517,2.230490217,0.671767911,1.382836992,0.030983405,0.006895581,0.000323441,0.000613821,0.078343577,0.066665751,0.005683821,0.128754531,0.5422006,0,0,0,0,0,0,0,0,15.38461538,0.018329116,4.66668719,0.356237484,1.560846672,0.006411687,3.826170006,3.66724733,1.074074318,1.3074027,0,0,0,0,0,0,0,0,14.61538462,1.759516032,12.53809712,25.54231212,214.1123155,0.002497247,17.22915008,6.192138741,0.445687255,1.311269474,0,0,0,0,0,30,0,0,-5.384615385,2.061761459,0.60606883,597.4911176,206.9985029,2.36811967,2.474051,25.74240583,1.816890846,1.384804014,0,0,0,0,0,0,0,0,14.61538462,0.520990341,41.66076562,1076.43246,102.0897385,2.842007084,9.576360964,9.054815162,2.981066931,1.020898472,0,5.263157895,10.52631579,0,5.263157895,21.05263158,0,0,-4.858299595,25.60178496,0.140569381,0.086527076,0.512006892,0.315059221,3.401482194,1.663396223,0.211420821,0.048382758,1.234009069,0.111512108,2.558692818,0.016164622,0.043960748,0.335143421,0.331537191,0.667937087,0.071255755,0.008952436,0.043092139,2.148942054,0.438470939,1.887255532,0.273459688,1.412128444,0.025790985,0.012621518,0.006057958,0.02068356,0.021394161,0.239309255,0.015814719,0.214005762,0.796570373,0.189606136,0.034473843,0.017236921,0.198224597,0.086184607,5.627854865,0.086184607,3.309488925,26.38110833,0.811983708,1.496479109,1.123200776,1.029913263,1.037663744,0.93152616,0.998043248,0.948233656,1.024640043,-0.139177493,0.080791628,0.054803998,0.068326804,0.021876771,-0.296826841,0.01467268,-0.247749857,1.088094173,1.115926236,10.58577621,0.971503733,1.226645891,1.225037549,7.176432775,3.902571233,1.849011084,0.870550382,-0.026270241,1.387509247,0.01158706,-0.015672714,0.019503325,44.56430501,0.384607091,6.442624833,-4.109778588,3.25502189,14.9189267,115.5419113,2.204379921,2.600197149,2.779355627,2.443370594,3.744554468,1.013169794,0.531799227,3.049396414,22.13155982,0.11566934,0.255243885,15.22131084,0.128584928,23.10716397,0.66883935,1.450655171,24.47484107,111.4315333,3.339808324,3.707356336,4.532436446,3.681495501,3.719768295,1.067687926,0.061755405,6.808145903,21.27867147,0.479055112,0.577130572,30.49140222,0.28387544,23.27897637,2.504522164,6.35884586,0.594929239,0.351148597,1.189759021,0.890335961,4.066107353,2.352211933,1.276760895,0.380504184,2.18329103,0.312899385,3.153449212,0.082984461,0.166451685,0.982049982,0.835118685,1.599898522,0.256985343,0.028712055,0.077141227,3.018825197,0.56373343,2.728690117,0.807076827,2.157942117,0.11243704,0.057516672,0.017922829,0.052008908,0.085383841,0.51482656,0.047662868,0.598757106,1.679611117,0.717060054,0.298775022,0.089632507,0.418285031,0.418285031,12.72781595,0.239020018,14.40095608,66.41768748,0.844478955,1.227536107,0.942676465,0.990044077,0.846171493,0.968097098,0.825088467,0.917939172,0.95971971,-0.082858468,0.199526223,-0.021682337,0.057366158,0.034716101,0.001515869,0.010130605,-0.788272048,-3.020178988,1.277754725,9.02594212,1.138178145,1.680530988,1.37424226,4.229978588,4.570664634,1.709124703,0.97325476,0.653389625,11.56418001,-0.046805954,0.138460151,0.30976636,48.55698062,2.202093472,22.60118525,-2.006552578,2.430208184,8.16361715,66.28928282,2.675846796,2.139427494,2.026593786,2.560720205,2.388158952,0.924250991,3.423163579,10.12733559,46.84297553,0.669656945,1.304289765,21.60279752,0.516495243,42.11158547,-5.190730697,1.105715695,13.07920546,68.5629565,4.225613205,2.927701573,3.024953689,3.740194341,2.381261437,0.989325174,-0.092276992,24.44957624,49.02525816,1.768455684,2.427948915,39.89280189,1.218807125,40.92705503,-0.53778467,1.609116185,0.292152906,0.093144778,2.677589378,0.330009224,4.396321165,1.766462069,0.372285933,0.093897441,0.496675039,0.051618322,2.855484187,0.019208505,0.048629789,0.338491885,0.428492881,0.915405403,0.085055938,0.009860977,0.036927303,3.070638328,0.957490468,2.39667996,0.390359756,1.45842927,0.022788645,0.016533971,0.010577375,0.015801672,0.030159335,0.233827221,0.015118786,0.233032523,0.949362026,0,0,0,0,0.172413793,5.344827586,0.344827586,3.620689655,32.5862069,1.395939155,0.845313724,0.845684727,1.053152468,0.800835834,0.989435117,0.678009742,0.88229769,1.050015671,0.462427746,0.115606936,0.115606936,0,-0.056806857,-0.026908511,-0.344827586,-1.19294399,3.02072952,1.510752107,9.764367075,0.651001815,1.407424396,1.076470526,6.755858228,5.020745829,2.055853688,0.971079909,0,1.330798479,0,0,0.017700275,42.75403173,0.035400551,7.97626852,-2.548184083,4.189865004,13.79477832,87.83301678,3.536952837,2.225262793,3.081113519,2.673172118,3.944712449,1.098217666,0.863309353,3.381294964,33.52517986,0.431654676,0.762838005,17.10121558,0.014884644,27.96204416,2.449764326,1.466281105,28.83732606,98.26612633,4.805204263,3.547897683,5.85028836,4.63822821,4.207097736,1.196522493,0.22246941,11.01223582,36.59621802,0.333704116,0.050055617,42.04115684,0.322580645,30.63959956,7.235817575,11.04793935,0.92324605,0.513054269,2.561631912,0.985756596,4.303109453,2.421342387,1.123958567,0.384145143,2.523988882,0.431574629,3.20106346,0.113463999,0.242372287,1.278687015,1.057092085,1.755570176,0.351624027,0.039646724,0.114293039,3.334296871,0.955480378,2.929115871,1.051116944,2.41465021,0.167815812,0.081654149,0.02603328,0.074649562,0.133184799,0.620261518,0.063701023,0.735934079,1.878585599,1.218650653,0.370893677,0.123631226,0.512186507,0.953726598,15.61285765,0.264924055,20.04592017,76.03320381,0.923784965,1.325671657,0.992295825,0.969584378,1.025206332,0.987067779,1.045322346,0.979502425,1.011730938,0.038651861,0.149807364,-0.009330997,0.008514535,-0.06472482,0.236774052,0.128776732,-0.05608019,0.014548281,1.218643563,8.852929172,0.853403354,1.630108249,1.277773869,3.538981096,4.047001841,1.636993044,0.9831795,0.620727585,21.31304415,-0.020004283,0.342735773,0.445237132,48.27315272,2.947511178,25.93853579,-1.110924022,2.03860635,6.849034827,50.10615277,2.54725572,1.764034016,1.822290043,2.113688613,2.03548457,0.893036336,4.482516364,14.37944112,52.44954651,1.171379593,1.24638819,22.76479684,0.844699056,39.52936202,-8.078353997,0.884058597,10.27658368,52.20920927,3.522176802,2.42528966,2.573181432,3.079112276,1.997755182,0.930344737,-0.122819111,28.14221333,54.00185223,2.517465406,3.494060252,39.60845735,1.518488064,38.07612538,-5.298352074,0.142190824,1.394046561,0.365767235,2.976705968,0.135157746,4.800427567,2.083130447,0.897886498,0.288328168,2.522921375,0.468644387,0.573332119,0.104312144,0.104495794,1.19894935,0.395709957,1.22179562,0.201553272,0.045254142,0.231941885,2.837010094,0.625127306,2.748223776,0.764208679,2.752705765,0.063568477,0.043354952,0.002411748,0.045571568,0.127017621,0.61230096,0.067435182,0.500846724,1.351370033,0,0,0,0,1.282051282,16.66666667,0,14.1025641,50,1.048770873,0.572665301,18.13596586,2.564317486,0.743181606,0.850134637,0.263687611,0.696812867,0.790976071,1.075268817,0,0,2.150537634,-0.206782465,-0.537634409,0,-7.650951199,-11.29032258,1.174710168,4.619480942,6.21768864,0.86753915,1.273844506,2.114936852,1.658116496,0.994624491,0.819317649,0,0,0,0,-1.282051282,23.33333333,2.857142857,-2.673992674,-12.85714286,0.765754062,4.467234203,235.3573387,2.595096602,2.34389367,0.98833182,1.197559087,0.992698117,0.710754018,0,1.234567901,20.98765432,0,3.656220323,-1.851851852,0,-2.991452991,-21.60493827,0.894708216,7.352457763,260.3281808,3.592398016,2.622826976,0.951085071,1.405859866,0.847977656,0.860314289,0,11.53846154,17.30769231,0,4.487179487,4.487179487,0,-2.564102564,-9.615384615,0.124122165,1.040969627,1.731904095,2.313796602,0.389428336,4.500512674,2.378847328,1.44166253,0.33555014,3.368128592,0.892589936,0.873262683,0.191165812,0.155489311,1.719601675,0.67513265,1.254665352,0.239333399,0.050857089,0.342728809,2.856745546,0.47812182,2.909314576,0.799977839,3.411113869,0.133913649,0.067248693,0.030207764,0.112572679,0.075787343,0.798915705,0.113316873,0.454270079,1.508561619,0,0,0,0,0,19.04761905,0,7.936507937,61.9047619,1.045742295,1.253520209,0.933851881,0.688536368,1.196004155,0.985637836,0.982783231,0.837105178,0.964553269,2.150537634,0,0,0,0,4.608294931,1.075268817,-4.710701485,-3.840245776,0.814209814,4.836010877,0.594739518,0.527181399,0.528084414,1.229792889,0.721773321,1.20932014,1.228337941,0,0,0,4.347826087,0,2.691511387,0,0.759144237,16.35610766,0.615890313,4.298891468,20.25441325,1.456549893,2.955611804,0.947390364,0.641389277,1.120676311,0.864624675,1.694915254,5.084745763,20.33898305,1.694915254,1.694915254,-2.098466505,0,5.622814097,-12.75221953,0.926010318,6.12406189,27.74235045,2.090784682,4.092774095,1.309819184,1.662014367,1.278117549,1.020885691,0,6.779661017,33.89830508,3.389830508,3.389830508,18.24051655,3.389830508,7.317729352,0.807102502,0.028661039,1.697530522,2.301585089,1.692307117,0.193560756,4.378523375,1.700624015,0.091864194,0.05743508,6.679422127,3.310083159,0.143095454,0.331224921,0.113295659,1.559252041,0.137501048,0.129071903,0.094003724,0.375411311,1.59532314,0.319932924,1.775061102,1.185116916,0.272706271,4.284080022,0.017362691,0.463984902,0.000524409,0.015246402,0.033018517,0.77048237,0.212009186,0.834516422,0.554006032,0,7.692307692,0,0,0,23.07692308,0,15.38461538,15.38461538,2.330742716,0.072528776,165.14689,3.23691994,1.252951635,1.178361808,0.33386281,0.510877594,1.16932665,0,-7.692307692,0,0,0,6.923076923,0,-5.384615385,9.615384615,0.542127469,1.280474459,2.644270975,0.002762252,1.30249069,1.102577754,0.266129469,0.625371722,1.101519957,0,6.593406593,0,0,0,5.494505495,0,-1.098901099,-1.098901099,1.76682488,1.777557443,2240.993121,0.480250751,11.96338074,1.134741111,0.010587212,0.091850337,0.673634618,0,4.807692308,37.5,0,0,14.42307692,0,-15.38461538,-15.38461538,3.057750999,0.014138575,172.7422805,4.580226804,7.685243453,1.221894731,0.362634408,0.619155084,1.080514071,0,-7.692307692,0,0,5.555555556,4.700854701,0,-4.273504274,1.282051282,4.555058416,1.217094046,1.201905884,0.240759469,0.057832732,0.594350675,1.611532099,0.012900517,0.054037375,5.740908473,1.4310815,0.038154902,0.289087014,0.045699289,0.786105652,0.027858665,0.031682275,0.076687636,0.068578686,1.171666643,0.065717,1.091027128,0.205924696,0.11780697,4.482463636,0.038658608,0.021890878,0.012254736,0.037868849,0.035619508,0.673242441,0.094682641,0.213596567,0.376343872,0.229885057,0.091954023,0.137931034,0.505747126,0.137931034,20.04597701,0.827586207,3.172413793,9.885057471,0.885339761,0.911464045,0.864573913,0.781303225,0.867648016,1.087632095,0.930928209,0.976504744,1.056240868,0.02633749,0.054458861,-0.064724592,-0.359334242,0.081688292,2.867639387,-0.388347554,-0.02453678,0.583463759,0.654246273,0.886994844,0.598637472,0.694411491,1.086864007,0.879369433,0.815623141,0.894525796,0.917704962,0.038499269,0.015399708,-0.084254169,-0.13000907,0.130453292,-2.386288337,-0.344494419,-0.917985452,-1.028374702,0.809398701,10.13582849,109.2428098,1.806657433,23.87636766,0.939857935,1.031356782,1.032153034,1.071659019,-0.229885057,5.935773524,49.53054395,0.33813473,28.85543847,-2.505289851,0.01629565,0.685331837,1.326515766,0.947810632,1.254192554,8.239034338,0.975214135,4.001348093,0.837764478,0.834144697,0.960045959,1.129828133,-0.117986512,0.169142583,2.622233083,-0.244650521,2.622233083,-4.529378727,-0.11889542,-0.524148221,1.864289787,24.98525378,0.079375844,0.066598269,0.237549563,0.057924498,3.633260003,1.255416095,0.125792535,0.026203851,0.843976347,0.060887907,0.274528171,0.009440943,0.016152309,0.192254186,0.091303339,0.291380141,0.03197318,0.007285408,0.146465996,1.486680845,0.216216628,1.48465593,0.141949232,1.236183781,0.008746668,0.006989214,0.004302239,0.011806872,0.017122194,0.134162643,0.008579833,0.073339124,0.388259079,0.062472111,0.044622936,0.053547523,0.116019634,0.151717983,2.989736725,0.044622936,0.58009817,10.71842927,1.035218418,1.40783462,1.02279242,1.030595615,0.943943853,0.987057096,1.253835735,1.019566587,1.078708651,-0.027017404,-0.00916823,-0.03582017,-0.009655514,0.007828197,-0.339497405,0.07060486,0.058086549,1.220943179,0.975361506,4.20480269,0.857357976,1.017176437,0.909933065,6.794625533,2.110430633,1.348875292,0.800271,-0.0344085,0.030213359,-0.044192986,0.005589346,-0.002045392,25.21419218,0.095695118,0.467609968,-2.617400274,2.520680989,10.49694779,72.11179341,1.854467337,2.42356501,1.929346781,1.927833397,2.39510515,1.106865303,0.027810227,0.833577983,8.129315247,0.056337556,0.340731131,3.732193676,0.037451916,1.865732427,1.666665934,1.446366559,17.51951957,64.19512767,2.267152791,2.869184771,3.910377369,2.38120675,2.39804176,1.042972496,-0.011640653,1.828879351,6.249553195,0.130876016,0.472782779,13.18192837,0.078824889,2.077660888,0.529846089,6.789472885,0.149518107,0.108569229,2.193093187,0.210308234,4.117432638,1.613701081,0.276180916,0.071907052,1.265142828,0.150383025,0.603576901,0.023021817,0.033210034,0.414488301,0.176668411,0.662393061,0.07478619,0.011543687,0.060891473,2.480368692,0.471461922,1.871773163,0.370972292,1.71626026,0.019428979,0.01785249,0.00535132,0.020457894,0.035337643,0.239083645,0.021452774,0.156683893,0.626725038,0.035174112,0.140696447,0,0.070348224,0.38691523,6.014773127,0.175870559,1.688357369,19.13471685,0.900024273,1.100423863,1.685774438,1.231875276,0.974181666,1.085122422,0.998050284,1.021220687,1.085575933,0.054271326,0.038194429,0.059630292,0.227803237,-0.118578916,0.57437416,-0.026794829,-0.048524334,1.94459144,0.972202569,4.164666568,1.242594801,1.277456804,0.851235416,4.158136518,2.093828591,1.45734337,0.911288477,0.096636081,0.254734133,0.087873462,0.149335432,-0.299041768,26.10297731,-0.000123635,1.82658112,-1.560024406,1.784499565,7.900543275,85.83597909,2.135646057,2.295307206,1.605013472,1.437860602,1.937119479,1.024483864,0.275384894,2.428473513,14.65273857,0.296676056,0.290668056,4.516000447,0.021757899,4.551055392,1.164549103,1.332341265,14.18047711,93.54871946,3.213522327,2.731960646,3.149531744,1.99598549,2.17913194,1.031300249,0.153403474,5.489691484,15.11314655,0.360686259,0.582912356,18.28479584,0.039646682,5.935565045,1.339421083,17.45407229,0.037477122,0.032101371,0.142808875,0.048968147,0.839878746,0.842180664,0.056687108,0.012894936,0.823237862,0.036633324,0.191704158,0.008159455,0.011430693,0.098408596,0.058709788,0.089964533,0.018757977,0.012463078,0.231380097,0.61358574,0.115127016,0.814060345,0.074379068,1.074296425,0.007640702,0.006074843,0.002726397,0.010392004,0.012243842,0.085017409,0.006608536,0.046675132,0.157945433,0.065333856,0.026133542,0.026133542,0.169868026,0.143734483,1.620279629,0.026133542,0.405069907,3.332026656,0.899924804,0.896421066,1.336196833,1.18789992,1.174667811,1.022324555,1.055835307,0.908744593,1.032268159,-0.020457267,0.003784184,-0.026133542,-0.005320531,-0.053981304,0.025195315,0.003784184,-0.046057192,0.273059357,0.88962601,2.63749161,0.838862234,0.74360825,0.721360376,6.854760613,1.818619013,1.134101033,0.766061177,-0.012097059,0.037750614,-0.015486183,-0.08468915,-0.069202967,15.99045291,0.059045333,0.116650706,-1.213202125,1.992358913,10.99318322,129.061247,1.745259733,7.894172783,2.014090453,1.92005775,2.373088887,1.102447752,0.027173082,1.26896359,10.50644212,0.068006958,2.710765319,2.582178413,0.119234503,1.20719387,0.394681418,1.058249699,12.21131195,70.5123311,1.710570302,4.720420293,3.473857357,1.993369952,2.360991186,1.033268953,-0.019414903,1.236637666,4.313207521,0.128605169,1.394550444,6.438496631,0.054224625,1.362809785,0.215212467,100,0.280598994,0.19230282,0.789070565,0.312295183,3.092501091,1.536157455,0.333506328,0.098668775,1.465480217,0.197519882,1.414404797,0.041830594,0.060374252,0.432756465,0.313249203,0.628947696,0.095626999,0.016977344,0.163921545,1.845832134,0.429491398,1.69705517,0.329494145,1.629257302,0.04285577,0.023125751,0.008738109,0.02675721,0.039401172,0.276875214,0.025211206,0.240879317,0.755573988,0.294502618,0.111256545,0.05017452,0.231239092,0.268324607,6.808464223,0.143979058,4.932373473,26.43324607,1.027655798,1.444244571,1.166671688,1.101911427,1.091350724,1.082262719,1.094293042,1.077740463,1.118752771,0.00944875,0.077270253,0.005614022,0.040008647,0.012541846,0.753768857,0.027234055,0.606082146,3.663710566,0.948818233,6.3945928,0.804897495,1.134918689,0.989939498,4.424578432,2.615557292,1.382274763,0.799487149,0.032645936,2.985908964,-0.019131227,0.007555473,0.003901197,29.58621543,0.505542159,4.648064476,-5.970939795,2.143677145,8.497207913,74.98536474,2.1342033,2.808585184,1.988781864,1.815676823,2.546101651,0.980226731,0.838273612,3.857174282,22.2079499,0.244155522,1.655537974,10.14603903,0.169855668,15.42974352,-0.852930382,0.927337194,11.89836438,61.91152581,2.741543722,2.650581272,2.990314128,2.376420016,2.27322845,0.936786422,-0.050227809,7.005155669,17.64639037,0.522577701,1.124805164,20.14955104,0.312127813,12.90350439,-2.114543783UPN51,1.788220014,0.167364724,0.001853523,0.008586007,2.279014084,0.306974347,0.752308303,0.083836285,0.025162835,0.531936534,0.022940858,0.133702392,0.009306132,0.006079782,0.043729385,0.028109492,0.038258749,0.010882663,0.011506,0.032373904,1.882290801,0.137014493,0.284214771,0.031532242,3.42898931,0.003896297,0.005750342,0.003859072,0.006750989,0.003399526,0.703532504,0.016726499,0.063757664,0.117372829,0,0,0,0.125628141,0,20.22613065,0.125628141,0.753768844,2.512562814,1.84040007,1.324436466,0.628653888,0.845044975,1.35258521,1.710966635,0.691531794,0.855670966,0.648561845,0,0.102249489,0,-0.125628141,0,15.35669143,-0.125628141,-0.140271912,-1.285568949,2.167695182,2.984117756,0.540111053,0.456211151,1.382973341,4.79785166,1.996412388,1.092571041,0.698049318,0,0,0,-0.125628141,0,62.34091916,0.257513622,-0.179056201,-0.979995764,3.144887393,7.946120554,59.12237162,1.277022542,5.035243549,3.37957002,1.477305972,1.751194757,1.026080844,0,0.445103858,5.786350148,0.022739812,0.296735905,44.75903255,0.022739812,0.581542728,0.306428284,2.567007853,66.316536,181.1270659,1.350915298,6.633449633,4.349399458,2.198676865,2.06027166,0.800285018,0.31152648,10.90342679,22.42990654,-0.125628141,0.15576324,57.18819956,0.030135099,1.115390034,-0.487640696,1.168660968,0.144369873,0.001948055,0.01550525,1.604793171,2.508214111,0.270209494,0.097106539,0.043121273,0.442506053,0.03122178,0.169835517,0.012155727,0.00838277,0.057687105,0.028724068,0.06190252,0.013201449,0.020434978,0.036452181,2.440139125,0.287394244,0.630304778,0.046785016,3.911714604,0.006028932,0.009013634,0.000882741,0.008157103,0.011166484,0.632313425,0.012573329,0.079252943,0.139505813,0,0.210970464,0,0.210970464,0.210970464,18.56540084,0,0.843881857,1.687763713,1.620572483,1.337614651,5.940475623,1.070981326,0.877621944,1.893565405,1.178373572,1.047239409,1.029486079,0,-0.002637131,0,-0.002637131,-0.002637131,14.55959916,0,-0.010548523,-0.021097046,2.113050214,2.54399231,0.905553498,0.88699293,1.053517407,6.634398319,3.464112738,1.385588148,0.596212345,0.458715596,-0.210970464,0,-0.210970464,-0.210970464,76.3887276,0,0.532264932,-0.77033252,4.537231984,5.011518825,271.6573434,1.435435439,2.559455473,3.688119039,3.707485017,2.039333309,0.752319643,0.426439232,0.002249152,4.690831557,0.002249152,0.002249152,44.33438594,0.213219616,1.927973154,-0.408446016,2.176546573,40.4975942,955.1742568,2.413889134,3.813988622,5.876113212,5.59852636,2.67183509,1.03592369,0.209205021,8.157230373,26.77824268,-0.210970464,-0.001765443,71.60196317,0.627615063,1.038963332,0.404286496,15.79560199,0.338059221,0.006468627,0.065112888,1.735853063,2.835449455,2.259292079,0.294260639,0.148059803,1.327155226,0.191275809,0.487368007,0.034870773,0.032147426,0.231533784,0.044638998,0.354017769,0.099461615,0.073647443,0.055985265,2.846133892,0.746097412,1.401576662,0.226512733,4.269404284,0.017754068,0.024543137,0.006922725,0.025284536,0.030489297,0.917346996,0.050774442,0.207212004,0.483749768,0.075939754,0.113909632,0.050626503,0.265789141,0.126566257,27.09783572,0.329072269,3.100873307,12.77053538,1.10141106,1.116418986,0.866670558,1.084858341,1.050074887,1.530793328,1.272770449,0.994046972,0.98177044,0.034938649,0.058567885,-0.050626503,0.103805537,0.070550904,13.66845725,0.114441344,-0.094836594,-0.549271361,1.292959243,2.359217982,0.8427355,1.276426356,1.218698522,3.492582383,3.179424179,1.489313629,0.911402935,-0.006543502,0.256203716,-0.004362335,-0.034468299,0.127886669,46.18460703,1.128249035,2.61275149,-2.245437064,2.761121772,6.399618764,61.03277997,1.814695246,3.280889398,2.466610603,2.448823817,1.765753243,0.975131843,0.267355884,2.733424779,12.14646558,0.077506498,0.984096101,33.30200273,0.781590089,5.198803591,-0.634024874,1.596700127,21.78533878,144.3813891,2.291629542,5.892357346,3.229316353,3.13580994,2.008504996,1.014610206,0.103884018,16.28601844,37.74833052,0.435523573,2.480878447,43.06940039,0.983641271,6.573645664,-0.200853663,0.538804234,0.530944444,0.011539009,0.109257539,1.837503096,3.348254413,2.295054745,0.58825956,1.501367793,1.748393117,0.311180797,0.592168761,0.069362375,0.060030548,0.398579356,0.079732778,0.589391861,0.166343537,0.103241012,0.076176064,3.193121088,1.066473165,1.818951368,0.392456533,4.400476715,0.036907072,0.039950536,0.011318988,0.052602014,0.076341872,0.866080724,0.093081851,0.235508095,0.762542274,0,0,0,0.446428571,0.446428571,25,0.446428571,3.571428571,24.10714286,1.400402989,1.153883071,0.855089391,1.559579546,0.78306682,1.483662003,1.276317389,1.253346725,1.061630981,0.796812749,0.398406375,0,1.147196927,-0.048022197,13.24701195,0.748790552,0.811041548,2.586084234,1.156978002,2.982605608,0.734805347,1.14682359,0.765292691,3.763615514,3.095998704,2.142114977,0.892082205,0,0.869565217,0,0.423136646,-0.446428571,46.30434783,0.423136646,8.602484472,-4.976708075,2.550870246,5.170670885,48.52743834,2.22437376,2.076879569,2.682245707,2.423580687,2.275063635,1.051650303,1.470588235,3.431372549,17.15686275,0.043767507,1.024159664,36.2745098,1.024159664,10.6442577,-1.558123249,1.520159651,14.62552253,91.34005843,2.34868756,3.659424607,3.311707793,2.723266006,2.432362581,1.075172834,0.540540541,17.2972973,38.91891892,0.63465251,6.580598456,43.10810811,3.877895753,11.02316602,0.217181467,13.68912671,0.432805924,0.010797548,0.107030149,1.348406596,2.872899206,2.302895449,0.344519996,0.202265634,1.520490034,0.249354399,2.028657567,0.048255033,0.054869203,0.320229274,0.117653969,0.46482816,0.138295465,0.072475911,0.070701762,3.129834533,1.27557175,1.603590031,0.274248481,4.303306632,0.040005211,0.038061526,0.008925982,0.032554231,0.042762673,1.122207642,0.084531737,0.403210996,0.868172972,0.23995201,0.269946011,0.029994001,0.359928014,0.209958008,32.09358128,0.839832034,9.268146371,29.19916017,0.989590757,1.409655346,0.818832233,1.072112814,1.107739389,1.58998973,1.322176812,1.041841105,1.007151585,0.079536808,0.305133861,-0.01401956,-0.136285842,0.12550525,18.06616313,0.070711097,0.636006984,0.736942068,1.050798782,3.29030966,0.957117872,1.403876904,1.17006848,3.633746149,3.420001191,1.425638573,0.927172125,0.019910972,0.793129822,-0.006370094,0.018054504,0.07352888,53.77932209,2.632882353,6.063769528,-3.094742497,2.27434183,6.588367084,67.61971881,2.034987947,2.903549664,2.609643708,2.451914515,1.652414601,0.934061923,0.559917399,4.39867952,19.18319568,0.12978795,1.128598962,41.96779645,1.478156866,10.79388432,-2.819793534,1.242021051,19.69008899,148.6475987,2.672770079,5.479380893,3.412930338,3.001569519,1.776265186,0.965483346,0.047633867,24.97370313,51.03247604,0.359036676,3.480727405,53.47919392,2.275681627,12.38067932,-1.84654793,13.06266157,1.409880864,0.031427121,0.31649355,2.312078637,3.613389707,2.740236774,1.455322327,1.008921219,2.496934352,0.546242669,2.434518268,0.193220775,0.184780601,1.001621844,0.289639258,1.134403148,0.358562172,0.228255442,0.139366814,3.775276495,2.128040425,2.488414836,0.728717109,4.718239543,0.155127273,0.141286796,0.023243353,0.073413704,0.157685336,1.466895256,0.199357549,0.818159117,1.709177772,1.324786325,1.054131054,0.113960114,0.512820513,0.982905983,45.37037037,2.193732194,26.1965812,71.90883191,1.068239636,1.457631065,0.896529952,1.073491984,1.079269,1.505367202,1.408606083,1.061161763,1.020453809,-0.01612803,0.862590691,-0.047866261,-0.089819852,0.325752312,18.91251132,1.586836213,2.382400958,1.561095388,1.232538088,3.551357712,0.865091389,2.018917371,1.146134643,3.050439857,3.977970533,1.484982514,1.007002778,0.126301991,8.127755361,-0.063922586,0.663061399,-0.057211712,45.17253681,19.24734862,21.31405178,1.67135323,2.15543774,4.551599591,47.99512365,2.758580538,2.106506335,2.352668355,2.727057777,1.591595154,0.970757323,3.541983109,16.89345758,43.00429578,1.601251278,3.795777127,38.92824227,9.411641072,25.31189711,-1.593923298,0.930850054,8.124102664,71.30149053,2.985372347,2.997208075,2.63853571,2.948906835,1.517013571,0.92843155,-0.140616802,41.32667293,65.26466251,1.606219687,7.991852509,39.17310112,11.45537968,23.47621407,-6.031611591,0.004857626,1.311303803,0.039397209,2.831292986,1.764777279,3.8181095,2.435112165,0.589682402,0.242987831,0.446334955,0.096564549,2.315067447,0.088712345,0.02384805,0.217550563,0.251232274,0.707570244,0.34819528,0.107694973,0.092409821,3.325969357,1.741658896,2.163621453,0.334374075,4.116293886,0.282868458,0.227860703,0.001251283,9.78E-05,0.000779789,0.678551541,0.002132452,0.442468589,0.93817992,0,0,0,0,0,0,0,33.33333333,33.33333333,0.97430117,0.65481476,0.906341811,28.85976626,571.7428015,4.415702223,16.60612543,0.635870634,0.809069871,0,0,0,0,0,100,0,-33.33333333,-33.33333333,0.00125296,2.14423847,0.055825888,8.850659558,1710.99062,7.179662406,395.0733654,5.163612038,2.180579071,0,0,0,0,100,100,0,66.66666667,66.66666667,0.246508793,0.436415913,375.5988562,6.911611841,0.285052946,4.46257339,22.0924082,1.201072937,1.216316424,0,0,33.33333333,0,0,66.66666667,0,-33.33333333,0,0.005046865,2.884740527,0.97917771,23.01978132,60.4322611,6.607030935,0.240510015,0.003036272,2.624014423,0,0,0,0,0,100,0,-33.33333333,66.66666667,0.492356412,1.983070175,0.110945564,1.849171224,2.19675983,3.728871061,2.799032233,1.601093345,1.195996601,2.893605069,0.819674665,2.647554711,0.347019095,0.26262612,1.266592889,0.415837812,1.414521116,0.479358639,0.278816519,0.227701826,3.941857241,2.289830635,2.91752826,0.999421755,4.496178204,0.272351415,0.28679401,0.021694244,0.094050774,0.227972064,1.500450887,0.217497675,1.20997479,2.120809096,3.883495146,3.883495146,0,0.485436893,2.427184466,50,1.45631068,43.68932039,88.83495146,0.934675577,1.248193884,1.875304345,1.469158385,0.897143234,1.487391984,1.503119108,0.982544019,0.95283384,-1.391283308,1.72398149,0.31152648,1.383721985,-1.181078547,15.10903427,2.593533557,0.858966216,-4.722801924,1.024956634,2.392096873,1.752957666,2.912762725,1.375036168,3.026586362,4.371084613,1.242157024,0.994210345,-2.465055429,11.71934173,0,1.642222681,2.537354541,42.19858156,30.45858294,17.30358741,-1.600908903,1.589786437,2.422858699,49.41369115,3.416828369,1.497862648,1.806997237,2.688279694,1.164621483,0.861473529,6.685610545,18.8807325,40.6504065,3.579603757,0.824848054,19.91869919,14.80385192,10.78222433,-10.78617097,0.78990989,3.48746547,55.73855112,3.298368602,2.306537179,1.986922077,2.658557452,1.129769995,0.819270578,0.426849682,34.04753934,48.27586207,1.238701038,9.641781051,20.68965517,14.92299967,10.62102444,-17.28322732,0.004082621,1.827728153,0.036937896,1.867395462,0.51635081,4.147742763,2.583673822,1.091231317,0.712639615,2.881683069,1.137021878,0.479685904,0.162344818,0.044319033,1.452321323,0.250034491,0.975821536,0.390295534,0.237385504,0.405838767,3.396310446,1.837408774,2.633601667,0.689916305,4.398491394,0.000324809,0.005855336,0.001105545,0.102748714,0.027693771,0.653443326,4.88E-05,0.134607878,1.821541485,0,0,0,0,0,33.33333333,0,0,66.66666667,4.004638173,0.12486998,1.269597425,2.060250685,0.013817707,3.016104144,36.05046441,1.764694868,0.256071325,0,0,0,0,0,16.66666667,0,0,-66.66666667,7.47246637,10.72679546,0.208112551,2.300349725,4.894917937,3.456681212,52.26855082,0.015643147,1.15367446,0,0,0,0,0,66.66666667,0,0,33.33333333,NA,NA,NA,NA,NA,NA,NA,NA,NA,NA,NA,NA,NA,NA,NA,NA,NA,NA,5.539442722,0.682600365,0.233699415,0.024245081,0.009819506,0.001568154,68.3628768,7.618860079,1.216844197,0,0,0,0,0,-33.33333333,0,0,33.33333333,0.012303096,1.246295498,1.54458451,2.092999613,1.15645909,4.409557322,2.429259334,1.724482764,0.859571219,3.808540444,1.545284654,0.564750153,0.800235478,0.228596033,1.5053368,0.210328832,0.799492517,0.432695717,0.15043685,0.76368219,3.287681848,1.940938018,3.531171072,0.380012595,5.286203712,0.142760132,0.25986686,0.016817665,0.17268717,0.571126762,0.951358299,0.011152479,0.454549399,2.129214672,0,11.11111111,0,11.11111111,0,44.44444444,0,11.11111111,88.88888889,0.199562362,0.606480363,0.066760003,0.84982242,0.638693328,1.125388313,6.398541021,1.338529075,0.938798887,0,-11.11111111,0,-11.11111111,0,-15.87301587,0,3.174603175,-17.46031746,0.001893245,0.005370418,0.028109089,8.240522077,0.924204499,0.945159365,76.2068124,1.305833312,0.246174915,0,-11.11111111,0,88.88888889,0,-44.44444444,0,-11.11111111,-88.88888889,3.040639298,0.903269019,0.107758446,4.874786419,0.069334804,0.980615498,0.154115128,4.966766694,1.27094703,0,-11.11111111,0,-11.11111111,0,-44.44444444,0,88.88888889,11.11111111,3.943962681,1.951143794,61.3627182,0.014544525,1.436215079,3.898560386,70.71108227,2.188072634,1.112033641,33.33333333,-11.11111111,33.33333333,-11.11111111,33.33333333,55.55555556,33.33333333,22.22222222,-22.22222222,0.000612381,2.341521803,2.75289443,2.691007699,1.756225858,5.167449735,1.847658111,0.054417984,0.002891914,5.667923882,3.795015808,1.18308054,1.647605765,0.069916242,1.801460956,0.001669052,0.447251029,0.207070287,0.727309679,0.854964291,2.415302468,1.92874165,3.398361095,0.196870859,5.926598003,0.000801833,0.220377548,0.001095756,0.001047557,0.002071097,2.940721719,0.397898036,0.660191179,0.915093972,0,0,0,0,0,100,0,0,0,0.922144564,4.488508792,32.61160623,1.360975091,247.906472,0.00031479,0.003736465,0.166297717,1.0097529,0,0,0,0,0,-100,0,0,0,NA,NA,NA,NA,NA,NA,NA,NA,NA,NA,NA,NA,NA,NA,NA,NA,NA,NA,NA,NA,NA,NA,NA,NA,NA,NA,NA,NA,NA,NA,NA,NA,NA,NA,NA,NA,NA,NA,NA,NA,NA,NA,NA,NA,NA,NA,NA,NA,NA,NA,NA,NA,NA,NA,0.381968562,0.952358106,0.921570468,0.137662889,0.182750578,0.610779733,1.955590172,0.117733434,0.062709546,4.305284537,1.925292587,0.139031282,0.24046258,0.035978053,0.508924228,0.066106812,0.092895271,0.118642568,0.097290617,0.813615236,0.602168871,0.774198418,0.347112616,0.127840854,4.475559359,0.014154544,0.114006137,0.024913926,0.087665187,0.029481701,0.751185184,0.123687499,0.164375206,0.384552806,0,1.986754967,1.324503311,1.986754967,0,25.16556291,3.973509934,2.649006623,14.56953642,2.44616842,0.75234001,0.53050309,0.632418431,1.520517291,0.993346213,0.562935861,1.16639669,1.167041928,0.540540541,-0.905673886,-0.783962771,-1.446214426,0,-4.084481833,-3.432969393,0.594236621,-1.05602291,6.460040654,1.921501918,1.101617496,1.813838696,0.88763893,1.776093285,1.287799897,0.977146946,0.716588367,1.694915254,2.250533169,-1.324503311,0.555617914,0,8.732742171,1.111235829,-0.954091368,-9.484790661,2.941458593,4.354664882,36.39293223,0.556744222,19.35412151,1.262755936,1.23442137,1.316752605,1.150346715,1.075268817,8.765933205,30.9335612,-1.986754967,19.35483871,0.640888699,-0.747703482,1.652068646,-1.666310617,3.904888354,1.023156293,6.310037463,0.602682409,2.640333756,1.602857704,1.965998726,0.898297237,1.010990176,1.176470588,0.36618621,2.793143748,-0.810284379,0.588235294,7.187378263,1.320607713,-0.296065446,-2.804830541,17.43198226,0.194014319,0.006797295,0.036344985,0.220214502,3.185251589,1.882865066,0.167313901,0.075657121,0.864296621,0.138793836,0.204134366,0.015208944,0.01675729,0.135312893,0.03193621,0.141862928,0.042630771,0.031179705,0.074537671,2.506754957,0.540115626,1.099488677,0.088335679,4.065052166,0.012367527,0.011878342,0.00321744,0.023791577,0.019720569,0.53971097,0.025736009,0.107919924,0.370442052,0.065423618,0,0.032711809,0.392541708,0.179914949,15.04743212,0.163559045,0.997710173,9.977101734,0.87736773,1.344404575,1.251130753,0.881485474,0.971683603,1.847545039,1.076698025,1.038882022,0.908298065,-0.065423618,0.088587037,-0.017947303,-0.082487079,0.01202363,13.10848106,-0.015913984,0.227743835,-1.000282008,0.787183928,2.65706152,0.857448747,1.029518949,0.778195332,6.104879957,2.327034635,1.28075728,0.676228672,-0.046651326,0.300356674,-0.032711809,-0.05464045,-0.086053489,60.32332065,0.286975966,0.766885284,-3.801017634,1.690627423,7.030638907,81.13470757,1.357455388,2.253151072,3.772678022,2.138770896,1.692572791,0.802111001,0.101495957,1.411229135,6.052265429,0.123391525,0.472588844,39.82358457,0.200629119,2.006842179,-2.465720854,1.072804772,24.23753178,210.8615023,1.312591896,3.695294651,5.584036263,2.71680867,1.981782761,0.86246519,-0.04015514,7.08780796,21.96349792,-0.127222693,0.704481766,58.02900502,0.266005074,2.325094628,-1.625869895,0.168961836,0.411027407,0.123091044,1.870699892,0.791894654,3.06043441,2.255656924,0.387743201,0.204916877,1.752486831,0.806429171,0.656852085,0.107232969,0.042214421,0.310297371,0.179848822,0.514219317,0.213949596,0.079727076,0.165700688,2.566602701,0.770726647,1.942730759,0.433126398,3.506186866,0.023205023,0.110087235,0.012731707,0.072720185,0.042023589,0.855838399,0.064064375,0.344284874,0.620974876,0,2.985074627,0,0,0,23.88059701,0,7.462686567,17.91044776,0.438741333,0.949028077,0.507041117,1.337064556,1.108340961,1.119645114,0.95045036,0.959084473,1.128614671,0,-2.985074627,0,0,0,4.32453119,0,-2.334481439,2.602372752,0.316264265,1.08919195,0.609530766,3.178860467,3.410061982,2.684933519,3.533343209,1.2599852,1.228714039,0,-2.985074627,0,5.128205128,2.564102564,32.5296594,2.564102564,2.793723689,5.166475316,0.802864558,1.711064669,24.13382753,2.398358274,3.675315982,1.911809107,2.194467986,1.157141651,1.15138927,0,-1.669285153,9.210526316,3.947368421,3.947368421,22.17203456,0,1.747839749,0.51060487,1.169233792,3.892923549,58.16262985,1.488487272,4.495106694,2.139325972,2.521848824,0.995256834,1.260455838,0,10.34825871,25,0,1.666666667,22.78606965,3.333333333,-2.462686567,7.089552239,35.45699886,0.063913659,0.003417415,0.024507729,0.183078835,0.6555945,1.204665077,0.070222159,0.033829585,0.581006382,0.046105654,0.122332197,0.007779858,0.00874736,0.045205948,0.022453618,0.04892677,0.018606775,0.011723462,0.067252446,1.416493156,0.170849702,0.356014278,0.038528673,2.989949303,0.006606148,0.007646863,0.003443185,0.015844317,0.007747146,0.327896143,0.011721556,0.052848485,0.126915661,0.010458063,0.073206442,0.020916126,0.282367706,0.041832253,8.742940807,0.125496758,0.407864464,2.583141602,0.740425311,1.262599391,0.755129962,1.024229347,0.742556894,1.692490239,1.257932428,0.883486253,0.863732249,0.00683101,0.013238924,-0.003627053,0.028835614,-0.024543179,6.696201655,0.012815828,-0.105305681,-0.612187245,0.615727903,1.640447871,0.641655378,0.698901404,0.650766239,6.353019272,2.524216903,1.184099325,0.707034005,-0.010458063,0.007076153,-0.004859607,-0.121802516,-0.017747474,42.50143941,0.091266248,0.14608544,-0.93734841,1.571106505,5.331390036,42.74779051,0.965056202,2.072651426,3.737570821,2.131385274,1.76885864,0.867309681,0.059412289,0.408122647,2.874821782,-0.142627002,0.12896194,25.14417976,0.045297435,0.686771046,-0.518084541,1.211632778,22.27763525,118.017638,1.075113293,2.872838623,5.784624449,2.804743882,2.008168491,0.956354146,0.016558011,3.803600258,12.07553126,-0.086501165,0.086494102,40.16290817,0.08387782,0.787596836,-0.327299376,100,0.378755185,0.013606888,0.094684452,0.95266815,2.18486447,1.835496209,0.353234174,0.222930933,1.156503269,0.19112845,0.775092624,0.046830925,0.044510664,0.265952126,0.078710774,0.323659055,0.099206715,0.064449102,0.080143697,2.419348157,0.754286913,1.127450953,0.206616088,3.827624592,0.043665831,0.043118612,0.008809672,0.032907303,0.048785835,0.842185363,0.06995254,0.297936876,0.662883194,0.326530612,0.31377551,0.051020408,0.357142857,0.293367347,24.71938776,0.68622449,7.451530612,23.39795918,1.0240585,1.362866059,0.887007156,1.042563381,1.032908641,1.546566496,1.302328355,1.007579049,0.964321729,0.004540791,0.235662138,-0.025192143,-0.016679357,0.075272443,12.57662765,0.304641696,0.341561501,-0.704305893,0.878441532,2.411126422,0.703132668,1.22820468,0.851026132,3.636311313,2.726155592,1.120170741,0.725715702,-0.078880117,1.222927563,-0.028795364,0.027032911,-0.045716852,44.29255027,3.041232965,2.305263901,-6.862526113,1.676741,4.135611517,46.63400173,1.700719492,1.912962746,2.513175792,2.031550449,1.343412171,0.773497918,0.560954755,3.625461688,12.73584699,0.20366078,0.931689142,30.65861023,1.486209017,4.657472192,-6.06749339,0.706856185,9.910710298,91.67407351,1.665015588,2.633690953,3.307024256,2.040534497,1.238785605,0.689136155,-0.113365104,12.84411923,28.75423767,0.170695543,1.698715077,41.81616521,1.379450788,2.815941346,-8.907780023UPN52,0.062320786,0.253765422,0.043762101,0.02396337,2.160375787,0.38193333,0.601023012,0.017768809,0.023578647,0.065006486,0.066351724,0.153386434,0.012397265,0.02789663,0.305560412,0.080382179,0.107914724,0.015637653,0.164048089,0.164065355,0.710296261,0.362071515,1.393202101,0.281993287,4.172309115,0.063981565,0.040303077,0.015823085,0.000486831,0.044589408,0.233025715,0.001901359,0.386956046,0.822657525,0,0,0,0,0,9.090909091,0,13.63636364,27.27272727,1.473937429,0.707839832,0.031604572,50.2203307,0.774997255,1.710832048,21.8946858,0.579573448,0.867822718,0,0,0,0,0,-0.757575758,0,-5.303030303,-2.272727273,0.114837296,2.324676419,0.01381152,119.6761496,0.146945484,2.823576192,13.94359931,0.340089776,0.783759936,0,3.571428571,0,1.785714286,0,5.194805195,1.785714286,-10.06493506,-5.844155844,0.501001176,1.945862492,0.03149532,42.93402641,1.326440077,1.543265818,22.35728972,0.872112511,0.595904046,0,0,0,0,0,-0.757575758,0,-5.303030303,-18.93939394,0.863491819,4.715187634,20.3465896,80.77967993,1.254279742,4.76867712,34.36182755,1.580799295,0.64500517,0,4.761904762,4.761904762,0,0,24.24242424,0,5.411255411,-12.98701299,0.106207026,0.17992826,0.028283261,0.039029102,1.222833597,3.250325585,0.229308587,0.021942504,0.022853986,0.048962148,0.048179732,0.123883945,0.003906844,0.01915177,0.189420862,0.048788223,0.028019276,0.010168608,0.095629949,0.139555421,0.715152701,0.265644303,1.79988109,0.34922341,3.982196988,0.03261415,0.002698781,5.36E-05,0.016522828,0.04011899,0.347540717,0.020478817,0.248256202,0.626278746,0,0,0,0,0,10.52631579,0,2.631578947,21.05263158,4.802854706,109.0715114,5.110648898,0.016225766,1.932055119,0.616659642,0.196108538,0.257559205,1.078014698,3.846153846,3.846153846,0,0,3.846153846,-6.680161943,0,-2.631578947,-1.821862348,0.521566128,11.13912781,67.9073625,0.582409102,0.706737571,1.157341216,0.88704717,0.770284582,1.239183617,0,0,0,0,0,0.38277512,0,1.004784689,-1.052631579,0.541401539,34.76418899,1.451474599,0.118007699,0.154434466,2.157367063,0.751517797,1.361734929,0.676005789,0,0,0,0,0,3.759398496,0,2.130325815,-6.766917293,0.485462141,67.20127909,5356.132552,0.010945573,1.844488499,2.216307388,1.959262933,1.976216428,0.63181083,0,0,2.564102564,0,0,9.986504723,0,15.317139,-10.79622132,0.166086756,0.687855997,0.134374926,0.126063342,1.750533575,2.777623754,1.631763646,0.047590589,0.103934428,0.326528671,0.268422187,0.3690752,0.03811226,0.08238139,0.774721839,0.175372633,0.174492212,0.068408399,0.371672625,0.218763172,1.365028728,0.936204666,2.603210041,1.021057279,4.909000501,0.088486213,0.015702807,0.009108093,0.007709727,0.099736234,0.986143662,0.088807982,0.419831799,1.452698237,1.492537313,0,0,0,0,23.88059701,2.985074627,4.47761194,67.1641791,0.848770763,4.123616117,0.785771831,5.250285964,1.001146157,0.595094207,0.824988793,1.012871685,0.903657735,-1.492537313,0,0,1.5625,0,-8.255597015,-2.985074627,1.77238806,-20.2891791,1.437151489,19.81063452,1.716238992,2.665347105,1.504455348,0.946107934,1.110900308,1.271018031,1.236728263,-1.492537313,6.040268456,0,0,0.67114094,-0.390664129,-2.313933687,6.931784033,1.292196734,1.432215763,3.620699149,2.948910551,10.18055156,1.181820178,0.964204478,1.638459529,2.24858247,1.149777509,-1.492537313,0,0,0,0,3.392130258,-2.985074627,30.06784261,9.199457259,1.344924873,13.05304813,36.90218958,5.796455315,2.451102217,1.285869483,1.955461089,1.937322222,1.158396723,-1.492537313,0,10.25641026,0,7.692307692,6.888633754,-2.985074627,21.1634137,4.63069269,0.031388344,0.171108288,0.052726208,0.127301395,0.101068235,1.323974347,0.385566461,0.071939286,3.850977351,0.228296794,0.051964735,0.139189882,0.017891602,0.027330577,0.152571224,0.114292451,0.02345789,0.037587072,0.024814283,0.076779194,1.19306503,0.343678796,0.779707925,0.254960535,2.873324689,0.000710528,0.017947454,0.000296392,0.220932715,0.038039196,0.271162203,2.48E-05,0.012169493,0.177697126,0,0,0,6.666666667,0,6.666666667,0,0,6.666666667,0.233902426,5.757034049,1.630255109,0.107566254,0.012047779,0.343769811,59.46553439,4.871924893,1.336294167,0,0,0,-6.666666667,0,-6.666666667,0,0,-0.784313725,99.52453399,7.628963351,11.44515479,0.323037911,1.636407306,3.157759231,15.02380961,28.56494049,8.678111977,0,0,0,-6.666666667,0,18.33333333,0,8.333333333,43.33333333,119.3732354,1.63838061,2.259779208,0.001354784,0.009219973,1.887596937,16.1737467,37.864112,3.339036363,0,0,0,-6.666666667,0,4.444444444,0,11.11111111,4.444444444,31.18031723,54.11991788,1769.105083,0.259854902,4.622902075,3.612703833,1251.400649,32.91067289,5.876096371,0,23.07692308,23.07692308,-6.666666667,7.692307692,16.41025641,0,15.38461538,24.1025641,2.448678013,0.646660425,0.23676609,0.378528142,0.15334389,2.15546002,1.162120172,0.120717544,0.162851165,0.231271194,0.148848688,2.118505125,0.041998622,0.077714184,0.611136922,0.171193535,0.143588075,0.137008164,0.082457803,0.113999881,2.352957038,1.313850858,1.892064838,0.731777036,3.594218149,0.072323157,0.041448297,0.004273726,0.029484976,0.066948437,0.832022733,0.079161398,0.651671547,1.393032625,0.541516245,0.180505415,0,0.180505415,0.270758123,20.48736462,0.631768953,16.42599278,55.41516245,1.141436521,2.734502572,1.362929528,0.96741931,1.102082798,0.919958494,0.884306795,1.081081287,1.028407544,-0.313725813,0.844551532,0,-0.066610199,-0.04296769,0.127669548,-0.631768953,3.619565307,3.240873992,1.496867655,10.64110597,2.054106665,0.995954977,1.432436736,1.88130923,1.399609103,1.405212053,1.191264688,0.041817088,11.73616125,0,-0.055505415,0.270908544,21.13763538,-0.04843562,15.32400722,10.37650421,1.585814889,2.46847578,16.05892735,1.57287717,1.671569027,1.295471862,1.198945755,1.879094695,1.005829848,0.069303999,0.953875039,0.523560209,0.08127469,0.078282017,11.18802805,-0.108208744,32.61414684,0.256739814,0.886000688,13.69470898,171.3198752,2.710489055,2.956409062,1.537250753,1.187083028,2.014979938,0.932331033,-0.541516245,17.45924614,24.09937888,0.689059802,1.716819517,20.13375339,-0.383321748,35.74792026,-3.862367424,0.569523169,1.576381054,0.491863013,0.913035555,0.272491234,3.218715225,1.610838477,0.957870004,0.929481809,0.374645299,0.22061631,2.070028678,0.142272574,0.172825954,1.086484308,0.437349712,0.244549373,0.139059939,0.125822237,0.206428763,3.059160283,1.832178108,2.540725682,1.366011427,3.663843142,0.154915118,0.099947445,0.013435899,0.087246793,0.144417899,1.123995035,0.136073932,1.007412517,2.148895624,1.639344262,0.546448087,0,1.092896175,0,33.33333333,1.092896175,36.61202186,87.97814208,0.993509509,1.944430256,0.547868754,0.586254699,1.000406556,1.071657391,0.668330283,1.05798739,1.018125266,-1.639344262,1.700742924,0,-0.531098422,1.123595506,0.374531835,-0.531098422,-0.095167925,6.965678148,1.609167222,8.084348646,1.320241064,0.714677337,1.476469826,1.905946027,1.72433151,1.403763682,1.125998593,-0.273224044,25,0,-0.956284153,1.092896175,26.50273224,0.273224044,18.44262295,5.464480874,1.261464038,1.798463836,10.34517939,1.012936527,1.700512022,1.141711085,1.146802311,1.658238426,0.971444862,-1.156252475,0.419735487,1.93236715,-1.092896175,1.93236715,1.93236715,-0.1267126,33.91937911,0.910746812,0.826453246,8.233080592,66.2147235,1.007621987,2.459599708,1.362687827,1.033611438,1.62353681,0.915204895,-0.323554789,28.40092033,31.57894737,0.222893299,5.263157895,23.24561404,-1.092896175,26.54587288,-10.34656313,0.449659877,1.747538727,0.275560629,2.257481537,0.15745714,3.201575566,1.49639323,0.584894109,0.627723517,0.173036,0.143054136,2.028919592,0.113561166,0.142634735,1.047990616,0.243063847,0.2085104,0.127449463,0.067763296,0.133692824,3.374500642,1.864918498,2.478185741,1.400537089,3.227168046,0.112071191,0.091464211,0.012736803,0.029516309,0.138098496,1.103264679,0.106746079,1.204768763,2.047325614,1.19760479,0.598802395,0,0,0.598802395,31.13772455,0,47.30538922,89.22155689,1.338165076,1.83430289,0.831926247,0.713288949,1.131853873,1.095349688,1.131467484,0.955003015,1.013142327,-1.19760479,0.090852777,0,0,-0.598802395,2.655378897,0.689655172,-3.857113359,1.1232707,1.643787176,10.1435305,1.081141174,2.570820895,1.039473031,2.322185254,2.484716182,1.417266584,1.126263051,-0.306339193,31.66501222,0,0,-0.420549276,40.52002946,2.139037433,21.85682112,5.78735577,1.897260173,2.306401282,15.69933632,2.589875019,2.223378633,1.326491315,1.427714435,1.614933085,0.992874548,0.07628056,0.03814028,2.547770701,0,0.675082955,17.90686144,0.636942675,38.68187192,0.587360311,1.350278671,10.7317575,72.22699426,4.089198859,2.538485955,1.438858768,1.520384161,1.587612259,0.976829743,-1.19760479,36.9011976,29.6875,0,-0.598802395,23.54977545,0,24.56961078,-3.284056886,0.117559114,2.159774991,0.910944963,2.247342312,0.356018719,3.403559439,1.738656248,0.815273328,0.929590905,1.130230669,0.32805426,2.383618626,0.229181714,0.3016459,1.431464702,0.599450219,0.322622154,0.19535927,0.144556166,0.421179629,3.505321879,2.198832066,2.615542501,1.609019818,3.855100445,0.267825992,0.095478399,0.00828489,0.04898801,0.181857235,1.38384709,0.116784025,1.256516564,2.462270666,0,0,0,0,0,50,0,50,98.21428571,0.79879111,3.53226068,2.947856834,2.960063716,1.857491019,0.681270054,1.229076885,0.97157728,0.9766171,2.941176471,2.941176471,0,2.941176471,2.941176471,-29.41176471,0,2.941176471,-9.978991597,1.142479642,10.65852531,3.541214592,1.532774127,1.469837223,1.744760488,2.576548922,1.250277378,1.095561984,1.449275362,42.02898551,0,0,1.449275362,13.76811594,3.623188406,5.797101449,-2.562111801,1.217649673,4.394066844,26.34994385,5.861396857,1.90522272,1.274039922,2.638129636,1.629013155,0.971976172,2.941176471,2.941176471,2.941176471,2.941176471,2.941176471,11.76470588,5.882352941,38.23529412,-7.037815126,0.711733931,6.679431564,55.68616457,3.580420106,1.357488191,0.716336344,0.95768563,1.223512201,0.75090083,0,20,20,0,0,-20,0,10,-28.21428571,0.033940229,2.054524137,0.337126888,3.158766772,0.037324515,3.742916734,1.315981164,0.468207863,0.50148914,0.498231809,0.305979976,0.372860261,0.065903987,0.126334551,1.051257561,0.298277159,0.185798324,0.053095444,0.152906782,0.199102034,2.928487331,1.620603187,1.601527989,1.067594712,3.436615959,0.22575673,0.002076151,0.001174557,0.045109262,0.020504279,1.030359,0.000691992,0.289055643,1.062613214,0,0,0,0,0,50,0,0,33.33333333,0.054778136,19.68259578,8.049336735,0.010790304,6.071716526,0.308845419,54.07639483,1.214923959,1.448659893,0,0,0,0,0,-50,0,0,33.33333333,0.329268964,171.3925877,2.930860903,0.443143465,3.393504116,1.044620671,175.4509934,2.288519457,1.712477823,0,8.888888889,0,0,0,-18.88888889,0,17.77777778,42.22222222,0.687831555,82.83943091,0.13089049,6.116110589,0.017892735,1.692878738,378.8828017,5.812856072,1.892612127,0,0,0,0,0,0,0,50,66.66666667,0.446215699,556.8122158,839.5654306,0.007979058,16.3994347,0.896931377,352.1014665,3.361964038,1.761507217,0,50,33.33333333,0,0,0,0,33.33333333,33.33333333,0.002832152,1.395462989,2.280961241,2.724988069,1.005073039,3.95453505,1.112317891,0.816176625,0.353728026,1.915010527,1.084263216,0.396595997,0.716125504,0.046779889,0.790581869,0.915996142,0.066898096,0.103098055,0.191005447,1.118412498,3.186925168,1.720844538,2.378829672,0.852328204,4.213665684,NA,NA,NA,NA,NA,NA,NA,NA,NA,NA,NA,NA,NA,NA,NA,NA,NA,NA,NA,NA,NA,NA,NA,NA,NA,NA,NA,NA,NA,NA,NA,NA,NA,NA,NA,NA,NA,NA,NA,NA,NA,NA,NA,NA,NA,NA,NA,NA,NA,NA,NA,NA,NA,NA,NA,NA,NA,NA,NA,NA,NA,NA,NA,NA,NA,NA,NA,NA,NA,NA,NA,NA,NA,NA,NA,NA,NA,NA,NA,NA,NA,NA,NA,NA,NA,NA,NA,NA,NA,NA,0.00054503,1.320732106,1.091570467,1.743775871,0.469711453,4.195637758,0.786204257,0.647232282,0.425772449,7.936988843,7.61699845,0.362232075,0.002518014,0.177602239,0.737074686,1.520834644,0.003658767,0.000513109,1.385096113,0.002845235,2.049809919,1.6641261,1.87402834,0.400838903,2.459704653,NA,NA,NA,NA,NA,NA,NA,NA,NA,NA,NA,NA,NA,NA,NA,NA,NA,NA,NA,NA,NA,NA,NA,NA,NA,NA,NA,NA,NA,NA,NA,NA,NA,NA,NA,NA,NA,NA,NA,NA,NA,NA,NA,NA,NA,NA,NA,NA,NA,NA,NA,NA,NA,NA,NA,NA,NA,NA,NA,NA,NA,NA,NA,NA,NA,NA,NA,NA,NA,NA,NA,NA,NA,NA,NA,NA,NA,NA,NA,NA,NA,NA,NA,NA,NA,NA,NA,NA,NA,NA,0.51289158,0.731234336,0.844984555,0.168839733,0.034013568,0.322755197,0.518790883,0.031640242,0.037752829,3.518604249,2.249584781,0.123688995,0.133801395,0.029929693,0.347458348,0.117973871,0.030558339,0.030855267,0.201413504,0.483970417,0.685485513,0.432284499,0.355664279,0.210058798,3.615425753,0.037205885,0.228068736,0.009835102,0.042231562,0.025858853,0.641277283,0.109254465,0.171056815,0.423195661,0.787401575,5.118110236,0,0.787401575,0,15.35433071,0.787401575,3.937007874,13.77952756,1.023847477,1.398449283,0.342141388,0.227230189,2.024837802,0.939552301,1.117993945,1.394009264,0.943461388,-0.274581062,1.035735918,0,-0.787401575,0.512820513,-0.482535837,1.776700989,1.704017767,1.092267313,0.966794063,1.397833225,1.317078649,1.313686913,1.901864781,1.453857924,1.109512371,1.292280411,1.605652096,-0.787401575,4.358198991,0,0.21010466,0.249376559,12.07709074,0.708857777,2.048029532,9.66186895,2.443409751,3.047719299,9.703615063,2.294809363,3.567026404,0.658056103,1.105613053,2.259949242,0.807684788,-0.102470068,7.895588394,1.369863014,1.952324453,1.369863014,-5.765289613,0.582461439,4.967101715,-0.080897422,0.576241165,1.938815069,16.09840449,2.209948186,2.257119552,0.882295825,1.005504662,1.872081567,0.761002155,-0.787401575,5.191168114,4.12371134,0.758990178,0.515463918,0.625050735,1.274454095,2.764023054,-3.985713126,10.29765062,0.261526731,0.090057043,0.104843729,0.030333719,3.275992121,0.377869613,0.036392722,0.044561558,0.101254762,0.064099878,0.146561165,0.013408313,0.016711999,0.145592389,0.062168731,0.024800804,0.014577139,0.030532025,0.11881927,1.356597281,0.327382126,1.562621769,0.248260043,3.219464105,0.01488077,0.013773105,0.001981392,0.008867732,0.022504933,0.518485851,0.019271763,0.148697864,0.531907162,0.02315887,0.115794349,0,0.138953219,0.185270959,12.76053729,0.04631774,2.246410375,17.7396943,0.983809077,1.380357507,1.631471918,1.550725671,0.717889003,0.91674073,0.952650899,0.942631217,0.978230855,0.005877135,0.058421679,0.029036005,0.064298813,-0.098162945,-0.91384739,0.069826279,0.076469996,-0.172911492,1.582679414,5.919839072,1.534766065,1.197782113,1.063216439,1.987212312,1.664191412,1.533688823,1.483664332,0.112795951,1.00321841,0.010458063,-0.07620484,-0.038858074,13.83431735,0.162843524,2.679337376,9.28394092,1.525093119,1.554841081,5.585118456,1.873063484,0.928685615,0.956767316,1.170641568,1.73188674,0.935834954,0.071508218,0.105095521,0.063111392,0.081936652,-0.02749248,0.42974356,0.143016435,4.979843964,-1.172954006,1.028187025,19.03504811,190.5345775,2.007724514,4.021742234,1.666037759,1.431870129,2.207487633,0.905593901,0.004118817,6.56723893,10.96563011,0.079268276,1.587778687,10.9164949,0.117348381,8.119110629,-2.491467353,0.394997257,0.503450825,0.107712624,2.441500051,0.068356636,3.246092193,0.698538391,0.127878005,0.144307336,0.161225934,0.115620043,0.38116977,0.046060475,0.025818244,0.353077366,0.095635061,0.043499017,0.028648837,0.029393138,0.109420888,2.470774299,0.955963175,1.438515881,0.576701931,2.474789691,0.028281821,0.007238414,0.000965873,0.015090625,0.038549687,0.674712917,0.042311212,0.409048096,0.909564987,0,0,0,0,0,18.71345029,0,9.356725146,36.25730994,0.741844273,6.627124811,0.122761857,1.641645163,0.850701589,0.9891244,0.84804696,1.248339072,1.081340117,0,0,0,0.704225352,0,1.004859567,0,4.727781896,1.770859073,1.317982995,28.97437651,3.42485279,1.702219487,1.465210073,2.117031694,1.510089859,1.421591971,1.199495833,0,3.715170279,0,0.309597523,0.619195046,23.39181287,0.92879257,8.909528724,4.2999656,1.082136329,4.775022545,71.59212292,1.325864426,1.667668426,0.946102844,0.888390755,1.254413928,0.942073848,0,0,1,0,1,0.286549708,0,6.643274854,-1.257309942,0.515861727,48.12393676,497.7323951,2.575649513,2.546767037,0.931067648,1.257792052,1.436177189,0.838466062,0,8.661417323,15.7480315,0,0.787401575,-0.603214072,0.787401575,11.90311737,-10.27305797,84.80173401,0.048554224,0.017505897,0.043232249,0.00938646,0.290728151,0.127422156,0.007593032,0.01045468,0.044752133,0.017093381,0.04879504,0.004023318,0.005869296,0.040952599,0.023261411,0.008217282,0.00441364,0.009251104,0.069090479,0.605416278,0.106082439,0.347021053,0.051691368,2.432984394,0.004791216,0.005843618,0.001326645,0.006603129,0.00412169,0.225440231,0.007450483,0.047767932,0.118865848,0.007478499,0.07229216,0.004985666,0.127134488,0.014956999,5.546553658,0.049856662,0.595787112,2.570110931,0.91776475,1.458936617,0.995506073,1.030377983,0.95959814,0.861017979,0.906260589,0.945368263,0.892102743,0.003909077,0.033042919,0.000708122,-0.001871151,0.007818154,-0.880494329,-0.01284704,-0.054877245,-0.235657819,1.623720447,7.390370425,1.336759418,1.286134111,1.611345631,2.752805686,1.598454401,2.407866747,2.204812127,0.014298504,0.40438225,0.004693002,0.022884869,-0.000438996,11.00154932,0.00579568,1.560136233,4.51709387,1.179145286,1.719691823,6.218337373,1.058748902,1.665017471,0.887351446,0.912997248,1.972958498,0.928319625,0.008565997,0.056063814,0.072562735,-0.014823011,0.062591402,-0.543344759,-0.004397255,1.217241019,-0.112628847,1.214686663,26.6384066,175.4372902,1.572248095,5.949433722,1.914918613,1.390494378,3.480302939,1.102061976,0.009914534,3.701995968,5.540907093,0.007040336,0.226060742,5.629712306,0.009776593,3.138745512,0.264953423,100,0.1133143,0.041128227,0.086643932,0.023942031,0.696538844,0.203365183,0.02337712,0.029100114,0.077663518,0.039352289,0.135121724,0.00845745,0.011089033,0.083746254,0.036245387,0.016583442,0.010514428,0.016327101,0.079749385,0.764563767,0.186933771,0.546514737,0.110164653,2.562118728,0.009090276,0.009462933,0.001615995,0.008115446,0.009015762,0.28040809,0.012055697,0.083784305,0.212658932,0.038693035,0.109630267,0.004299226,0.137575236,0.038693035,6.966895959,0.075236457,1.558469475,6.309114359,0.970925577,1.622204434,1.036878019,1.032317941,0.947419274,0.869204654,0.896617335,0.960714284,0.921812845,-0.013866819,0.06663587,0.003148639,0.001451576,0.005994154,-0.973847299,-0.015653538,0.003099541,-0.353305025,2.339280523,9.763754083,1.74486538,1.464050898,2.136444435,2.792607097,2.258195732,2.515381777,2.268613059,0.056227804,1.833560506,0.00465557,0.002119584,0.047273008,13.86375094,0.09490467,4.009622795,9.540874895,1.361571766,1.900010197,7.461544467,1.281326677,1.540399948,0.928707323,1.042207461,1.869784065,0.931005431,0.01075014,0.106977932,0.111068184,0.001336543,0.074319938,-0.186117582,0.009523272,2.761922303,-0.312363482,0.914217335,18.65237673,158.5250251,1.604418438,3.847355724,1.74019449,1.200204635,2.482688187,0.89833733,-0.018829432,4.293468456,6.422679961,0.023540657,0.376235566,5.968723896,0.006425023,3.888571951,-1.164441116UPN53,0.919450606,0.259799216,0.002955348,0.613481475,2.441728177,0.360768941,0.011073004,0.053556615,0.02233632,0.048523829,0.143557404,0.354901616,0.021236843,0.034777309,0.129343128,0.055323555,0.007346175,0.010096939,0.055083773,0.009053875,2.792001571,0.765853344,0.56273392,0.262190895,4.736707307,0.047260547,0.010592432,0.004305598,0.00905647,0.032810735,1.11550109,0.053530883,0.128140601,0.340619455,0.306278714,0,0,0,0.153139357,36.60030628,0,1.531393568,7.503828484,0.880920888,0.783823764,0.885337207,1.001306099,0.651058529,0.887449449,0.752907482,1.21127001,1.106398558,-0.174003581,0,0,0,-0.153139357,-6.177025855,0.132275132,-0.208642245,0.697229717,1.047307358,1.131418027,2.033995477,0.903954888,0.839041806,0.980108458,0.916720661,1.250070251,1.594234687,-0.14576507,0,0,0,-0.153139357,-1.608331961,0,0.073742868,5.81880394,2.105285549,62.78298727,144.2731829,2.652879065,8.140252801,1.301775936,1.395189394,2.259175279,1.011618225,1.723241582,20.11070111,19.37269373,0.184501845,5.750919684,11.18567158,0.184501845,4.557167317,0.798754542,1.394821465,304.9444113,481.5604358,2.888895901,29.63042325,2.678808149,2.497908778,3.103069904,0.916153261,-0.095308249,79.74683544,66.4556962,0,32.75825305,45.04526334,0.632911392,7.751306854,-0.752773632,2.461293655,0.283977234,0.006675482,0.552065417,1.854043138,2.531706339,0.017334579,0.114330837,0.0455841,0.090516621,0.219986702,0.340704046,0.041408557,0.0576045,0.262366422,0.092250086,0.009763568,0.023125485,0.063550464,0.01782797,3.170755056,0.931717361,0.974741927,0.462798622,5.013239417,0.075286777,0.02104562,0.009406559,0.020517325,0.060336507,1.100524447,0.083286963,0.229414911,0.68107516,0.511182109,0,0.063897764,0.127795527,0,35.14376997,0.191693291,2.875399361,20.44728435,0.894387387,0.753187781,0.592825555,0.785980646,0.618031967,0.923936643,0.839630707,1.066268303,1.036804839,-0.247608044,0.052714813,-0.063897764,-0.127795527,0.210859251,-3.251308186,0.019165961,0.287489411,1.323933367,0.948271594,0.90070241,0.77034898,0.901244931,0.802462833,0.918286364,0.876339479,1.086345613,1.105668845,-0.198029708,0,-0.063897764,-0.023411394,0.1565762,-2.941264749,0.017074976,1.508734251,1.734344047,2.666447315,34.28635148,87.01635196,1.975174162,7.296412236,1.363894051,1.604525544,1.982638984,1.03082298,2.181943334,23.24592488,27.292587,0.226563084,11.41034727,14.67905073,0.233537042,8.1805893,0.672488865,1.304554142,128.7769393,219.6941863,2.298602189,17.61450981,2.614079178,2.512411019,2.06936113,0.859727699,-0.000456879,75.58733401,68.0668479,-0.127795527,37.9979571,49.94305332,1.238337353,7.339105236,-5.329817542,0.024119026,0.833403893,0.017014415,0.801319599,2.570384415,2.803493777,0.971739378,0.176499186,0.123802741,0.598352932,0.857447251,0.463472315,0.200350146,0.136530973,0.928332054,0.107201183,0.029858611,0.080059422,0.1987182,0.071791942,2.37678438,1.250894536,2.295810532,1.130913037,5.561830227,0.307852864,0.024365676,0.014819813,0.065871039,0.10204542,1.030188795,0.235396097,0.299779964,1.161823822,0,0,0,0,0,29.41176471,0,0,35.29411765,0.560388932,0.721239381,3.84337587,0.687792574,2.705318808,1.340130958,1.081052093,1.487011338,0.859271937,5.263157895,0,0,0,0,12.69349845,0,10.52631579,6.811145511,0.52840511,0.374260443,0.899834879,0.098153136,2.430850889,1.299557089,0.892537866,1.012855471,0.996424868,0,0,0,0,0,9.049773756,0,0,18.5520362,1.717917782,45.49493503,92.734098,1.904504976,9.111702381,2.064794657,2.670336787,2.239765411,0.967817938,14.28571429,57.14285714,50,0,35.71428571,42.01680672,14.28571429,21.42857143,0.420168067,0.850019053,96.35592566,122.7191129,2.447094823,12.97986019,3.305638187,2.752481556,2.378122956,1.170619821,0,87.5,62.5,0,37.5,70.58823529,12.5,12.5,27.20588235,0.007482469,0.653494202,0.005017509,0.930381964,1.830564966,2.950307192,0.124470819,0.40752385,1.770135339,0.143809814,0.430513087,0.448828425,0.162311584,0.158212207,0.695111543,0.22982549,0.008814247,0.05743473,0.027827215,0.013533751,3.886760891,1.106964533,1.600628532,1.21710817,4.711244925,0.002083189,5.64E-05,0.000551731,0.133402078,0.002231965,0.735725245,0.00162413,0.188433656,0.00140733,0,0,0,0,0,0,0,0,0,0.308217998,140.7023859,0.007405655,0.847053661,113.4489827,1.274379121,94.9346878,1.342440617,597.2765583,0,0,0,0,7.692307692,23.07692308,0,0,30.76923077,151.3818005,19.22596968,3.599375829,0.569416319,67.5191294,2.540543723,365.4136698,6.411199368,1216.923369,0,0,0,0,0,50,0,50,100,52.18216501,9590.002269,667.1336457,0.295164258,138.1470473,1.698347447,53.66999941,1.592513994,599.3886473,0,22.22222222,11.11111111,0,11.11111111,44.44444444,0,0,11.11111111,0.680235802,33958.76514,3860.86726,0.860111169,408.6699941,4.454112433,80.81811139,6.710404907,1879.411093,0,66.66666667,66.66666667,0,33.33333333,100,0,33.33333333,100,14.08327052,0.266245795,0.00581914,0.879883539,0.761921838,2.05014996,0.020971836,0.230303994,0.069370516,0.134374489,0.234782144,2.742734734,0.038598702,0.157582561,0.195396055,0.379933833,0.016664089,0.087778317,0.055887143,0.012415305,4.053408891,1.967432561,0.244199253,0.434778426,4.902310548,0.118342865,0.030018478,0.015665453,0.030129671,0.10237177,1.334361841,0.105320629,0.553516228,1.074037728,0.928313564,0.051572976,0.012893244,0.077359464,0.48994327,42.45745229,0.657555441,13.58947911,39.31150077,0.894126639,0.946437548,0.699210973,0.823584243,0.761554334,0.875910837,0.80383311,0.988909042,1.066716866,-0.299751713,-0.051572976,0.003868405,0.006448783,-0.104425335,-5.615347032,-0.380988227,-0.414822727,3.41394341,1.046223972,1.121520405,0.995824292,0.98588042,0.854760206,0.900857226,0.863226716,1.007972992,1.217838682,0.172639941,0.017236618,0.026426524,0.04059984,-0.19504501,-4.838264248,-0.284017645,-0.151948394,10.95882263,3.103573903,57.99347056,100.4884818,1.778178578,6.155286501,1.582810705,1.596059861,2.037511112,0.985393379,6.483557482,55.08551651,54.08974811,0.143590622,19.28508937,25.61526037,0.537583657,25.63920423,-0.896315477,1.155502084,125.1861213,172.0661729,2.324920872,12.66848166,2.536918073,1.946525406,1.761088866,0.785845792,0.335360522,89.61270466,83.62535647,0.196122241,46.71865726,47.22568614,1.369981338,19.35092074,-11.08630274,1.637711698,0.873475591,0.019833413,1.278118131,1.27067698,2.877994456,0.068348762,1.454208604,0.612489084,0.417672824,0.540919058,3.175580018,0.154067848,0.541416019,0.674230932,0.755401521,0.046447806,0.312569296,0.099294536,0.030542134,4.766216731,2.353448194,0.604664732,1.129070814,5.157457783,0.417236364,0.139922867,0.043425951,0.094059327,0.315042705,1.975447037,0.296340144,1.006919859,2.067812142,8.023952096,0.239520958,0,0.359281437,2.155688623,67.18562874,1.317365269,34.37125749,86.58682635,1.04794555,1.031612991,0.693789169,0.775940462,0.81350604,0.895025994,0.886852053,1.052628734,1.028490121,-0.627725681,0.288780929,0.075471698,-0.132866343,-0.570782962,-5.147892893,0.343012089,2.760817987,1.866003841,1.083256086,1.123215192,1.105723519,0.793968622,0.854184094,0.849318645,0.843610907,1.015130186,1.03681968,-0.331644404,0.290983021,0.132625995,0.104909544,-0.895741673,-8.233374101,0.274146667,0.443066122,0.548452167,2.244289604,14.92841308,48.33633918,1.76941724,3.496915759,1.282033208,1.583671584,1.545348591,0.990098561,24.97199932,65.54995273,72.06477733,0.652864312,38.22892676,14.69696235,5.970084123,23.92833766,-1.161725133,1.241897036,27.65784001,72.31376131,2.495801975,6.356271108,1.830573442,2.034059295,1.57482347,0.910172429,1.158257373,91.86951778,92.25251076,1.505854861,74.31489961,27.36243439,9.299564429,26.60435227,-6.385965515,14.98934206,0.753754459,0.016596885,3.135837973,0.982022421,3.069948592,0.049399455,0.645573773,0.279231026,0.213402378,0.328384352,2.721732156,0.088204669,0.375258925,0.593318153,0.431652607,0.088124974,0.224848675,0.145579894,0.018556136,4.522322382,2.253123494,0.709887623,1.078597694,4.430919994,0.271026687,0.090538287,0.051179222,0.076354985,0.292971061,1.649138606,0.193746987,1.040355143,1.667352219,2.430500397,0.158856235,0.142970612,0.222398729,2.144559174,56.87053217,1.064336775,36.13979349,69.8649722,0.940140744,0.923568799,0.631963217,0.845211205,0.766464073,0.884062448,0.835856144,0.967653213,1.004656444,-0.028605945,0.010291262,-0.066854238,-0.053251233,-0.723720202,-6.413833928,-0.379289414,-1.794394299,-0.074715096,0.968590376,1.048655907,0.921514729,0.811806247,0.822401958,0.856451744,0.794097658,0.958956229,1.041969899,0.200663932,0.093231365,0.030339614,-0.127865879,-0.474478821,-8.390935509,-0.473506462,-2.588509416,2.586579714,2.480825242,21.1746133,37.80944673,1.750061976,3.278635242,1.426002789,1.736538832,1.616487059,0.968198376,16.74855127,61.94305459,67.99220278,0.299540407,31.43647409,23.22500923,2.660008589,27.58985973,-3.578701853,1.303454209,39.37642229,56.09815473,2.435568352,5.674417166,2.027477568,2.212160566,1.487072193,0.899268744,1.742643212,92.24817473,90.25521186,0.841812678,60.87110506,36.73224196,4.316507419,23.51583248,-7.805902488,1.669244765,1.234239422,0.073823265,3.222149902,1.262874838,3.236789045,0.120669842,0.996696915,0.52727149,1.35220813,0.775428382,2.964702444,0.226765299,0.709455024,1.045305583,0.807882729,0.164884026,0.382690695,0.2103702,0.046787119,4.551969679,2.692225722,1.330245278,1.511750003,4.985232528,0.485308793,0.170830118,0.098707625,0.138573983,0.451416871,1.850317146,0.314285903,1.359832788,2.162061515,8.024691358,0.462962963,0.154320988,0.462962963,3.086419753,65.12345679,3.858024691,52.31481481,89.50617284,1.03991359,1.101410127,0.675381554,0.904749421,0.942622412,0.954549189,0.918526098,1.019556327,1.046195258,-0.220990634,0.18064122,0.167481104,0.019740175,0.051150641,-1.165291062,-2.249014233,1.747936593,2.287873822,1.050809732,1.228167793,1.036433944,0.907655796,0.985014273,0.917110308,0.898800395,0.998383096,1.051735265,1.620610447,0.594908848,0.219045534,-0.089596441,2.514078069,-2.771247705,-2.053419838,1.014370002,0.786297602,2.031328011,11.16927058,23.6734633,1.766457696,2.486094932,1.3352722,1.845413489,1.507684037,0.98235349,25.63521067,65.31730296,81.44120036,1.006596169,37.64136191,19.62111984,5.239246127,25.36188218,-1.262645898,1.19701985,19.65245188,32.3766924,2.395520529,4.019090991,1.759953248,2.122011568,1.427444692,0.97962961,1.865418532,88.70501192,93.09528655,2.048810977,68.34215168,29.69600946,6.817014555,25.55017734,-1.594084927,0.509517407,1.81901578,0.043976372,4.010978952,0.437694792,3.94919382,0.106613622,0.498721241,0.332155559,0.513311239,0.54596977,0.410077581,0.145742032,0.210645392,1.110979285,0.261998458,0.173452378,0.083676777,0.156334592,0.03719686,4.452067021,1.499420808,2.471495821,1.345102968,4.571872447,0.181174208,0.077083966,0.039700026,0.094231019,0.222335459,1.081200874,0.148977794,0.655717735,1.57393905,1.442307692,0.480769231,0,0,1.442307692,35.09615385,0.480769231,18.26923077,67.30769231,0.724320514,0.757963661,0.546465017,0.396948507,0.737869511,0.907777895,0.842351805,0.91308129,1.00273212,-0.233848478,-0.480769231,0,0,-1.442307692,-4.280443876,-0.178654427,-4.674064606,-2.353009528,0.980638379,0.868544063,0.577256648,0.596430261,0.923614678,0.891260958,0.786943995,0.807104961,1.014425567,-1.22008547,-0.258547009,0,0.222222222,-0.775641026,-4.429487179,-0.258547009,-5.38034188,0.025641026,2.260352267,12.17903657,36.61269562,1.182612702,2.255454078,1.351788409,1.474203698,1.727186217,1.068942864,5.724927803,30.57725125,51.19453925,0.682593857,10.16178787,19.51135469,-0.139472302,21.66250985,4.364662641,1.257050564,31.56598042,64.91129714,2.004563796,5.400403503,2.339417732,2.634206939,1.501071476,0.998093973,0.00696767,82.8525641,84.05797101,0.724637681,40.58667781,48.23717949,3.142419175,13.6148272,3.706800446,0.006834347,0.752969296,3.093330226,5.154285843,2.385859695,5.160943619,0.10240792,0.246588969,0.153249895,1.488733988,2.56342932,0.454666868,2.631720177,0.119874305,0.607166019,0.083469135,0.173132554,0.043882389,0.0581404,0.708258534,4.488183116,0.592021828,4.940076377,0.424703639,5.662564489,0.438389428,0.001022,0.000425989,0.55925523,0.489286953,0.733918102,0.306436965,0.118034197,1.141250334,0,0,0,0,0,50,0,0,50,0.715964051,74.53264954,542.7900552,0.183836468,0.800441312,0.799354187,0.115087615,4.755966795,0.966914186,0,0,14.28571429,0,0,-21.42857143,0,14.28571429,-7.142857143,0.192611031,0.47559563,0.893300486,0.155267472,0.050431044,0.340682742,0.243603228,0.553709339,0.563139389,0,0,0,0,0,-50,0,0,-27.77777778,0.397152282,185.5272473,1757.201806,0.229429271,0.081212046,0.343777054,0.271727053,1.389808862,0.265959998,0,0,28.57142857,0,0,-50,0,0,-50,1.636125398,3.244975145,1.311745219,0.002584194,0.003186903,0.417973596,0.002480794,3.302180184,0.384620502,0,0,0,0,0,-50,0,0,-50,0.00173086,0.923365445,1.651739716,1.742830153,0.569492651,4.371963055,0.071181118,0.354130506,0.034765077,6.760827877,4.579265884,0.643364309,0.125608107,0.017205159,0.557738344,0.315216305,0.022194871,0.104021939,0.325221595,0.743453915,2.20728034,0.844385267,0.84560056,0.423616497,3.198261347,NA,NA,NA,NA,NA,NA,NA,NA,NA,NA,NA,NA,NA,NA,NA,NA,NA,NA,NA,NA,NA,NA,NA,NA,NA,NA,NA,NA,NA,NA,NA,NA,NA,NA,NA,NA,NA,NA,NA,NA,NA,NA,NA,NA,NA,NA,NA,NA,NA,NA,NA,NA,NA,NA,NA,NA,NA,NA,NA,NA,NA,NA,NA,NA,NA,NA,NA,NA,NA,NA,NA,NA,NA,NA,NA,NA,NA,NA,NA,NA,NA,NA,NA,NA,NA,NA,NA,NA,NA,NA,0.519332882,1.242205109,1.987926702,0.315196488,0.113338973,0.568760324,0.078085043,0.028331603,0.054903991,4.190202851,2.080739976,0.067522131,0.344750311,0.084785574,0.734547842,0.039714426,0.012228768,0.031687763,0.045442947,1.540850388,0.402822143,1.178104277,0.194520128,0.168475065,4.516972295,0.05086684,0.044363264,0.006510896,0.046418888,0.076802845,0.686490489,0.109063508,0.240697854,0.349794317,0.3125,0.9375,0,0.3125,0.625,20,1.5625,2.1875,8.125,1.637725643,1.160996278,2.483497944,1.64785859,1.110844411,1.15274741,1.0948774,1.225421472,1.386473717,-0.3125,-0.399865591,0,0.493951613,-0.087365591,3.11827957,-1.024865591,2.382392473,4.778225806,1.558677957,1.118362857,1.345621268,1.191290367,1.352930328,1.419053393,1.285462292,1.245100533,1.570076149,-0.3125,-0.679102067,0,-0.054102067,-0.108204134,10.23255814,-0.528908269,1.946866925,7.378875969,2.209808387,36.5760513,330.502422,4.13759494,31.48890275,2.19607248,2.318734735,3.970108031,1.670304847,-0.024315562,49.20659222,70.02881844,2.281159942,73.72658501,37.34870317,-0.409762248,32.682817,10.60698847,1.706591763,9.154310691,46.90663945,1.422901527,4.816792902,1.33728713,0.761634523,1.112441842,1.036489635,0.005971338,9.253582803,8.598726115,-0.3125,6.381369427,5.477707006,-1.244028662,2.589570064,3.021496815,6.08618146,0.145032083,0.006313062,0.417149939,0.13528187,3.324646488,0.015810252,0.087142705,0.029293105,0.086956484,0.155073397,0.205814696,0.012361668,0.034475981,0.118621377,0.09761068,0.005512383,0.01490461,0.018912405,0.141985023,3.715797138,0.696870828,0.726855059,0.246379191,4.337617424,0.028035499,0.007747173,0.00511343,0.014758675,0.029442024,0.587903895,0.025138817,0.149461015,0.437540902,0.081833061,0.020458265,0.020458265,0.184124386,0.204582651,16.5507365,0.04091653,1.554828151,10.63829787,0.87099789,1.347935213,1.006753318,0.8753834,0.950579828,0.910318293,0.892983547,1.178695063,1.220337692,-0.060570037,0.000804758,0.000804758,-0.077809268,-0.034478463,-1.751672071,0.022872541,0.528948162,4.118240507,1.304607417,1.418664184,1.297186453,0.986571954,1.148010965,0.965799928,1.148786209,1.282710056,1.591839089,0.028268784,-0.020458265,-0.020458265,-0.074022542,0.015621037,-1.053901926,0.096710775,0.757310578,11.51969827,3.223558605,83.20722746,136.0430793,1.347264396,8.113606815,1.788177233,2.075936419,2.519335509,1.156171778,0.935272811,19.95180248,22.24029069,-0.045428131,5.412615684,16.15846369,0.190243895,8.200141799,3.370023903,0.931325445,259.7376275,300.9923628,1.492365251,20.05013934,3.590182577,2.352695455,2.138119941,0.877351519,-0.008483427,56.48320922,50.7863877,-0.110774753,17.86387701,47.11674517,0.081332858,5.144438353,-0.833896894,26.77987251,0.326096203,0.012133239,3.24385704,0.665684636,3.136067313,0.034221585,0.168139712,0.090073806,0.14286754,0.229815902,0.370367269,0.036773001,0.078553039,0.418458019,0.114184083,0.051583777,0.040765427,0.079611999,0.010813564,3.97434397,1.003579328,1.557504046,0.672479778,4.028811878,0.067630579,0.023060652,0.014412808,0.02736262,0.084338273,0.773187472,0.070145416,0.363615797,0.770382569,0.273205837,0.06663557,0.026654228,0.166588925,0.239888052,23.6356367,0.19990671,7.18997801,24.84840408,0.836590662,0.843498023,0.690905351,0.82136087,0.851572712,0.88019373,0.800885061,1.03417743,1.055949203,-0.060307302,-0.045864981,0.009694302,-0.104277159,-0.032182164,-3.929540535,-0.059705235,0.235507502,1.473124637,1.037724046,1.137062932,1.001183645,0.837942479,0.906206185,0.92893278,0.80870086,1.06886546,1.181689082,-0.036151631,-0.013956858,-0.010850614,-0.098106599,-0.002833846,-2.806473768,-0.062942058,0.432631693,5.773731517,2.470054275,29.54962615,69.25059844,1.508757432,4.024522377,1.511076052,1.776186768,1.958586968,1.042918603,1.67074362,21.49500383,33.9492624,0.022406161,8.070495878,16.40972212,0.491275319,14.81444987,1.243717527,1.247005285,85.21057809,136.0775374,2.298211563,8.25199872,2.641024121,2.292861405,1.709656825,0.957131166,-0.02697177,61.61499827,66.35515342,-1.88E-05,22.16016989,44.43359852,0.770545202,10.98064771,-1.441683336,30.30186156,0.1120247,0.003975337,1.827202123,0.264109034,0.918846548,0.009895591,0.085058283,0.031935685,0.070110459,0.097075951,0.312718408,0.010213502,0.029366357,0.122807647,0.082113553,0.015831985,0.014482328,0.024150691,0.019863326,3.489756149,0.685932205,0.748040571,0.273115621,4.079999635,0.021217961,0.007123189,0.005318005,0.008927358,0.018504811,0.515976599,0.026366053,0.137843287,0.327910553,0.052949275,0.007059903,0.003529952,0.056479226,0.028239613,14.40573264,0.077658936,1.595538141,7.275230329,0.900566158,1.197806587,0.846270035,1.061693876,1.055032438,1.002256654,0.948136404,1.257549066,1.274393935,0.006015887,0.007681387,-0.003529952,0.012313462,-0.003670796,0.011249325,-0.013780011,0.478070035,3.038759155,1.29937426,1.35602332,1.112005624,1.160726979,1.279289554,1.153643604,1.246906912,1.479243264,1.690933623,0.038554913,0.028134015,-0.003529952,0.006869827,0.013993089,2.262107156,0.070155522,1.12847115,7.914464891,3.405624362,78.43631735,135.3479866,1.702532276,9.655229904,1.940235145,2.112241705,2.988458986,1.215623221,0.529801308,17.04255715,23.2440558,0.022608353,3.809589225,17.732962,0.130466272,8.852347307,2.402591848,1.262917373,280.6233325,302.992093,2.103235214,24.07308529,3.827130916,2.343352027,2.320482658,0.909294021,0.000107155,56.98312466,53.48872002,0.004156693,12.98953429,47.34437158,0.119407801,5.081992461,-1.13584351,100,0.341683136,0.020717093,2.152145058,0.634211116,2.258851761,0.028069287,0.250726329,0.108828195,0.172035706,0.223820081,1.120157001,0.042626416,0.13462977,0.318351208,0.210910803,0.039012912,0.075116256,0.067646867,0.032014849,3.880600931,1.257540738,0.896044152,0.563510416,4.314584071,0.078899895,0.02535139,0.014490505,0.025453694,0.079926431,0.835596635,0.06983566,0.350512551,0.701874976,0.628325767,0.054114181,0.02705709,0.118750564,0.407359529,25.8921324,0.326188257,8.510958122,23.45248474,1.252213626,1.294347649,0.907763922,1.106315466,1.107208216,1.05413179,1.080279487,1.313073161,1.311787215,0.207753978,0.009368449,0.006710266,-0.018799189,0.043772353,1.718759599,-0.046594546,3.488609656,9.346423896,1.575831802,1.723290211,1.469142569,1.262393207,1.365418729,1.139162939,1.21977866,1.463964017,1.563918973,0.560388246,0.069741663,0.028829083,-0.017551277,0.224003188,4.094575754,0.016680969,5.226467489,16.92754124,3.346197494,40.3624088,79.64274287,2.11888276,5.677993488,1.762839721,2.159122503,2.374379102,1.214814909,5.289157457,32.42781221,39.20052685,0.139541429,13.1809859,22.95238675,0.963905083,19.14131799,6.356324517,1.39181062,99.22059127,141.325873,2.501256779,10.49450789,2.920595682,2.379339147,1.923232438,0.960665465,0.37914758,68.4931694,66.37145125,0.166950833,28.37780806,46.77225868,1.21058452,12.77078857,-1.083569055UPN54,5.57896044,1.001804699,0.00577664,0.675166376,2.977529667,0.360198411,0.024201165,0.01897958,0.023383838,0.102302959,0.328992368,0.358725365,0.022877282,0.019633331,0.379548005,0.044668611,0.009020289,0.008686081,0.035031619,0.004973438,1.683202041,1.028272155,0.988432903,0.295962839,4.537528085,0.02301305,0.007724788,0.00681951,0.007165238,0.050991949,0.908741549,0.052768458,0.17132999,0.487061462,0,0,0,0,0.156985871,28.22605965,0.062794349,2.135007849,13.46938776,0.522740417,0.699706672,0.574793863,1.008758451,0.811169646,0.856250915,0.660654418,0.84942313,0.667912352,0,0,0.027548209,0.027548209,-0.046793034,-3.928538993,0.01985028,-0.757597381,-5.535503458,0.616636857,0.697333911,0.688594813,1.012900974,0.812697442,0.845103828,0.73625382,0.884364318,0.722410042,0.049043649,0,0.024521824,0.049043649,-0.107942222,-4.537977261,0.035292949,-0.19778372,-4.445356367,1.162089452,76.52157027,117.5124738,1.781792427,3.680804684,1.230030294,0.934797902,1.591160149,0.643186607,0.089259149,18.56590301,26.18268373,0.059506099,3.859675837,9.38179515,0.0859709,3.428812442,-6.239396681,0.857748118,315.3901129,294.6379949,2.538534719,12.0702753,2.068784546,1.713417868,1.297390763,0.627989813,0,66.82490924,59.95531974,0.055850321,18.86004848,32.23191298,0.411933381,1.914140433,-6.460172452,6.812866666,0.961804744,0.010262178,0.78149897,2.460008412,2.489256235,0.025474034,0.025526257,0.036167621,0.131707466,0.498889264,0.3443162,0.040781615,0.025554673,0.469856685,0.065230979,0.013155737,0.014250012,0.05226049,0.008607939,2.34983637,1.19916169,1.620194501,0.550166715,5.077763841,0.030970002,0.011951814,0.008084648,0.014704645,0.06964374,1.000257641,0.068689274,0.155473658,0.801440517,0.181900864,0.022737608,0,0.045475216,0.204638472,30.35470668,0.432014552,1.955434288,26.08003638,0.500716347,0.653436777,0.719478918,0.837027481,0.850080154,0.797823988,0.758972558,0.923948932,0.698924132,-0.159619224,-0.022737608,0,0.021369704,0.018177927,-6.156845722,-0.231479793,-0.573972613,-11.28502747,0.609738096,0.591385763,0.659259406,0.787145259,0.822415292,0.841481391,0.764899524,0.980799462,0.738475291,-0.143446721,-0.022737608,0,-0.026248144,-0.031594827,-5.359513453,-0.201289691,-0.705674627,-9.775479564,1.248097391,42.12989659,86.95719886,1.165201769,3.856343195,1.1858454,1.14597853,1.691310893,0.64985781,-0.027659219,14.60451175,22.69922879,-0.019768275,5.219526052,9.131154498,-0.226359025,2.620401187,-12.76384101,0.862081167,177.1437376,216.0316225,1.987619525,11.68975464,2.031413554,1.940996401,1.358003201,0.726695475,-0.130247971,63.97519628,55.5785124,0.083657015,26.78399789,36.66492141,0.213646605,1.117912819,-9.525284314,0.122069169,1.420700218,0.039776527,0.898192744,2.667380824,2.421744344,0.822384706,0.065684466,0.087048457,0.556024583,1.163705,0.470996618,0.138932036,0.071131731,0.990486322,0.1142605,0.041547107,0.041537666,0.17242486,0.023920875,2.170128954,1.185130267,1.993977259,1.005219862,5.222896836,0.119817298,0.024651979,0.008423579,0.023053733,0.201956464,1.255440099,0.168047296,0.161808787,1.12360132,1.459854015,0,0,0,0.729927007,40.87591241,0,2.189781022,40.1459854,0.581547016,1.025897887,0.697370277,2.669991026,0.686499912,0.821850715,1.161497486,1.278914379,0.884278355,-1.459854015,0,0,0,0.446543581,-5.581794762,1.176470588,-1.013310434,-2.498926578,0.634319941,0.849810557,2.520867345,2.125235152,0.809746227,0.669178848,1.055449405,1.429080978,0.902296763,-0.42892618,0,0,0,-0.729927007,-18.19550004,1.030927835,-0.127925352,-3.03258334,1.004710095,23.10975512,77.81822087,2.798101722,2.332279247,1.01045109,1.212510838,1.720780656,0.832083289,-0.19403123,18.98734177,21.51898734,1.265822785,11.92830084,7.225353414,1.265822785,0.341864548,-9.766238566,0.556072572,78.95589337,186.6242532,1.838461331,5.505736237,1.671274843,2.483948796,1.837686071,0.802738904,-1.459854015,60.31746032,50.79365079,0,32.60340633,22.61615108,1.587301587,0.984822153,-14.74916,0.012654424,0.933155116,0.023613896,0.843290511,2.356853662,3.331889881,0.111245922,0.071572974,1.502587543,0.467644244,0.6984168,0.431454618,0.134164134,0.10556803,0.873377257,0.420398221,0.106140753,0.039889232,0.158328744,0.112675452,2.17635011,0.92905453,2.793175495,0.919630024,4.769246276,0.04468347,0.047477787,0.000386508,0.084912432,0.207519878,0.930925766,0.143563961,0.144051666,1.078004466,0,0,0,0,0,37.5,0,0,43.75,1.768109626,0.009758128,47.91075282,0.064299006,1.206066731,1.091562328,1.021561287,3.074162071,1.201363782,0,0,0,0,0,-7.5,0,20,26.25,0.019723959,0.548684779,1.141484403,1.164839542,0.480097213,0.527972439,1.229671358,2.477460003,0.754291875,0,0,0,0,0,-37.5,0,0,-29.46428571,4.542452692,5.531296614,478.4139517,2.279282886,1.349924141,1.149560107,1.357968914,4.507271181,1.051540156,9.090909091,9.090909091,0,9.090909091,0,-10.22727273,0,27.27272727,-7.386363636,4.779796198,25.07876724,5100.784881,2.82941306,6.725283968,1.611146947,0.264587676,3.113206627,0.799963829,0,50,66.66666667,0,50,45.83333333,0,0,-10.41666667,25.19371156,1.113813413,0.030366447,0.787121718,2.12854889,1.909968053,0.054138021,0.059935872,0.059011965,0.366976545,0.818583011,3.016107182,0.073548201,0.147308751,0.563129519,0.307808351,0.027427715,0.077885134,0.076512081,0.012399006,3.093965743,2.507894225,0.793339372,0.699287497,5.223999964,0.101629233,0.031137021,0.018045627,0.032474979,0.199965402,1.566178071,0.1574018,0.513033915,1.634762844,0.425820188,0.03387206,0.043549792,0.15968257,1.374237879,50.67260234,1.001645214,12.47459595,64.85531791,0.675605425,0.832738114,0.855898978,0.788126911,0.947447911,0.878322359,0.831638645,0.923870717,0.804408158,-0.163055183,0.007931463,-0.013690132,-0.028300068,0.136660897,-6.569885113,-0.189462473,-1.743034295,-14.058065,0.794957439,0.86892715,0.832626362,0.811432929,0.894584742,0.924279243,0.852125373,0.91210651,0.826750828,-0.109628802,0.049650192,-0.025652166,-0.082126193,0.051606293,-3.452700182,-0.172388562,-1.598805476,-12.64197822,1.69360189,48.85307592,78.92214912,1.563743964,3.265148738,1.304439566,1.234013887,1.537649262,0.766394625,1.226475202,49.40010838,49.25073221,0.037822126,18.67489744,18.19873057,0.414607977,12.91198336,-16.97247192,0.979843284,104.3903189,136.4581933,2.213738108,7.235358647,1.824651288,1.763946076,1.192400779,0.727591793,0.0182438,82.23031926,75.92349317,0.070374676,49.18485473,32.80607724,2.053301016,4.667344016,-19.83364973,3.976733995,2.481405372,0.079098116,1.16436849,3.139643716,2.93393221,0.123713298,0.282965249,0.296276995,0.567319343,1.074560703,3.542857293,0.241981816,0.40689734,0.948457381,0.402793878,0.063963677,0.238557827,0.200628694,0.023670629,3.76611601,2.942988272,0.804306618,1.22608584,5.3774724,0.231356165,0.069563524,0.041756859,0.05502028,0.386320356,2.190020298,0.281918709,0.784385932,2.127762199,1.399471311,0.217695537,0.093298087,0.155496812,4.882599907,73.58109159,2.752293578,24.78619188,84.341471,0.879607562,1.021332923,1.081247337,1.175294904,1.239956792,1.006341833,1.102088709,1.111324534,0.954994124,-0.04557887,-0.180087414,-0.018081841,-0.042672442,3.278362861,1.484722628,0.670045647,4.247279347,-1.565991496,0.982917923,1.001463915,1.111072972,1.00455489,1.145140487,0.988119003,1.053770983,1.029983952,0.958577848,0.336768069,0.040893306,0.017525703,0.066150768,1.175767289,-0.031036176,-0.05558135,1.552928915,-1.55609974,2.20014337,31.53402304,45.30201589,2.385129039,3.146578536,1.263850691,1.631000436,1.591568893,0.929877553,8.608665386,71.50728412,69.06862217,0.658172838,39.50307951,17.1430744,4.489366308,22.77279917,-3.99159305,1.268687596,56.97294273,70.48152575,2.81438128,5.539796683,1.561502075,2.032227448,1.270651658,0.84701285,1.87241809,93.42285746,91.28919039,0.35141563,70.32477337,21.11936924,8.768443749,9.084775859,-9.364512474,16.82005214,1.971428215,0.039896348,2.843094275,2.667564339,3.097977993,0.107161458,0.098470026,0.165740846,0.219887036,0.781149045,2.162295792,0.154190126,0.161102496,1.188562537,0.238272876,0.111653396,0.105000922,0.154872987,0.018190888,3.122152169,2.496250082,2.268460943,1.230588855,5.053955957,0.11150425,0.036797782,0.023256473,0.040851528,0.278073569,1.5120295,0.155392287,0.670492584,1.638749921,0.319264069,0.108225108,0.054112554,0.108225108,2.29978355,51.47727273,0.79004329,19.25865801,67.41341991,0.818102494,0.965909465,0.996036529,1.000570222,1.06800978,0.944563527,1.026511473,1.035729562,0.891284559,-0.010419895,-0.070789451,0.011399846,0.022799693,0.72314579,-2.857712596,0.230078376,0.741341991,-8.339952436,0.99412564,1.061100882,1.175041848,0.982602247,1.065905415,0.974874357,1.08764541,1.08035402,0.914049171,0.029259064,0.039897223,0.024305151,-0.003668168,0.767220023,-0.976270723,0.246813031,2.297497781,-6.247610033,1.747177029,32.34328299,73.313284,1.991058642,2.349435001,1.293608033,1.655406219,1.657151593,0.874856392,1.270954886,40.99773622,60.62992133,0.075569042,15.70405215,19.89878609,1.327584966,21.87926751,-9.73402084,1.161776744,81.06004887,122.506763,3.130656769,4.782526932,1.783988866,2.36139725,1.348083428,0.868771013,0.238754582,85.43679859,85.49091114,0.304555812,47.11162143,35.73416283,3.612953194,11.18775691,-9.66231152,10.3193979,2.162878574,0.110484604,2.910757424,2.723973432,3.074763074,0.176030424,0.322193732,0.266303183,1.460003058,1.324432141,2.679964054,0.300696337,0.346949266,1.637108803,0.498801423,0.197269081,0.207936959,0.23424102,0.036693964,3.241415971,2.888224781,2.410495016,1.57128255,5.274986685,0.219314236,0.074256248,0.04286935,0.077089641,0.458756918,1.798753205,0.271835083,0.984311255,2.004487764,1.224314456,0.13603494,0.064437603,0.186153075,5.219445837,62.95553805,2.334073172,34.53139543,83.11734803,0.903864103,1.065902661,1.05538118,1.049919208,1.129510681,0.967303834,1.065919795,1.061377093,0.947129763,-0.257989419,0.039660522,0.052692705,0.004183675,1.486264266,-1.315713749,-0.050032177,2.423216574,-3.278402207,1.013059906,1.001961767,1.055465425,1.004263108,1.092331135,0.98995508,1.090736618,1.078524646,0.956325215,-0.026621124,-0.062103252,0.024280422,0.050428324,1.212610943,0.847507932,0.238749539,3.927868208,-2.103005287,1.797322495,21.1284487,50.49981048,2.311581383,2.052807667,1.277180695,1.675286223,1.590435488,0.924186384,3.990038454,57.02026126,78.3658809,0.620190158,24.64213191,21.79113578,3.149060815,28.83374366,-4.149467373,1.076007113,41.5391141,73.0025246,3.343786411,3.350652988,1.577128936,2.164977334,1.281683944,0.90348376,0.057170299,89.08181747,92.11408648,1.257358488,54.55371663,28.84001357,7.917804866,13.23705353,-5.786371455,1.305168264,2.368540264,0.058815729,3.121887752,0.785182766,4.072789644,0.121083224,0.0413712,0.150600808,0.440984549,1.286129151,0.580438778,0.145303534,0.074696355,1.133009684,0.211354464,0.105177688,0.048980959,0.113673706,0.035934889,3.053136908,1.637405586,2.928212332,1.094843664,5.52800523,0.053092481,0.027782524,0.017160727,0.03097966,0.150743112,1.179734198,0.126666818,0.217733802,1.416525428,0.064724919,0.129449838,0.194174757,0.194174757,0.906148867,37.21682848,1.035598706,2.84789644,55.40453074,0.953624333,0.755374732,0.670355291,1.05681504,1.180584236,0.963550223,0.97958174,1.205025207,0.892145856,0.058579643,-0.006145276,-0.194174757,-0.070870195,0.080287631,-0.718678047,-0.295771332,1.591067802,-5.342878463,1.253367176,0.910091193,0.799151355,1.26088545,1.112537264,0.977706574,1.010785213,1.158112462,0.893019285,0.153140005,-0.129449838,-0.194174757,0.023690166,0.292108213,0.255938406,-0.490936396,1.83619942,-6.602787825,1.750002208,27.79804592,69.71653621,1.702074619,2.848355936,1.165293967,1.443842131,1.937268109,0.847024269,0.071329503,25.58483588,40.7582062,0.077934086,9.297932765,11.35460009,0.18889109,5.859586553,-11.18684367,1.127241977,85.26165515,133.9624531,2.79206781,5.96624887,1.710618196,1.710743864,1.474609163,0.825831376,-0.064724919,75.18516778,73.28113986,0.193046927,29.97478046,33.83835061,0.222871769,2.863623405,-11.64848041,0.009072544,1.838338245,2.950564967,4.421697691,2.378213743,4.862805985,0.165659937,0.213639294,0.127334291,1.825325508,2.58403744,0.444614363,2.103876788,0.075859531,1.22588246,0.179860939,0.219341123,0.060979343,0.12134359,0.689045007,3.391105726,1.212417656,4.138539545,0.821070926,5.75432547,0.218826881,0.037749191,0.01980973,0.315396556,0.449347175,0.805900753,0.209862856,0.459590229,1.073332235,14.28571429,0,0,14.28571429,0,14.28571429,0,14.28571429,28.57142857,0.088995005,0.312988823,0.04386004,0.444110643,0.332833751,1.464635388,1.512358936,0.792169226,1.452151257,-14.28571429,0,0,-14.28571429,0,14.28571429,14.28571429,0,28.57142857,0.235053983,0.010199216,0.03112944,0.001102128,0.620246656,1.282470634,1.328530291,0.001268013,0.939332373,-14.28571429,0,0,-14.28571429,0,10.71428571,0,-14.28571429,21.42857143,0.213071684,7.008703512,35.46496094,0.629362813,0.919095416,1.521161835,0.217723891,0.943739062,0.650642902,-14.28571429,0,11.11111111,-14.28571429,0,41.26984127,0,-3.174603175,4.761904762,0.504206646,19.10309192,67.94636188,0.83397168,1.013487503,0.876797742,0.000794854,0.379782172,0.577496634,-14.28571429,20,60,-14.28571429,0,5.714285714,0,-14.28571429,-8.571428571,0.004393756,1.786638086,1.715319043,2.553354781,0.668283795,4.487386403,0.072659352,0.194809498,0.098864717,6.778797636,4.570002372,0.806117856,0.388169148,0.094896818,1.763423661,0.322361531,0.095268271,0.042584051,0.94563853,1.446631487,1.280993136,2.339407099,1.999598306,0.869689005,3.836434821,0.03451569,0.000971148,0.001069757,0.027640177,0.322510018,1.140279483,0.064797956,0.762842274,0.320943899,0,0,0,0,0,50,0,25,0,4.028011244,1.952000489,1.272650033,0.001134149,0.123337839,1.98544284,6.175134384,0.613932954,2.692462894,0,0,0,0,0,0,0,-25,50,6.0134638,1279.707983,0.131477103,0.010945548,0.19842749,0.378847443,0.005525856,1.633029322,1.261395988,0,16.66666667,0,0,0,-50,0,-8.333333333,16.66666667,15.03737303,3762.326801,1837.852063,4.961106804,2.537898833,2.481721049,2.70285816,1.27143196,3.47363273,33.33333333,66.66666667,66.66666667,0,33.33333333,50,0,8.333333333,33.33333333,0.066211724,5980.378305,2627.042849,0.029793909,1.977749457,1.238664117,11.63158774,1.510498689,4.148066883,0,100,100,0,0,50,0,-25,100,1.25139575,2.021408004,0.584619771,0.81268803,0.76358651,0.690468414,0.085083329,0.022068002,0.074616681,1.606200666,2.432422851,0.418626703,0.221550339,0.057310506,0.86638511,0.179564996,0.020937398,0.025322157,0.101965756,0.519771759,1.586674901,1.445751874,1.123745209,0.452324094,5.085869691,0.054998292,0.039156113,0.015954173,0.036587834,0.131324249,1.314079161,0.141357007,0.243999792,1.019640686,0.24979184,0.416319734,0.083263947,0.24979184,0.49958368,43.54704413,1.082431307,3.663613655,38.46794338,0.697077493,0.742801473,0.717879041,0.792253806,0.722809007,0.907327688,0.880580693,0.93526434,0.716830852,-0.121750867,-0.160237787,-0.083263947,-0.121750867,-0.115460761,-5.902998035,0.069937451,0.049574565,-12.47562584,0.814238413,0.762318138,0.860932711,0.812518995,0.832454606,0.866565357,0.988834699,0.85577023,0.738067923,-0.008245946,-0.17477384,-0.083263947,-0.24979184,0.708145788,-4.658155241,0.366844055,-0.523517037,-12.7433057,1.572219553,26.97180337,91.47535135,2.212926778,7.122487412,1.250661104,1.468345254,1.868732186,0.809119213,0.096228921,33.83973563,48.59032314,0.211569175,28.2201395,12.96968021,2.147095798,9.254494765,-8.133456645,0.869331592,52.62109481,113.235661,1.525641282,4.86084288,1.510908623,1.516925835,1.028272734,0.688162047,-0.149490937,57.15639842,53.87862171,-0.049190035,20.36300408,20.5452327,1.725993969,0.24812155,-14.69662944,4.636423211,0.96015886,0.025994773,0.501868438,0.451821337,3.332704228,0.056036169,0.0129732,0.036066722,0.160529274,0.849380881,0.331531588,0.036444297,0.030657271,0.449606444,0.144156444,0.011395554,0.014691093,0.058076565,0.173424508,2.24441309,1.09941486,1.822634166,0.542801709,5.076763054,0.034773372,0.015152257,0.008904866,0.016925976,0.09774442,0.982899765,0.089173972,0.12486231,1.065584123,0.176491352,0.105894811,0.070596541,0.105894811,0.741263678,29.22696788,0.600070597,1.058948112,38.36921991,0.558782798,0.662881086,0.777849241,0.593857249,0.628638812,0.812505226,0.654142173,0.903911538,0.621509716,-0.176491352,-0.041915285,-0.038606777,-0.105894811,-0.453355809,-6.29030761,-0.248183201,-0.16323474,-17.63985331,0.76122756,0.807275607,0.71390404,0.708137312,0.649564524,0.783881282,0.686606422,0.936671901,0.674117316,-0.050863211,-0.074487776,-0.00778247,-0.074487776,-0.332972221,-7.587520642,-0.128965069,-0.273772232,-15.85037569,1.060724442,41.2234453,86.68655365,1.520763532,3.066213433,1.061070552,0.91049471,1.48476257,0.578574786,0.16940972,18.95325427,24.59214991,0.101645832,7.076100556,3.460683453,-0.081218988,1.466129716,-19.79433233,0.687075282,134.2932315,184.9593579,1.666942776,7.931038916,1.844006515,1.384357924,1.250794944,0.633670604,-0.11078833,61.42498561,52.85318795,-0.105894811,24.42299388,29.80719769,0.254068694,0.68218198,-16.62151951,13.98159683,0.939117146,0.020040618,2.812601622,1.949024271,2.841213793,0.055957508,0.036723358,0.053586656,0.257420213,0.794591452,0.462803944,0.056913332,0.038385179,0.737765808,0.128757189,0.053567808,0.024980243,0.05903069,0.012267057,2.727301386,1.436558987,2.425906371,0.831321985,5.012874179,0.039157525,0.018966514,0.011650666,0.020665235,0.098954262,0.920953195,0.078056045,0.256802357,0.926586876,0.060459492,0.108827086,0.060459492,0.108827086,0.483675937,28.4885127,0.290205562,4.244256348,31.5356711,0.654664506,0.722429094,0.766877676,0.802173189,0.874608606,0.850526916,0.792705423,0.978482889,0.769805454,-0.025853425,-0.039614951,-0.014318069,-0.016544239,-0.183756685,-5.15248778,-0.024892377,-0.622154606,-9.295504991,0.771982188,0.751677887,0.669712738,0.815077008,0.823491466,0.906447008,0.865127623,1.060825821,0.78396318,0.00022012,-0.058260743,-0.030119686,-0.0076944,-0.210617685,-3.24579425,0.023305765,0.357280869,-9.144894401,1.169286262,25.56519125,75.08677846,1.385644625,2.399780583,1.23788402,1.223129922,1.793472813,0.721251953,0.069664125,14.02042904,29.65109982,-0.022078008,3.712810725,9.963016256,0.10016529,7.672898282,-11.69181944,0.901965202,101.5868357,169.5990658,2.328317859,6.674888845,2.017894533,1.894678165,1.380602622,0.793698447,-0.007107189,61.28188961,63.56216188,0.086798025,20.50156326,36.16558654,0.63456769,3.056117118,-8.985431015,9.951509476,0.399376871,0.008410884,0.847083971,0.479909708,0.674577964,0.020464882,0.01076371,0.017854146,0.164100896,0.372174182,0.324010508,0.015901825,0.01696929,0.302249578,0.134750752,0.016343937,0.007380876,0.022845888,0.029906843,1.5063776,1.035106709,1.152597027,0.284311808,4.522441289,0.013664513,0.013520824,0.00705727,0.01204799,0.036063849,0.612036378,0.048842972,0.140117,0.496237073,0.031486146,0.094458438,0.062972292,0.125944584,0.094458438,16.34130982,0.472292191,1.668765743,14.86146096,0.565429215,0.45650117,0.61668146,0.775713761,0.768992608,0.837223273,0.650650967,0.88918397,0.651546356,-0.031486146,-0.077800101,-0.029655617,0.007322116,-0.027825088,-2.764764763,-0.272392141,-0.402732093,-7.265259058,0.905748256,0.578872112,0.48967111,0.641467153,0.770126055,0.885880549,0.834531372,0.923428086,0.755611744,0.018723059,-0.01077643,-0.062972292,-0.042262576,-0.027512832,-1.948004384,0.029799859,-0.129016789,-4.903301961,1.444275467,40.02410991,123.4418556,1.213223498,4.602776409,1.398720432,0.999761681,2.00548229,0.668396419,0.06341624,16.5405741,28.5297609,-0.031042198,3.213567592,9.933093647,-0.133355098,3.984704973,-7.093022779,1.079655839,142.3112446,264.4404687,1.716887753,13.43864107,2.594375937,1.647681993,1.46947844,0.725159153,0.022262846,55.1460683,55.84941685,0.04873964,14.60589093,34.31711533,0.078634979,1.703983518,-5.751006778,100,1.327345492,0.04320668,1.666058987,2.087128073,2.312097327,0.073687845,0.085913593,0.099197503,0.403142443,0.801615568,1.719812775,0.10584376,0.130239995,0.778478213,0.237219394,0.060781144,0.076166772,0.098938779,0.031539398,2.741792031,2.006493904,1.61684119,0.833962494,5.05727312,0.113291732,0.038364556,0.022740866,0.039138163,0.240306991,1.456133603,0.161909463,0.552571111,1.502643538,0.514455732,0.101942841,0.055712948,0.135133533,2.194141843,48.1691777,1.141522742,15.69327059,59.32836263,0.620898882,0.737957382,0.762868477,0.775190239,0.832860718,0.817052172,0.783755506,0.832180539,0.738354322,-0.227829554,-0.046166936,-0.009233027,-0.020483062,-0.155222656,-9.527320983,-0.263052241,-3.563560622,-17.31671167,0.710532658,0.747729713,0.769982821,0.745931137,0.789958099,0.836068188,0.799441148,0.831941973,0.749462805,-0.156660809,-0.015070823,-0.015957956,-0.035009851,-0.330074465,-8.367069214,-0.235992381,-3.325051022,-16.70659457,1.388504324,28.86217375,58.9620024,1.567668196,2.257344129,1.165813948,1.212021211,1.377821822,0.7226721,1.190065927,36.48175462,46.62947405,0.110563282,13.53324637,10.32202049,0.635591158,10.04905488,-18.36958665,0.8168202,69.87743194,103.9849794,2.20369857,4.617803508,1.64416925,1.644094936,1.060444352,0.696646255,-0.057701602,74.61414768,72.41547961,0.217497315,36.825711,27.24939789,2.11961845,1.875797857,-20.00030488UPN55,0.397449123,0.454682618,0.004153041,0.764356411,2.463239893,0.174647079,1.87236476,0.00431349,0.026305709,0.036659255,0.093798668,0.094929659,0.012016516,0.018151255,0.139093874,0.003007704,0.019858038,0.051410433,0.006550823,0.008630232,0.434835135,0.415204654,0.774045489,0.226013879,4.442731369,0.007357673,0.007414627,0.00065361,0.027765228,0.010325904,0.997931231,0.075564881,0.128876258,0.243821005,0,0,0,0.578034682,0,32.3699422,0,0,5.780346821,1.118595579,0.538944063,10.43431067,0.627550328,1.283759379,1.048085451,0.6984765,0.925420221,0.960314842,0,0,0,-0.578034682,0,4.782835581,0,0.347222222,-1.266457932,1.123901195,0.465890942,5.605353899,0.596763282,3.53401742,1.049937295,0.715611578,1.051723753,1.149333197,0,0,0,-0.578034682,0,3.307141137,0,0.78125,0.469653179,4.600854268,57.06974654,1101.214236,1.270433526,15.06915246,1.543389854,1.445410107,2.352241324,1.305696721,0,13.23529412,23.03921569,-0.578034682,2.450980392,20.0810382,0.490196078,5.882352941,1.082398277,2.95509519,257.4205678,2496.121576,1.232032564,28.1941332,2.057645299,1.394813452,1.534276045,1.22572003,0,62.29508197,61.47540984,-0.578034682,7.37704918,39.76120534,0,1.639344262,-0.042641903,0.00545402,0.151014478,0.00089346,0.502152154,1.582168928,3.306890872,0.288740309,0.001212336,0.000755491,0.01822165,0.008749841,0.02421026,0.003793212,0.002627139,0.031934421,0.011703829,0.001083817,0.007267115,0.004095472,0.068763915,0.499430541,0.119954668,0.774590163,0.456903865,2.526498851,0.000622574,0.001207182,0.0004872,0.000758026,0.00089059,0.000721713,0.00030658,0.000625027,0.000804946,0,0,0,0,0,0,0,0,0,2.127293477,89.95991803,0.715542458,1.604611668,0.017922884,1328.927717,327.1369872,0.640784178,478.2951675,0,0,0,0,0,20,0,0,20,0.090647189,3.062268,1.753769422,0.766720715,33.32862615,809.9079805,1.505834925,104.4546534,130.9129534,0,0,0,0,0,0,0,0,0,5.294679666,0.181881295,1.10790034,0.315064556,2.391802986,605.2171147,12.66181353,164.7190094,2.845812005,0,0,0,0,0,0,0,0,0,NA,NA,NA,NA,NA,NA,NA,NA,NA,NA,NA,NA,NA,NA,NA,NA,NA,NA,0.259932793,0.697516412,0.015776682,0.703518188,1.719949904,2.505653925,2.663454932,0.009936209,0.065078306,0.147148146,0.201616367,0.223243417,0.026022744,0.044582493,0.36353186,0.082293616,0.037399267,0.141874092,0.013803623,0.05272771,1.220992028,0.80164577,1.651437656,0.530268779,4.353065478,0.035438736,0.018444283,0.004585949,0.018528076,0.099491448,1.03348809,0.084549606,0.304608124,0.707278214,0,0,0,0,0,34.10852713,0,3.875968992,18.60465116,0.502675765,1.152867252,1.785562136,0.828379338,0.680137307,1.09051033,1.587814811,0.933382296,1.038675954,0,0,0,0,0,3.100775194,0,-0.968992248,4.651162791,0.65620209,1.102128772,2.334123087,1.567919527,0.56999372,1.020633399,0.90246886,0.673307927,0.9129195,0,0,0.414937759,0,0,-2.573257422,0.414937759,-1.801280196,-0.347389752,1.541790789,39.6023289,224.1572743,5.190657352,3.102320934,1.55292611,2.079934679,1.746671745,1.118834937,0,26.20689655,39.31034483,0,4.137931034,27.27078321,1.379310345,6.468858594,5.533279872,1.33698105,90.06692453,360.4203088,3.617278708,6.382827177,1.911897897,2.127968404,1.122183949,0.810607271,0,52.94117647,58.82352941,0,15.29411765,35.30323757,1.176470588,-0.346557228,-3.310533516,0.000991901,0.14687322,0.001522979,0.10208438,0.660603092,3.838345061,2.948261681,0.0170089,2.544059212,0.166845997,0.018835241,0.585512595,0.002051546,0.035666642,0.786549441,0.009915339,0.37909883,0.007047364,0.043023609,0.101645046,0.882259747,0.417124856,2.577562851,0.89658474,4.272388746,NA,NA,NA,NA,NA,NA,NA,NA,NA,NA,NA,NA,NA,NA,NA,NA,NA,NA,NA,NA,NA,NA,NA,NA,NA,NA,NA,NA,NA,NA,NA,NA,NA,NA,NA,NA,NA,NA,NA,NA,NA,NA,NA,NA,NA,NA,NA,NA,NA,NA,NA,NA,NA,NA,NA,NA,NA,NA,NA,NA,NA,NA,NA,NA,NA,NA,NA,NA,NA,NA,NA,NA,NA,NA,NA,NA,NA,NA,NA,NA,NA,NA,NA,NA,NA,NA,NA,NA,NA,NA,0.112905292,0.639456901,0.030487545,0.947964972,0.693519494,2.043198437,2.672591458,0.019431133,0.086875965,0.235562635,0.260617586,1.795305529,0.035613321,0.114191105,0.486724407,0.178689691,0.079145127,0.279387638,0.017630138,0.054201675,1.864235067,1.47759441,1.307788966,0.66191135,4.165993389,0.050639524,0.010086727,0.006763772,0.10593731,0.077475244,0.628759299,0.099709109,0.473350361,1.063694361,0,0,0,3.773584906,0,15.09433962,0,9.433962264,39.62264151,0.867650321,2.094122129,1.02750334,0.4694847,0.932996933,1.113340206,0.879651216,0.921153035,1.096453925,1.408450704,0,0,-3.773584906,0,3.215519532,0,0.425192665,1.222428913,0.39800719,2.089595596,2.734186409,0.79751371,1.149112654,1.215097183,1.154879794,0.993060513,1.134093988,0,0,0,-2.793192749,0,8.435072142,0.980392157,-1.590825009,5.475397706,1.849745547,84.25051796,172.7330074,1.132190702,4.828847778,2.140228081,2.062253034,2.003374059,1.106832441,0,30,43.33333333,-2.662473795,5.555555556,33.79454927,0,21.67714885,5.932914046,0.969980354,121.0656371,209.67501,1.395950807,6.171112903,2.327637177,1.547911052,1.21413855,0.736731633,0,40.81632653,46.93877551,-1.732768579,12.24489796,37.96688487,0,6.892568348,-15.13284559,0.016978165,1.897125727,0.12215115,1.252309997,1.512797819,3.294781202,3.048320481,0.3384591,0.774374091,0.313655333,0.340383677,1.527399935,0.106610285,0.191540006,1.054679249,0.39727918,0.145390043,0.428532215,0.020582248,0.104772402,2.997270456,1.847284042,2.208074292,1.18479608,4.948958448,0.042346332,0.001697487,0.022080965,0.021863963,0.112682383,1.429694126,0.357459987,0.464101403,1.62163441,0,0,0,0,0,42.85714286,0,14.28571429,85.71428571,0.821651782,54.67959961,0.452216533,0.444434254,1.383815794,0.881355218,0.466588449,1.463237438,1.013204082,0,0,0,0,0,-2.857142857,0,5.714285714,-15.71428571,1.783217389,44.82869317,3.120889249,1.026007211,3.476638688,0.739749883,0.209940948,1.411206006,1.250489478,0,0,0,0,0,-6.493506494,0,-5.194805195,9.74025974,6.625388859,556.9939459,52.76573202,3.736235104,5.559502088,1.556862598,1.490056103,2.480821488,1.123780901,0,30,40,0,10,37.14285714,10,15.71428571,-5.714285714,0.003448856,1198.548726,78.33832369,0.054808369,5.197722675,1.434709251,0.157973992,1.180118026,0.45192432,0,100,50,0,0,57.14285714,0,-14.28571429,-85.71428571,1.337266375,1.606272586,0.083804158,4.389825872,1.106452139,3.289454645,2.778759854,0.319984486,0.574093024,0.134719316,0.259311636,1.389286148,0.078826274,0.162858455,0.880876436,0.361792809,0.203054192,0.275077279,0.030626691,0.062632874,3.193829838,1.752268127,1.862626089,1.258755519,4.608333078,0.077286795,0.054537085,0.015509588,0.086854767,0.15830001,1.240493625,0.134010352,0.749057191,1.756722661,0.181488203,0.181488203,0,0.362976407,0.725952813,37.74954628,0,17.24137931,78.40290381,1.121806201,1.862542913,1.262454386,0.903175533,0.768011426,1.032775104,1.136636494,1.010570142,1.037009733,-0.181488203,0.15073771,0,-0.141492464,-0.725952813,3.667950952,0.775193798,1.031045939,0.999089544,0.935321988,0.788607774,1.332677684,0.864273983,1.10927678,0.867536636,0.899842452,0.931575476,1.014670443,0.017055807,0.017055807,0,0.166474288,0.200585903,-4.923603195,0.463269358,-1.887309158,-1.764915724,2.567067737,19.95741149,102.243494,2.284397435,2.700289745,1.408311139,2.081113983,1.825755315,0.961422423,0.296980696,39.53143046,64.59330144,0.833195842,6.331463455,27.56145851,0.956937799,36.94522356,-4.83831051,1.080289648,30.43798624,117.4231589,2.774643731,3.17441165,1.732575898,2.222285176,1.614370296,0.908028185,-0.181488203,62.63439627,68.95306859,1.442077745,9.382350436,35.53565228,2.527075812,26.07992033,-11.6159002,0.247091595,1.877835815,0.30096488,4.403677151,1.220097215,3.193414315,2.965417618,0.37107609,0.738781356,0.950529258,0.514876254,1.386902284,0.159192662,0.24108702,1.17224295,0.523417429,0.279706847,0.358508633,0.040201155,0.136028689,3.210481751,1.945575143,1.842266312,1.370105118,4.860784115,0.15508904,0.07438735,0.021994711,0.084016013,0.222760906,1.239404311,0.203101933,0.777542317,1.871280408,0,0,0,0.961538462,0,39.42307692,2.884615385,22.11538462,84.61538462,0.539911458,2.139147541,1.007500382,1.510952388,0.62559965,1.183712305,1.074057142,1.041754609,1.071938392,0,1.612903226,0,0.651364764,0,8.426385443,-1.809346567,-1.14764268,4.094292804,0.751097605,0.800352152,1.31284034,1.298816316,0.839520817,0.937132064,0.840613848,0.94545774,1.052031131,0.680272109,0,0,-0.281266353,0.680272109,-3.708791209,-1.864207221,-3.067765568,-2.982731554,1.205461939,10.23617074,48.83474646,2.087781089,1.467482971,1.295941875,1.607028218,1.831318547,0.877330862,0.854700855,27.35042735,44.44444444,0.747863248,3.418803419,17.84188034,-1.175213675,36.0042735,-11.11111111,0.473764244,13.54536388,53.75445194,4.449541729,1.271087403,0.986346746,1.144693682,1.305400457,0.798604351,0,36,46,7.038461538,4,-1.423076923,-0.884615385,11.88461538,-22.61538462,1.690758138,1.987910076,0.108252647,4.881108675,0.252807186,3.931411959,2.545138715,0.16422017,0.40137504,0.292560061,0.302524244,0.294016003,0.069573212,0.102494595,0.736848014,0.25167176,0.176457202,0.168545851,0.018625112,0.083179425,3.100780313,1.173375294,1.703988686,1.085108868,4.839596886,0.050003019,0.038819121,0.019085239,0.093601231,0.129061842,1.248698893,0.129476815,0.563681375,1.605011698,0,0,0.16722408,0.334448161,0.334448161,39.96655518,0,9.698996656,67.55852843,1.031483967,1.234092783,0.832502324,0.798434829,0.563143936,0.795245575,0.854893394,0.828664354,0.975085546,0.143369176,0.071684588,-0.095539492,0.239028542,-0.262763573,-8.210282783,0.788530466,-0.595054003,-2.182184342,1.096992577,0.930142666,1.107828504,0.636340995,0.921021853,0.741383494,0.689413684,0.82693901,1.004084987,0.264830508,0.158898305,-0.061291877,-0.122583754,0.195212856,-11.84155518,0.158898305,-1.065522079,-1.827596225,2.186035975,23.78138082,70.83643531,1.308778475,2.400917697,1.191297938,1.397279799,1.491642883,0.96456135,0.297619048,32.73809524,52.66015687,-0.036829113,3.236980411,14.79534958,0.892857143,15.74743192,-2.528766523,1.101829513,45.29254381,92.96029839,1.836867724,3.001562781,1.396894624,1.338996101,1.533359441,0.943198339,0,65.38461538,66.659699,-0.334448161,5.915551839,19.1680602,0.480769231,20.58946488,-5.058528428,0.008508788,1.22424513,2.803801589,5.176010933,1.056264523,4.647544023,1.993436027,0.088658521,0.243426899,1.274267031,1.317586428,0.155769459,1.176560025,0.117777191,0.542998389,0.202699752,0.122261842,0.142033078,0.005864252,0.391711857,3.535967503,0.854822153,3.177542108,0.493169271,5.534039436,0.00054916,0.001735553,0.035658311,0.171746705,0.046293553,0.258342186,0.035677187,0.059488783,0.407563564,0,0,0,0,0,0,0,0,0,469.9730831,0.895324746,3.049491855,0.44452986,0.549640288,2.391092295,4.292223545,10.09366632,5.228282304,0,0,0,0,0,0,0,0,75,114.7041092,0.208834218,0.001599482,0.005013658,4.692313928,5.12981662,7.168395439,3.43637737,3.035362622,0,0,0,0,0,44.44444444,0,0,55.55555556,0.434660152,0.14526637,0.115316084,0.000471545,0.003790347,0.000503018,0.003738169,2.246594274,0.000223564,0,0,0,0,0,0,0,0,0,633.7435273,1225.363064,66.44490358,0.181079937,11.55861561,8.377773386,3.350520727,9.970054139,3.411863936,0,60,80,0,20,80,0,20,40,0.004576437,1.442434871,0.850728781,3.984882144,0.320919648,3.709966325,2.360144529,0.087758671,0.073842962,6.816568098,6.391981071,0.082605882,0.215752809,0.036335049,0.777481278,0.115609396,0.023571741,0.085415812,0.405362141,0.470956873,1.731511887,0.710492663,0.969883453,0.297906399,4.160681201,0.00092466,2.267563165,0.001635955,0.000193236,0.00039008,0.236226722,0.000583535,0.000442812,0.463891984,0,50,0,0,0,0,0,0,0,3.282918957,1.578198203,55.09220869,14.56221067,11.55056121,0.004058459,1.266288047,3.051803817,1.74371344,0,50,0,0,0,0,0,0,0,21.03390662,1.18108409,0.328161884,3.069349023,649.9183659,4.051361026,0.009294641,639.8192516,1.504978347,0,30,0,0,0,40,0,0,40,1.385492705,1.121549774,897.9807656,16.25260439,1365.104848,11.29627241,1.056354284,1812.50388,2.241221594,0,50,50,0,0,100,0,50,50,90.66028136,0.605700061,232.3094394,1093.612041,1.516904524,2.997719319,2.348084595,263.7010342,1.310051366,0,-16.66666667,0,0,0,33.33333333,0,0,33.33333333,1.594528844,0.88878703,1.402972032,0.36710694,0.037546487,0.367343101,2.316060751,0.005065705,0.035084183,4.135798929,2.5162073,0.017293728,0.194613864,0.019646477,0.653766316,0.012055682,0.019049118,0.088546606,0.016696577,0.861165571,0.064281592,0.647059585,0.112553602,0.118635877,3.814828685,0.01768614,0.040174336,0.007302274,0.048134252,0.024434111,0.471186652,0.04429967,0.162362707,0.296203202,0,0.62305296,0,0.62305296,0,11.52647975,0.46728972,1.713395639,6.230529595,0.858689032,1.094392141,0.509538241,0.707589204,1.116705346,0.858226982,0.972915567,0.994793051,1.033737095,0,0.354724818,0,-0.267497404,0,-1.926479751,-0.378400831,-0.557840083,-0.452751817,1.027025092,0.773399484,0.609826086,0.530516201,1.004387061,0.942116165,0.882967102,0.792508511,0.973214833,0,-0.058878065,0,-0.552531098,0.141043724,-0.454547452,-0.185202273,-1.008177021,-0.165649482,1.244556581,11.0703703,190.5828344,1.935743303,37.67957823,1.638424053,1.779671537,2.472957017,1.589520161,0,12.0805301,52.28013029,0.354145738,30.61889251,13.22922057,-0.141556821,8.058591332,7.938851512,1.055775281,3.109285358,63.11237665,0.937723317,10.25058233,1.127016017,1.012733938,1.591150336,1.131424481,0,2.304236937,15.39187913,-0.434195547,6.137865911,3.015541024,-0.46728972,2.724753559,2.079196562,2.534201356,0.256482303,0.026235963,0.203935157,0.044549959,3.603022446,2.188901414,0.003760778,0.021753188,0.138969762,0.086691013,0.063899542,0.007297992,0.01464829,0.135147039,0.062012599,0.012884018,0.050966929,0.006702375,0.262483026,1.390207958,0.318289439,1.426572823,0.241458463,3.285668356,0.007849489,0.003342308,0.003622984,0.013341524,0.027868748,0.275124042,0.014679649,0.091315333,0.297387791,0.085397096,0,0,0.085397096,0.085397096,6.57557643,0,0.426985482,8.625106746,0.881056173,2.412498599,0.353230731,0.97225426,0.740921482,0.967910507,1.029113678,1.005819357,1.064658665,-0.085397096,0,0,0.035888531,-0.024754283,0.095133091,0,0.24008547,-0.317041252,0.616294731,1.615813009,1.250514383,0.756264552,1.024155628,0.916813478,0.831416754,0.922052545,1.162328669,-0.085397096,0.046189376,0.092378753,0.006981656,-0.03920772,-0.940472504,0,0.081097658,0.658957919,1.942596316,84.323075,146.6210306,1.557536697,3.936966371,1.629642604,2.067649498,2.168319387,1.106247962,-0.085397096,7.630769231,17.47692308,-0.023858635,1.822295211,6.778269723,0,3.819168364,0.544124023,1.085293631,320.5436309,303.0500935,1.717069618,9.152668762,3.21749942,1.967697123,1.37041252,0.975520327,-0.006470498,35.35911602,38.67403315,0.151382698,7.017996747,23.33760431,0.078926598,2.17759226,-1.679566099,36.99525919,0.396174852,0.017342384,4.184050587,0.267488041,3.060109281,1.940670943,0.024881653,0.072009553,0.063662034,0.093271285,0.125808372,0.013345837,0.025634072,0.180595399,0.078121634,0.04291526,0.054422687,0.005615548,0.026399495,2.204413203,0.506952608,0.909510846,0.37198309,4.040851341,0.017188167,0.010478597,0.007343748,0.024581156,0.035520915,0.492127215,0.036054017,0.226673612,0.57554598,0.040198312,0.040198312,0.053597749,0.24118987,0.087096342,14.23690205,0.107195498,3.189066059,17.72075573,0.721409066,1.220189033,0.611300334,0.931995518,0.704348193,0.912824716,0.777613975,0.82271389,0.947687501,-0.024765618,0.002241597,-0.015016013,-0.005841284,-0.009932871,-1.647681787,-0.010741159,-0.723693167,-1.323518181,0.660679325,0.832459406,0.76545798,0.717626007,0.939961075,0.82031735,0.699422545,0.792257638,1.019261512,-0.0240776,-0.001508603,-0.037477037,-0.092879321,-0.009716925,-3.348973239,-0.039488508,-1.012769954,0.369907155,1.918056636,44.71812929,113.6648002,1.49775473,3.652432922,1.482594319,1.568479612,1.828329763,0.995889166,0.030448103,14.33193168,29.25583355,-0.055743031,1.374401362,9.778463545,0.069420539,7.165049094,-0.076813658,1.095189168,144.8770652,223.0186047,1.931718792,7.59687306,2.826651387,1.834801824,1.539655182,0.954757283,0.007921989,51.56882424,58.70730451,0.005426671,5.476813432,34.71347389,0.07325563,4.41394146,-1.750830916,54.79391162,0.115714101,0.013814723,2.51411803,0.083277074,0.637545569,1.393275824,0.004407551,0.014187936,0.082131582,0.038343027,0.040647885,0.004005617,0.007652984,0.051855758,0.031143891,0.00956393,0.017082373,0.002550982,0.036620782,1.063502688,0.227194295,0.401060842,0.105480737,3.559956875,0.003399612,0.002999684,0.002131665,0.006408304,0.006712929,0.189468502,0.009422137,0.051877924,0.124864902,0.006656239,0.029953074,0.023296835,0.079874863,0.023296835,4.612773322,0.023296835,0.269577662,2.000199687,1.085306614,1.271327908,0.823817449,1.375335085,0.965551459,1.019555735,1.096098008,1.149283,1.232571626,0.001831045,-0.015807601,-0.020467741,0.070067141,-0.017638646,-0.029640383,0.016310487,0.120837366,0.885476608,0.894134472,1.024666814,1.093737198,1.298429122,1.456885139,1.001145997,1.186183969,1.153740282,1.437370855,0.002665453,-0.01130969,-0.020189604,0.031985436,-0.001546221,-0.032715527,0.020204392,0.112611693,1.622831105,2.817308421,83.87587178,254.0910819,2.15536445,8.714241116,2.208953454,2.363201831,3.135724945,1.503225737,0.007714881,6.227232486,16.50636516,0.03796832,0.672265363,7.036456386,0.037061868,2.136147792,1.756411028,2.061146943,377.8927658,573.9736016,2.733371344,18.7425967,5.0866698,2.551516065,2.35637676,1.381577068,0.007081912,37.45321769,43.3040833,0.073992427,1.911034804,27.84223423,0.031655768,1.22788078,1.077146102,100,0.297015748,0.041313831,3.094174988,0.1859909,1.70896506,1.677713608,0.019288313,0.051776326,0.148741443,0.109384593,0.100487643,0.013383233,0.018950041,0.139917389,0.05776058,0.028266131,0.040109786,0.004841538,0.053185742,1.544647598,0.383167225,0.664017009,0.245865229,3.780080989,0.00984735,0.0071466,0.00425955,0.015125419,0.020399071,0.321704145,0.022128102,0.125477453,0.314139963,0.020657743,0.043381259,0.033052388,0.15080152,0.055775905,8.802264089,0.059907453,1.569988432,9.031565031,0.993228292,1.519626173,0.816143038,1.16366097,0.878231042,1.054066971,1.040887351,1.056235027,1.184294961,-0.00574928,0.008798358,-0.015162234,0.048971871,-0.019995596,0.435018993,0.029543319,0.141503011,1.941063033,1.063949146,1.177098201,1.161607781,1.070608295,1.403968155,1.060141225,1.065273126,1.138614395,1.42479554,0.004606125,0.008550023,-0.017613358,-0.010446703,0.028436985,0.340448689,0.015884148,0.237781611,4.786366701,2.312210466,49.85089165,160.5841738,1.827148205,5.110518597,1.793477993,1.91544059,2.287602632,1.200337379,0.024679045,10.18330268,22.78106678,0.019211433,1.395001297,9.157580471,0.074483738,5.007084107,1.941556731,1.171857554,172.7355334,313.5807882,1.935275702,8.735551659,3.400180987,1.791656827,1.6088337,0.969668845,0.00427636,41.2332448,47.51628152,0.048671301,3.249773714,28.61491907,0.048733994,2.17547,-1.314460236UPN56,0.210399394,0.324393833,0.029114462,0.412871356,2.241932108,0.40109757,0.611214014,0.08401065,0.054486732,0.029732282,0.085291073,0.07329806,0.011464071,0.009476124,0.22983671,0.020101493,0.141607591,0.0154811,0.002204021,0.046621111,4.552032645,0.102641321,1.172040155,0.293144293,4.706940923,0.019668225,0.002351777,0.007262951,0.00932731,0.018871588,0.262145368,0.004029111,0.051799032,0.243899083,0,0,0,0,0.793650794,4.761904762,0,0,5.555555556,0.230689625,3.663727994,1.96894375,0.492054808,0.003181437,1.623307517,4.639982724,0.710333973,0.620952239,0,0,0,0,-0.793650794,6.832298137,0,0,-5.555555556,0.679513002,1.744624806,1.017072749,0.058985341,0.246084776,0.872871271,6.02124852,0.766339651,0.803386528,0,0,0,0,-0.793650794,0.595238095,0,0,-2.876984127,0.059610255,128.7233905,69.83050871,1.863598382,4.745640482,3.561151456,13.65702002,1.769738791,0.742042342,0,7.462686567,11.94029851,0,0.69888652,26.58137882,0,1.492537313,-1.077943615,0.393360942,4.842804243,0.051776508,8.533973041,0.485295484,1.562443303,15.30081311,0.194985153,0.864121317,0,0,0,5.263157895,-0.793650794,0.501253133,0,0,-0.292397661,0.123789072,0.441634572,0.040968644,0.587470897,1.892411182,2.072293608,0.244341931,0.146766771,0.107402675,0.024188419,0.097483971,0.069207316,0.01818174,0.015803833,0.280798065,0.021338231,0.138183208,0.011621746,0.00263298,0.070186317,4.906833311,0.133789608,1.611488569,0.375894897,4.72848899,0.000295661,0.000274655,0.001390355,0.008246391,0.001997338,0.35951186,0.018787319,0.041210886,0.2402579,0,0,0,0,0,11.86440678,0,0,1.694915254,53.86768518,39.97570502,0.019092907,1.914037909,0.052514317,2.103361205,0.308851781,3.329095416,1.715882064,0,0,0,0,0,9.289439374,0,0,7.920469361,0.051958521,0.823997091,0.207472968,0.026369083,8.606382711,0.415110642,2.512769058,0.464793941,1.142571396,0,0,0,0,0,-11.86440678,0,0,0.123266564,0.534633748,1531.222099,410.6357753,3.140741558,16.63733638,3.275432436,1.324580241,3.416464888,1.040834534,0,9.756097561,7.317073171,0,0,34.47705663,0,0,8.061182307,0.044239055,29.00135381,0.106634939,5.832961859,0.031907112,1.443474227,6.100498459,1.867616267,1.573039342,0,0,0,0,0,-1.33809099,0,0,3.56824264,0.288069305,0.624769874,0.104584796,0.718916974,1.874194304,2.270142693,2.087851328,0.249766732,0.216282508,0.121149559,0.248415496,0.211085556,0.042340166,0.030236819,0.644039729,0.065287765,0.295827782,0.092808873,0.026555069,0.096559117,3.734837291,0.483879368,1.773211923,0.814097518,4.036709,0.025350584,0.00916154,0.003403107,0.030154464,0.042418359,1.429079255,0.102978422,0.198094003,0.826420489,0.364963504,0,0,0,0,44.16058394,1.094890511,2.919708029,24.45255474,1.184282576,1.664275338,0.293265612,1.604939628,0.133962363,0.700677017,0.832977402,0.917092317,0.78414084,-0.364963504,0,0,0.684931507,0,-10.59894011,-1.094890511,-2.234776522,-5.95940406,0.356843698,1.252710891,0.045744438,0.920724709,0.536517951,0.559018144,0.844874031,1.124458877,0.652940972,-0.364963504,0,0,0,0,-22.46247073,-1.094890511,-0.08951935,-11.24500757,1.882054594,48.48363454,162.2284024,2.224040266,2.881549979,0.90277372,1.517248602,1.013160857,0.771042521,-0.364963504,15.49295775,19.71830986,0,0,-6.132414928,-1.094890511,2.714094788,-7.551146294,1.049999309,7.448745297,26.59971438,3.048809657,1.617104106,0.685512131,1.292394081,0.893036464,0.666471766,-0.364963504,1.960784314,1.960784314,1.960784314,0,-14.74881924,-1.094890511,1.001860598,-10.72706455,0.008880197,0.704575974,0.08762102,0.707971845,1.722812419,2.707069598,1.86764046,0.585594218,1.610775763,0.139813412,0.140864162,0.256663184,0.092881054,0.0863759,1.078610838,0.159838509,0.562436382,0.109798865,0.042777829,0.031016798,3.740334657,0.77713532,2.321769544,0.908065455,3.315682417,0.048522098,0.012009973,0.006970927,0.227902114,0.107123526,1.34429573,0.044853179,0.290183838,1.555746732,0,0,0,5.555555556,0,38.88888889,0,0,55.55555556,0.04568086,0.27680567,0.130814019,0.004139481,0.006529539,3.151497861,15.5953849,1.342811844,1.373069316,0,0,0,-5.555555556,0,61.11111111,0,0,44.44444444,1.462484932,0.060965687,0.052083046,0.005296497,1.192602354,0.530654631,0.674993436,1.616481809,0.613471437,0,0,0,-5.555555556,0,-13.88888889,0,12.5,-18.05555556,0.034205012,0.055576332,58.57138132,0.008977836,0.014753444,0.662330119,2.387791564,0.061776796,0.189026275,0,0,0,-5.555555556,0,-5.555555556,0,0,-55.55555556,1.40615447,9.936935055,0.03182872,0.007381903,5.665225577,1.19969024,0.180935457,0.497570731,0.469837831,0,0,0,-5.555555556,0,11.11111111,0,0,-5.555555556,0.222437492,0.320991781,0.04805359,0.933427789,0.377193296,2.206980739,2.825509862,0.196425172,0.252251615,0.14165329,0.121129994,1.847916505,0.025207985,0.03857778,0.692774976,0.398745935,0.118178476,0.27188988,0.032497839,0.022709203,1.693540371,1.341218945,0.8611179,0.666704424,0.902232329,0.051566913,0.023049185,0.004486128,0.061770735,0.067371541,2.284508921,0.152553191,0.66725367,1.031365607,0,0,0,0.470588235,0.235294118,67.52941176,0.235294118,17.88235294,36.47058824,0.962507458,1.183698667,0.334693518,0.964251497,0.828466643,0.721641926,0.889568798,0.834176463,0.707153225,0,0,0,-0.470588235,-0.235294118,-16.99177736,-0.235294118,-2.8285895,-13.88994307,0.949168618,2.442957748,0.00330465,0.795208494,1.266387056,0.694956596,0.500890087,0.780345845,0.690543331,0,0.970873786,0,-0.470588235,0.735579669,-16.07310109,-0.235294118,-4.290119931,-18.99486008,1.30648402,3.242112772,35.89592042,0.95299373,1.121355492,0.631613924,0.662117332,0.931306947,0.712694473,0,2.5,5,-0.470588235,-0.235294118,-21.27941176,-0.235294118,-2.882352941,-13.97058824,0.097714105,6.13452599,67.10983215,1.070354132,0.739873793,0.872010854,1.782125279,0.666565247,0.591891527,0,3.125,12.5,-0.470588235,-0.235294118,-5.029411765,-0.235294118,-5.382352941,-27.09558824,0.143608024,1.11056509,0.209071623,1.48412795,1.074056998,2.931227411,2.822775185,0.983909049,1.143892298,0.263331063,0.283197765,1.383378155,0.074173103,0.082450953,1.447295234,0.625584188,0.348589683,0.342964833,0.033124154,0.10974861,3.010158765,1.704297267,1.789599874,1.173817777,2.075784759,0.12981748,0.048488842,0.014342332,0.129154646,0.14149752,2.003512455,0.181269689,0.871811636,1.360825826,2.136752137,0.427350427,0,0.854700855,0.427350427,58.11965812,2.136752137,27.35042735,53.41880342,1.433319529,1.345858619,2.159706825,0.447469688,1.379496588,1.014040731,1.137586904,0.962948391,1.007051525,-2.136752137,-0.427350427,0,-0.854700855,1.459442025,7.918077729,1.636832769,-4.708917916,5.071762619,0.397141065,0.313725875,0.148747632,0.606322228,0.612690118,0.761068324,0.794044981,0.756604544,0.919729749,-2.136752137,-0.427350427,0,-0.854700855,-0.427350427,-6.452991453,-2.136752137,-9.017094017,-3.418803419,0.867290459,4.223236783,22.30373372,2.280107794,0.53268955,0.838887828,1.426776039,1.038797183,0.947946808,-2.136752137,4.572649573,7.5,4.145299145,-0.427350427,4.38034188,0.363247863,0.14957265,1.581196581,0.743339386,6.893033679,26.09626902,2.061810281,1.040417604,1.012336544,1.57602081,0.97043412,0.960705132,-2.136752137,7.905982906,8.333333333,-0.854700855,-0.427350427,12.71367521,2.02991453,1.816239316,-7.585470085,2.496102465,0.974818845,0.092100797,4.074341631,0.23313238,3.532320671,3.159912786,0.775164224,1.036065305,0.145581244,0.109488858,1.568708059,0.05499259,0.085477383,1.530973361,0.808214352,0.345150134,0.346381697,0.045385232,0.027074329,2.312079518,2.107185995,1.446806666,1.311051828,0.592190089,0.141111781,0.045520764,0.012534361,0.104192417,0.121312624,2.832342377,0.218144289,1.1996181,1.434874032,0.593231765,0.175273021,0,0.444923824,0.242685722,81.27275179,1.550492113,43.9665633,60.02426857,0.982191698,1.143388356,1.022246745,1.061626104,1.185813047,0.867369795,1.070922804,0.927990866,0.90617279,0.119599192,-0.175273021,0,0.064241146,0.164646254,-2.657680503,0.180668783,-4.455361671,-7.987608694,0.869355949,1.627279518,0.792089304,0.952724457,1.125241497,0.881861088,1.012885025,0.953266663,0.89023587,-0.110722718,-0.05464576,0,-0.324296562,0.360450587,-5.639458662,-0.344219495,-3.797685134,-9.963954941,1.489230468,3.218409631,21.21165983,1.889147825,1.026339683,0.743709077,1.379689642,1.089860564,0.828605049,0.679916383,1.67657883,5.439814815,0.828224324,0.1045365,-11.01812216,0.301359739,7.885288551,-16.27426857,0.872038909,9.657691447,56.02460337,3.736880867,1.223465686,0.920938359,1.859691591,0.956891045,0.826795303,-0.021803193,9.824726979,24.28571429,4.412219033,0.614457135,-3.844180358,2.163793602,-2.252277586,-12.30998286,0.355625081,1.320383122,0.408708956,4.080613931,0.332801113,3.436128264,3.271691633,0.969812893,1.325516552,0.939142759,0.318779962,1.528090133,0.120596679,0.135626341,1.823728795,1.216784819,0.476161602,0.419757288,0.057723859,0.068494279,2.386757863,2.34909254,1.596897827,1.29838681,0.813597688,0.262829112,0.07953197,0.021037607,0.173702988,0.196543742,2.923352259,0.331978753,1.370358112,1.757517442,2.270381837,0.206398349,0,1.651186791,0.515995872,77.50257998,4.127966976,55.00515996,75.23219814,0.628685335,1.437188314,0.271453855,0.87025995,0.951796786,0.777692599,0.907358357,0.833693808,0.875935844,-1.656884904,1.020595516,0,-1.037689858,0.09750106,-11.24491127,-1.060482314,-12.06037468,-10.2015233,0.725488131,1.300342256,0.614862122,0.958984256,0.798903084,0.719925564,0.788883045,0.75033024,0.910555622,-0.617489275,0.620047932,0,-0.82474051,-0.515995872,-18.82489403,-0.822181852,-21.12086244,-7.463603101,1.296262059,1.432906468,10.98544018,1.654743375,0.771181698,0.656639766,0.789227401,1.012374133,0.8487619,2.95349876,0.539870308,5.223880597,-0.158649477,-0.515995872,-15.56228147,-4.127966976,3.203795265,-13.29189963,0.225758328,5.955606271,37.63334017,2.735205081,0.993297132,0.845166119,1.133915087,0.799200312,0.831306339,-2.270381837,11.33206319,21.15384615,7.964197825,-0.515995872,-6.348733826,1.641263793,-18.46669842,-13.6937366,1.241489751,1.783885222,0.353625218,4.964213249,0.03625569,4.30546265,3.047040674,0.550291846,0.879863292,0.225985121,0.11198254,0.229624344,0.049598933,0.054806396,1.624843065,0.501601365,0.388789892,0.251224534,0.052910039,0.049810493,1.801607883,1.715960971,1.317863953,0.868789191,0.302239811,0.095114784,0.04151819,0.011473675,0.089768843,0.082738132,2.394148613,0.130385157,0.693856045,1.081339937,0.301659125,0.150829563,0.050276521,0.477626948,0.175967823,70.43740573,1.005530417,18.77828054,38.73805933,1.162621775,0.976769165,0.641794147,1.257335651,1.246517604,0.876332639,1.166272727,1.123400223,0.961191392,0.180268586,-0.150829563,-0.050276521,-0.477626948,0.064996032,-4.172345491,-0.764566562,0.01690018,-2.111553302,0.918196885,1.311936383,0.64166632,1.092214771,1.274864016,0.849684539,1.073865442,1.007726547,0.846615935,0.439081616,0.342997598,-0.050276521,-0.477626948,0.317859337,-5.992961287,-0.017876096,-2.235070666,-12.31830624,1.563050843,2.66046076,25.5801495,2.481889187,1.5469777,0.717325474,1.35642928,1.26944348,0.916379812,0.420362535,1.654224589,6.808929255,0.966416373,1.629086329,-14.48072703,-0.283508757,10.46359671,-7.691127918,1.287232355,4.934515659,26.44702609,3.297992377,1.751676175,0.874060234,1.675173288,1.268133026,0.835980437,0.698340875,3.849170437,7.949723479,2.522373052,0.824032177,-6.437405732,-0.005530417,7.221719457,-13.73805933,0.069832137,1.627578319,2.879663126,4.098840868,0.303614258,4.134145706,3.340568825,0.228972965,0.459621318,0.431475951,0.422499658,0.090214099,0.270966769,0.111105277,1.819975694,0.409750956,0.303387862,0.396264391,0.12207721,0.301942396,1.460994015,1.781787492,1.60836179,0.527113033,0.664710971,0.127494245,0.02681682,0.01526197,0.083294879,0.10693476,2.733353983,0.215655736,0.54614562,1.577165307,0.337837838,0,0,0,0.337837838,72.2972973,2.027027027,14.86486486,62.16216216,1.616683861,1.731182434,0.006704824,3.597096209,1.769570695,0.912106363,0.726781336,1.612522052,1.032556063,-0.337837838,0,0,7.142857143,-0.337837838,-4.44015444,-2.027027027,17.27799228,-1.447876448,1.482029529,2.183598627,0.916615207,0.455482122,1.667657804,0.679146569,0.304436684,0.55495413,0.846879857,9.662162162,0,0,0,-0.337837838,-17.2972973,-2.027027027,-9.864864865,-7.162162162,1.585875602,10.33939879,22.13824171,3.440414097,3.191780315,0.878587626,0.419285229,1.744741129,0.949524017,-0.337837838,7.692307692,15.38461538,0,7.354469854,4.625779626,-2.027027027,15.9043659,-0.623700624,0.434040662,40.62351029,101.8684946,3.863783256,7.335197723,0.820573137,0.695232748,1.605387346,0.486405338,-0.337837838,33.33333333,66.66666667,0,-0.337837838,27.7027027,-2.027027027,18.46846847,-62.16216216,0.007198637,0.500866708,0.3463073,3.930310126,0.11151205,3.618326199,2.736777731,0.446730386,0.069953899,7.277413917,7.280883506,0.188676857,0.206520145,0.079906539,0.59123357,0.139468185,0.035089274,0.088130453,0.446943492,0.165437796,0.792242559,0.724230369,0.694821484,0.356838666,0.667664556,0.020545756,2.921190123,0.02620973,0.017521676,0.021124221,1.935802614,0.033297974,1.836865891,0.321196602,0,70,0,0,0,60,0,50,10,0.088959909,1.531298378,0.094892442,0.774486172,0.015368849,1.30355455,4.384348496,0.909438328,0.003536782,0,30,0,0,0,15,0,-25,-10,36.55304517,2.318705807,0.08006794,0.129583061,22.27330298,1.261555985,0.04753944,0.438255849,4.8741337,0,30,0,0,0,40,0,-50,90,0.097904771,0.971679459,0.051867204,0.143062817,0.144835118,0.176621,0.015860343,1.315789204,0.003365692,0,-20,0,0,0,-60,0,0,-10,20.26159358,2.503586051,19.11377207,0.032770089,0.033092835,0.385649601,0.047127761,2.807932104,0.010528777,0,30,0,0,0,-60,0,50,-10,0.562664481,1.018053494,1.570069445,0.568712583,0.04213246,0.500257501,2.888538465,0.019265314,0.045951822,3.543137731,2.284450321,0.018129602,0.217911143,0.017036538,0.66233723,0.024122411,0.036803133,0.151974437,0.060695889,0.691881094,0.117417369,0.518415146,0.118245633,0.09757715,3.385399346,0.025613861,0.051521571,0.008404855,0.045229109,0.031475641,1.258298085,0.078104929,0.200793357,0.485485118,0,1.006289308,0,0.251572327,0,38.86792453,0.377358491,3.018867925,13.58490566,0.849835013,1.651642643,0.255236371,0.696580647,0.897470704,0.691415544,0.867122503,0.794162011,0.604903404,0,0.828573077,0,-0.251572327,0,-12.26241994,0.081357106,-1.642721136,-7.621602908,0.503734342,1.235601693,1.567576581,1.420545053,0.327832074,0.636943393,0.760983005,0.680556741,0.642495516,0,0.437754013,0.36101083,0.470449334,0,-16.84626388,-0.377358491,-1.935835434,-6.003678224,1.576814841,8.342133425,91.26585512,2.313608792,17.48132724,0.652974005,1.216086059,1.200009461,0.629724595,0,10.31446541,26.41509434,1.006289308,18.86792453,-12.45283019,-0.377358491,1.383647799,-6.037735849,0.634521466,7.623081132,21.81137471,2.399299121,5.218921258,0.463845232,0.611643037,1.382732611,0.60002646,0,6.836847947,5.882352941,1.709211987,3.921568627,-19.26008139,-0.377358491,2.863485017,-4.761376249,4.224258222,0.123052606,0.116580567,0.429724798,0.022046722,3.092402976,2.798923572,0.02710934,0.04638323,0.034306797,0.035214508,0.048237527,0.004333831,0.006314743,0.230155792,0.064955405,0.017672656,0.053960046,0.013346505,0.088966768,0.550707895,0.371789768,0.647515791,0.172186776,0.397650026,0.013890822,0.007404104,0.0041851,0.02215772,0.020738746,1.818269932,0.034786564,0.172461699,0.474777671,0.02284148,0.04568296,0.04568296,0.251256281,0.114207401,51.11923253,0.137048881,3.015075377,13.86477844,0.489030271,0.477819345,0.300616982,0.535888057,0.738913871,0.552552298,0.525296371,0.44977377,0.333090445,0.032285311,0.009443831,-0.04568296,-0.141002698,-0.003953817,-20.96487751,-0.081922089,-2.077919919,-10.8328049,0.60823492,0.393768885,0.302292099,0.485290538,0.630854553,0.596711669,0.610515331,0.501881876,0.349124865,-0.02284148,-0.04568296,-0.04568296,-0.119155885,0.017892996,-17.6537988,-0.004948484,-2.134406068,-10.03386694,1.021856344,1.594207164,7.52391087,0.966304006,0.74152331,0.308219082,0.587862004,0.560406792,0.307667605,0.160085349,0.01529265,0.259195089,-0.007353842,0.068719429,-33.25337887,-0.015097661,-1.368733913,-10.87697356,0.208605268,6.036978308,19.88429772,1.762114619,1.410492465,0.508664876,1.089771281,0.538724147,0.332128157,-0.02284148,0.733537819,1.642628728,0.138354108,0.535143249,-23.1971546,0.122691379,-1.976114338,-10.2284148,43.34616032,0.186394869,0.047378928,3.851802935,0.03176281,3.29922494,2.718712498,0.101123416,0.168065581,0.045319513,0.037527156,0.14436611,0.008056996,0.011607697,0.437161857,0.132786619,0.072953176,0.079588711,0.009212233,0.009074576,0.942762466,0.671141969,0.497827659,0.354095881,0.248113711,0.020956714,0.010339129,0.003390191,0.029313652,0.024968936,1.943469166,0.05476448,0.34017629,0.538335364,0.047355959,0.039463299,0.009471192,0.20047356,0.042620363,58.54143646,0.18468824,6.929755328,15.17284925,0.733876408,0.903210983,1.054542253,0.999054038,0.985184759,0.654559717,0.886683451,0.703773941,0.523003296,-0.006413103,0.001479556,0.019773705,0.086126429,0.010020451,-17.46405447,-0.032614777,-2.782828966,-8.967082157,0.643996331,0.946456308,1.003668885,0.737364674,0.684111493,0.631711745,0.68618805,0.622609117,0.473957658,-0.028330084,-0.006168018,0.02382409,-0.029240683,-0.01408155,-18.7345491,-0.051507114,-3.462289574,-9.888412416,1.033727413,2.045133826,16.62588409,1.264666837,0.912162741,0.415524488,0.902836159,0.798347568,0.460385535,-0.002130478,0.225428806,0.966107048,0.109644027,0.060752166,-32.31711808,-0.010247098,-0.979374141,-9.668262094,0.814467579,8.567883685,53.96900359,2.501354665,1.485797965,0.718197105,1.565677118,0.811711815,0.50012461,0.023245566,1.443168726,4.156018783,0.180774675,0.112702992,-13.29997925,0.281281825,-1.465197293,-9.044636881,46.69842538,0.038476394,0.015523753,1.535057875,0.01827326,0.72474707,2.059668923,0.018235367,0.027112975,0.028519374,0.015553144,0.038084735,0.002099911,0.002815337,0.111326565,0.05668939,0.012017669,0.018870012,0.008417862,0.027086234,0.403532442,0.190012961,0.200521602,0.087005215,0.299931011,0.005438739,0.004344325,0.001589635,0.016879279,0.007415266,1.378045647,0.022371879,0.125085396,0.194779586,0.009847366,0.024618415,0,0.280649926,0.009847366,40.71393402,0.113244707,2.008862629,4.505169867,0.482394067,0.532005644,0.71258832,0.486338268,0.438325777,0.55545942,0.476896164,0.390618933,0.294023844,-0.009847366,-0.01026984,0,-0.165861328,-0.000281649,-16.72789997,-0.089330416,-1.549708239,-3.84513543,0.48346448,0.753133953,0.764912999,0.451866581,0.492392509,0.545762647,0.475842316,0.424865867,0.314248955,-0.005386466,0.006607887,0.013382701,-0.164666521,-0.000925565,-17.45033943,-0.064174805,-1.437867402,-3.657598827,0.641117489,1.985435175,13.62640374,0.481461932,0.712134156,0.262119651,0.42031845,0.455491902,0.251616196,0.00194277,0.124723303,0.424444881,-0.150958435,0.060893448,-30.08316177,-0.066084165,-1.372195308,-3.892082817,0.41179419,3.560354531,28.90719528,0.83787576,0.707817865,0.52779261,0.609675467,0.381716989,0.212925216,-0.009847366,0.077803564,0.548258826,-0.117979725,0.002202279,-18.07265194,-0.052996484,-1.605199537,-4.053308197,100,0.166752947,0.053005439,2.586503421,0.045068159,2.084488619,2.423220911,0.086633848,0.133675675,0.066003293,0.044595616,0.137172788,0.008834542,0.010340006,0.333222858,0.120522193,0.053134659,0.057396412,0.010469753,0.025679659,0.748771988,0.493056425,0.414649335,0.257047001,0.334148211,0.032146036,0.014202631,0.004317568,0.036305371,0.03290383,1.911261041,0.066236872,0.377312697,0.571880933,0.114966046,0.067225908,0.009742885,0.263057902,0.06625162,56.76886953,0.349769581,9.442804392,18.03797777,0.421438256,0.58296229,0.589759691,0.593622408,0.548452994,0.547311485,0.533663386,0.444879591,0.359172012,-0.072152736,-0.017277046,0.002149701,-0.063262454,-0.018681275,-23.53860528,-0.211815581,-6.117637301,-12.95270792,0.352193151,0.61215945,0.578130294,0.474343182,0.4267693,0.53542699,0.441325464,0.408400937,0.332875248,-0.081499544,-0.017026155,0.013265335,-0.118733612,-0.026510148,-24.36702051,-0.224270198,-6.616976619,-13.6580493,0.518128348,1.428991382,10.80319621,0.702239478,0.54347726,0.30358297,0.488204497,0.450917134,0.279134927,-0.040500842,0.262226208,0.922200431,-0.023866639,0.107500524,-38.52715097,-0.2143783,-5.478096386,-14.23799582,0.27773368,3.309468368,22.85199676,1.095299231,0.576443213,0.501735333,0.64523045,0.362567475,0.237508967,-0.083227571,0.674660944,2.045323369,0.078130704,0.036898424,-26.50623365,-0.09982909,-6.768837876,-14.88396682UPN57,0.735414684,0.441399723,0.004588311,0.203679571,2.05365566,0.412845282,1.110218846,0.008841258,0.032211907,0.108016624,0.037084495,0.298980294,0.043347492,0.034902626,0.125252941,0.084979132,0.012867357,0.053782238,1.749698521,0.007933495,1.699484282,0.496260989,0.858111425,1.028868373,2.403607781,0.023776801,0.016742802,0.000911318,0.024036717,0.038708326,2.732691702,0.139638126,0.396861346,0.276796941,0,0,0,0,0,75.17730496,1.418439716,9.929078014,5.673758865,1.255329848,0.977445766,4.546982725,0.914012844,0.75710741,1.006030799,0.922278758,0.886398908,0.960910601,0,0,0,0,0.411522634,-2.749321425,-0.595394449,-1.698625339,-0.73548726,1.446238559,0.857146737,0.164112298,1.221280361,1.01803811,1.040900863,0.888879492,0.884240272,0.868113681,0,0,0,0,0.980392157,-2.628285357,-1.418439716,-2.085940759,-0.771798081,2.491193156,4.763236343,324.1478651,1.169362757,2.104390273,1.014447632,1.185332999,1.369356492,0.858898672,0.862068966,1.724137931,7.75862069,0,0.862068966,-8.79799462,-0.556370751,7.312301296,-0.501345072,1.739448581,34.91575212,646.8776951,2.709351194,3.845102797,1.098817309,1.414216364,0.865360631,1.151149661,0,20.27027027,16.21621622,0,1.351351351,-3.555683343,-1.418439716,-0.469618555,2.434349243,0.187679272,0.388525285,0.001155256,0.198393106,1.518333202,1.989159888,0.305899668,0.001215811,0.026235882,0.043634772,0.032184736,0.173325964,0.022097394,0.017508609,0.060499676,0.060729472,0.009200977,0.011023624,1.536911849,0.014418093,1.838987332,0.378274354,1.103553234,0.965685911,2.417495843,0.03570736,0.003712636,0.000206787,0.000102991,0.022149595,3.083487423,0.06923663,0.291782163,0.128996479,0,0,0,0,0,75,0,5.555555556,0,0.065522965,0.462149634,0.167327505,90.87033026,4.098807473,0.943014984,0.386349054,0.749994467,1.351210683,0,0,0,0,1.428571429,-0.714285714,0,-2.698412698,2.857142857,0.102909867,3.142099577,0.330065553,118.1485339,0.004996675,0.895808846,2.478177505,0.92832529,1.224164503,0,0,0,0,0,-6.578947368,0,-0.292397661,0,1.587277875,24.7494027,990.7198828,197.3230333,0.846958345,0.91001293,1.423469932,1.420354756,2.146659093,0,2.325581395,4.651162791,0,0,-5.23255814,0,8.397932817,6.976744186,0.0044735,71.30003511,1924.63515,714.4691117,3.04139314,0.745382647,0.552694383,0.890819011,1.352625469,0,4.545454545,4.545454545,0,0,-20.45454545,0,-1.01010101,4.545454545,2.064658344,0.942895062,0.020549676,0.471024425,1.761799399,1.98112543,1.997387467,0.009278393,0.079647,0.353880996,0.15762936,0.458677223,0.104908525,0.077311465,0.304062723,0.168593486,0.042645269,0.127104233,2.440278461,0.017370536,2.159696935,0.910019563,1.572881573,1.853749633,3.283362891,0.033526889,0.016758587,0.009164152,0.042774341,0.099882467,2.47102815,0.241680113,0.629386962,0.615083825,0,0,0,0.262467192,1.049868766,63.51706037,2.099737533,17.32283465,18.8976378,1.226436296,2.666634065,1.056723322,0.997214152,0.77974294,1.071425937,0.872103543,0.851153804,0.889218894,0,0.34904014,0,-0.087947122,-0.526308557,1.927965811,0.343543445,-3.535749131,-4.586992071,1.584138453,2.771468478,2.248439742,0.642708987,0.984936924,1.066258251,1.277818704,0.944562291,1.139006919,0,0.617283951,0.617283951,-0.262467192,-0.741226791,3.76689025,1.295324196,-0.038884028,0.546806649,2.515913596,14.79977115,45.97745306,1.799724599,1.641448274,1.074246,1.275739189,1.077803257,0.976351413,0.714285714,7.5,12.5,-0.262467192,0.378702662,1.482939633,0.757405324,4.46287964,-0.683352081,1.840429175,44.9898846,86.70071633,3.051212833,2.739655559,0.958059034,1.31032626,0.90339428,0.949844213,0.36900369,28.41328413,31.36531365,0.106536498,3.378175514,-3.369458891,2.697310438,-1.455675974,-3.030479124,0.012167353,0.708576606,0.013620906,0.661848007,1.139338128,1.495939655,1.224234073,0.000923952,3.381695959,0.23181694,0.081291302,0.298208547,0.04825364,0.044389222,0.419561981,0.17536782,0.055787996,0.060181008,2.364500145,0.000842825,1.573077608,0.749757356,1.195354502,1.753009769,2.715269495,0.001281172,1.54E-05,0.001082873,0.0002714,0.000597614,2.730929711,0.103264004,0.331395062,0.49123914,0,0,0,0,0,75,0,0,0,16.72489031,36.61666926,1.000745922,130.7668755,53.64494558,1.036129357,1.063936879,1.824333305,3.156953454,0,0,0,0,0,-8.333333333,0,0,66.66666667,220.7021756,56.80447172,0.898301304,389.7880271,2.272514211,0.763109353,2.435676403,0.916089556,1.696499541,0,0,0,0,0,-25,0,0,50,1.886924458,129.139154,0.171143889,7.274544156,2.780043103,0.000274289,0.005218501,0.001646138,0.002967493,0,0,0,0,0,-75,0,0,0,0.735871812,67394.32603,662.7511629,180.4966965,1117.650996,0.759041738,0.938292192,1.197636567,1.513425368,0,50,16.66666667,0,16.66666667,-25,0,0,16.66666667,2.535125839,0.979967262,0.020413345,0.663210817,1.315571543,1.780194318,1.91997416,0.014781623,0.09194657,0.342697544,0.143922276,1.850024256,0.117824377,0.08947317,0.405410178,0.354702128,0.052353022,0.158407382,1.886101873,0.015361914,2.604514888,1.43226688,1.624253378,1.823848696,3.035916311,0.075124883,0.02339665,0.013203442,0.048599263,0.112681352,3.426185372,0.345911956,0.948382951,0.934639775,0.389105058,0,0,0.389105058,0.778210117,79.57198444,4.86381323,31.51750973,31.71206226,0.957019812,4.068910233,0.643809596,1.071006646,0.868386946,1.066955695,1.050894394,1.008751619,1.031620918,-0.389105058,0.805369128,0.134228188,0.013579505,-0.241297365,3.91794845,-0.434283028,2.039537252,3.053038414,1.056665796,1.856372801,1.131015178,1.218090018,0.910683799,1.028684235,1.003693863,1.082901852,1.083672562,0.131728275,0.260416667,0,0.392144942,0.26345655,1.938432231,-1.73881323,6.503323606,4.48585441,2.60686019,11.2830678,36.07641558,2.041199307,1.258975845,1.107513128,1.37091065,1.224994357,0.962881401,1.455913392,6.826568266,13.099631,0.533404167,-0.224704582,5.298864273,4.176777176,10.91791463,0.022255086,1.257553049,41.23296981,69.08014303,3.592794253,2.020588733,1.031486007,1.207242833,0.98400889,0.950257893,-0.118102348,33.60433604,32.5203252,0.694905782,1.660814274,-0.439193108,1.098246391,-2.791222465,-0.275747894,0.266769748,2.301919953,0.028632685,0.893306154,2.023981469,2.786725588,2.320207739,0.190260408,0.487782481,0.628133107,0.192174877,1.988553613,0.244834328,0.192565826,0.83971917,0.598127004,0.112130529,0.264508594,2.766404035,0.061121982,2.994147692,2.177096857,2.559283926,2.385966876,3.847533979,0.158779247,0.05094185,0.022808965,0.060586986,0.20165771,3.854822509,0.439724631,1.422922636,1.577082922,0,0,0,0,1.923076923,92.30769231,3.846153846,61.53846154,73.07692308,1.331234013,2.95913578,2.119338207,1.183134032,1.179204972,1.063687051,1.30853181,0.89436259,1.079658461,2.564102564,0,0.854700855,0,-1.923076923,-2.564102564,4.700854701,-5.982905983,2.136752137,1.345774116,2.277816447,0.298562738,0.697699552,1.435490783,1.058186569,1.309088,1.098239695,1.08537141,0,3.333333333,0,0,-1.923076923,-2.307692308,9.487179487,8.461538462,3.58974359,2.888905857,6.328646807,28.80618947,3.343419799,2.280726363,1.115774926,1.65221841,1.125728035,0.923719421,8.163265306,6.12244898,24.48979592,0,8.28100471,-4.552590267,6.357927786,3.767660911,-11.85243328,1.416174468,25.02977645,47.06099549,4.706084579,1.411895767,0.855622937,1.901711804,0.745038968,0.850440553,0,52.63157895,42.10526316,0,-1.923076923,-18.62348178,22.46963563,-19.43319838,-20.44534413,0.74834914,2.018967487,0.030298261,2.506548359,1.436573771,2.756851623,2.113585053,0.057958157,0.280752318,0.234747534,0.160451072,1.754069768,0.176486563,0.131709047,0.696773537,0.385666796,0.110937572,0.198903221,2.622395722,0.027370771,3.131012499,1.972047848,2.351402161,2.208399019,3.488029115,0.11558063,0.05712032,0.018297119,0.057794317,0.183732714,3.720661226,0.427298196,1.290909915,1.339231525,0.67114094,0.67114094,0,0.67114094,1.342281879,91.27516779,6.711409396,53.69127517,51.67785235,1.038857035,2.560493682,0.462869131,1.24451763,1.165650381,1.02336042,1.016962119,0.969065136,1.019762285,0.02815976,1.077110809,0,-0.67114094,0.405969869,-1.415027925,-1.117003802,-3.341624818,6.364105693,1.30798834,0.91855385,1.976239798,0.636190835,1.253630739,0.975222007,1.053363261,0.923596954,1.011149364,0.229759961,-0.67114094,0.900900901,-0.67114094,-0.441380978,-5.6895822,-3.107805792,-12.24983373,5.979805309,2.705484011,7.978303153,39.06161297,3.281539862,1.5016299,1.012657927,1.534532897,1.124316597,1.031644635,5.369127517,12.75167785,23.48993289,1.342281879,-0.67114094,-4.697986577,6.040268456,5.369127517,2.684563758,1.238343888,19.23084021,53.48259214,3.273988017,2.042424166,0.919030993,1.195601338,0.903535789,0.988919971,-0.67114094,38.28989802,35.06493506,0.627560359,6.449925913,-12.05438856,1.080798396,-10.83413231,5.465004794,0.330235026,2.286279181,0.108977509,2.601845551,1.683707546,2.738349092,2.284100253,0.052071543,0.347434161,1.234332137,0.340430585,1.844848872,0.364136474,0.210552669,0.996103531,0.506890572,0.138490213,0.268735862,2.963658277,0.058604922,3.23262903,2.158898285,2.481541652,2.363656914,3.712084423,0.151948071,0.044888073,0.031003599,0.13661443,0.236623475,3.739151598,0.617249233,1.372134489,1.621581442,1.470588235,0,0,1.470588235,0,88.23529412,14.70588235,52.94117647,63.23529412,1.38233972,3.270476643,1.318685497,0.568089896,0.988165037,1.025400445,0.833320994,0.989021593,1.010650986,1.514486392,0.746268657,0,-1.470588235,0.746268657,2.063213345,-5.004389816,3.77524144,2.436347673,1.201591138,1.608243603,2.631857511,0.665890397,1.504786237,0.917465967,0.861976425,0.925319597,0.892510288,-1.470588235,0,1.886792453,0.416204218,5.660377358,-8.990011099,-5.271920089,-0.110987791,-8.518312986,2.896771757,9.836098337,23.89142562,2.02109793,1.72414924,0.946234831,0.94110481,1.21353127,0.956067564,3.792569659,14.03508772,28.07017544,2.038183695,1.754385965,-0.515995872,-2.425180599,17.23426213,-0.077399381,2.80707228,20.04284775,26.61835496,3.07350073,1.709491917,0.739118897,0.877566491,0.869963767,0.737351898,7.100840336,28.57142857,28.57142857,4.243697479,8.571428571,-22.5210084,-3.277310924,-12.94117647,-14.66386555,0.336986304,2.447580779,0.19018291,3.149333356,0.289924741,3.658384721,1.853697902,0.024956514,0.260774055,0.41468105,0.177493185,0.235238296,0.090534155,0.096187224,0.764651051,0.092877899,0.080241863,0.103735984,3.09891936,0.094840634,1.824638481,1.731666392,2.391288719,1.745500603,4.067970949,0.038239902,0.013246303,0.009016229,0.10340775,0.158395007,3.075240459,0.190251027,0.915092518,1.114543498,0,0,0,0,0,94,0,32,34,2.169406103,2.579432103,0.827768053,0.82904717,0.850063678,0.998860657,1.446546666,0.809864387,0.967499205,0,0,0,1.6,0.8,-12.4,3.2,-3.2,9.2,1.88918119,4.066482695,1.756369472,0.614381785,0.786256343,1.185465904,1.067559903,0.952690098,1.174786348,2.43902439,0,0,0,2.43902439,-1.317073171,0,2.146341463,19.65853659,3.426749989,16.62911782,52.04743501,1.47940946,2.156280113,0.781948798,1.407486977,0.855161293,0.932966221,1.538461538,6.153846154,15.38461538,1.538461538,7.692307692,-21.69230769,4.615384615,-12,4.461538462,3.128104865,60.03119281,114.013725,1.061638242,3.550092177,0.849204238,1.707336473,0.813536419,1.043266258,0,28.07017544,36.84210526,0,10.52631579,-15.05263158,7.01754386,-7.438596491,9.859649123,0.013571566,2.93130516,2.584712493,3.315300389,0.45053995,4.038832452,1.801154319,0.000658237,0.502174213,0.867833406,0.63657106,0.078561607,0.556474809,0.084080413,1.508432235,0.054950431,0.060624077,0.045202857,3.445756301,0.72874523,1.954110599,2.04480313,2.036020376,1.634831604,5.761117251,0.257260381,0.000955555,0.101667105,0.000495031,0.286261448,4.071271357,0.521331747,0.672787814,1.691178328,0,0,0,0,0,100,0,0,75,0.293836318,230.1857189,0.003848779,493.7041402,0.260643321,0.685344601,0.485362787,0.85828637,0.843593437,0,0,0,0,0,-20,0,20,-15,0.001498048,1.772935768,0.021468407,558.1021424,0.00197986,1.144320469,2.856783572,1.292045221,1.155754147,0,0,0,0,0,0,100,0,25,0.005556137,1.686423346,0.020404995,674.0712186,0.010386369,0.239877991,0.001143389,0.68583477,0.000112518,0,0,0,0,0,-50,0,0,-75,0.007411945,331.2457862,0.000984461,133.4100472,1.622825548,0.853135934,0.504583578,1.427611716,0.808028296,0,0,0,0,0,0,0,50,-25,0.000699536,0.103885847,1.664329535,2.829918515,2.230292796,3.311199568,1.779463869,4.82E-05,0.000890291,6.711066922,5.513622461,0.058938123,1.426265578,0.021109957,0.001946398,0.001153488,0.001432684,0.214631501,2.609631009,0.000235519,2.245876396,0.001598724,3.308764585,0.94473273,2.83446698,0.001955078,1.434889105,5.08E-05,0.002277759,0.000176214,0.094358954,0.001883761,0.00247035,0.001234507,0,100,0,0,0,0,0,0,0,NA,NA,NA,NA,NA,NA,NA,NA,NA,NA,NA,NA,NA,NA,NA,NA,NA,NA,NA,NA,NA,NA,NA,NA,NA,NA,NA,NA,NA,NA,NA,NA,NA,NA,NA,NA,NA,NA,NA,NA,NA,NA,NA,NA,NA,NA,NA,NA,NA,NA,NA,NA,NA,NA,NA,NA,NA,NA,NA,NA,NA,NA,NA,NA,NA,NA,NA,NA,NA,NA,NA,NA,0.717754515,1.178570459,0.812646613,0.500964183,0.130768391,0.665150738,1.256808047,0.006861692,0.062183186,2.996038164,1.606983783,0.072542705,0.167207647,0.058594467,0.414176289,0.062577316,0.032799862,0.083800292,1.194496428,0.434036006,0.591308366,0.803267295,0.551120621,1.058803405,3.869358405,0.025539939,0.144793562,0.018680871,0.187098704,0.049883427,1.811384218,0.20231084,0.237871534,0.432831131,0,2.43902439,0,3.25203252,0,49.59349593,1.62601626,1.62601626,13.00813008,1.328842492,0.78319785,1.325350923,0.401447356,0.83142401,0.937002642,0.73351836,1.049487852,1.147213224,0.436681223,0.181062946,0.436681223,-1.941988852,0.436681223,-4.178648773,0.994071076,4.050839635,3.149075159,0.735038286,0.535925493,3.89157414,1.754073564,1.335571247,0.893879101,0.910444786,0.838053553,0.872641601,0,0.147182506,1.724137931,2.782450238,1.724137931,-5.627978694,1.822259602,2.684328567,-0.077095599,4.942844059,0.923217924,17.91635572,1.244670576,3.563795987,0.892448988,0.925089165,1.126035117,1.144032867,1.680672269,0.922320148,11.76470588,0.949648152,4.201680672,-5.896016943,0.894992143,3.416000547,-1.243424199,1.594518938,2.437300452,21.00985138,1.049613527,4.567436629,0.758562626,0.859863315,0.963805314,0.928445108,0,8.24058726,14.5631068,-0.339411161,6.796116505,-11.72941827,2.257478885,3.228352672,0.584102928,5.26180269,0.683316438,0.060544296,0.324757925,0.170554969,2.917908068,1.157385743,0.003131484,0.040721511,0.126442512,0.099198978,0.118531792,0.035012782,0.026996918,0.146397587,0.066318004,0.014059864,0.044491905,1.725316151,0.090757939,1.053854272,0.658532555,1.544851146,0.952376542,3.230207911,0.013635504,0.009094454,0.006802999,0.026638501,0.043899856,2.138889851,0.092435422,0.243721571,0.36200373,0.106951872,0,0,0.213903743,0.320855615,56.36363636,0.855614973,5.13368984,11.3368984,1.136448328,1.500118435,1.158443088,1.064789847,0.879110764,1.163612885,0.914505066,1.018927903,1.049045065,-0.106951872,0,0.063131313,0.164884135,-0.194592989,6.830808081,-0.350564468,0.421865716,-0.920231729,1.045913301,1.387158912,1.002786991,0.881060682,0.966412798,1.067424881,1.102994822,0.996015747,0.943174291,-0.106951872,0,0,0.090047624,0.135071437,1.387123515,-0.247712238,0.185459097,-1.914405995,2.7954929,10.6458639,31.11449399,1.837214033,2.172318019,1.080549789,1.305390036,1.339926923,1.032335072,0.084435688,1.626794258,4.688995215,0.264565156,0.731775964,4.019138756,0.675485505,3.765831692,-0.810582606,1.825612128,41.25097574,61.25184762,1.732424144,3.24307527,1.021717214,1.019142286,0.898186862,0.9923501,-0.005429029,11.06598985,12.79187817,0.090664785,1.608078395,1.808952469,-0.144955075,-0.666684763,-1.184614132,2.123658606,0.825761137,0.04727189,2.614037594,0.572225227,2.910868822,1.474394231,0.009711337,0.074643608,0.217218021,0.148776337,0.24924017,0.059952033,0.054032482,0.280146135,0.082024783,0.042025346,0.080418131,2.148030158,0.030300411,1.684966471,0.979431347,1.673813511,1.321382294,3.12487727,0.021391743,0.018650519,0.014812916,0.042654966,0.05713833,2.11118933,0.138724023,0.451326218,0.488818731,0,0.238663484,0.477326969,0.477326969,0.238663484,62.29116945,0.954653938,11.93317422,12.17183771,0.863126332,1.130983617,0.401971046,0.571633755,1.30749361,1.037494708,0.887351692,0.944334238,0.999603339,0,-0.069171959,-0.477326969,-0.138343918,0.608794143,-0.596254197,0.23178674,-1.085716597,3.082399579,0.944499305,1.09786686,0.792524167,1.197153902,1.121240717,1.093055265,1.248246175,1.049761305,1.028300328,0,-0.238663484,-0.477326969,0.224427417,-0.238663484,1.568479672,1.852363606,-0.705104049,-0.59289034,2.942657053,8.348447761,21.6400594,1.764327035,2.537861334,0.989114319,1.17819076,1.127271669,1.040563554,0.27100271,2.471363616,9.007767882,0.335681161,0.303341936,-2.941575955,0.671362322,2.971974827,3.275316763,2.244514541,24.85867538,37.17655448,1.785028664,4.138769836,0.967648429,1.229834578,0.900751518,1.092975998,0,15.36022231,16.51431649,-0.477326969,2.825403368,-3.795347724,1.55230985,-2.462422135,4.262702681,84.6636288,0.111096412,0.007239526,0.165777096,0.084721295,0.307828382,0.42812268,0.001241145,0.009160232,0.0717089,0.018551253,0.053345878,0.009105884,0.00813545,0.026827905,0.028117323,0.005458317,0.009715012,0.789115169,0.020121156,0.703027674,0.149298333,0.32734311,0.32427254,1.821716412,0.004079578,0.002846578,0.002035951,0.008737647,0.007021242,1.568792586,0.0225376,0.07365017,0.073297054,0.013340448,0.026680896,0,0.140074707,0.033351121,42.96958378,0.073372465,0.900480256,1.147278549,0.966620441,1.746066743,1.186338377,1.029310664,0.975603849,1.179996313,1.117026682,1.109148952,1.192904509,-0.007124249,0.016832499,0,0.00289788,-0.027134921,5.697041447,0.057167722,0.087895451,0.350825511,1.039945924,1.468928654,0.955781075,0.904680183,0.884863505,1.063724878,0.99603885,1.023733937,0.968681709,0.00949234,-0.003848109,0.007610929,-0.033521696,-0.018129262,2.178448797,0.033180545,0.126995199,-0.15785774,2.855261124,8.061185956,31.7487636,1.495904072,2.257448342,1.189521627,1.503314556,1.492264958,1.156139818,0.055830196,0.194665164,0.747042955,0.019017775,0.125741361,6.473592538,0.099554145,0.87028823,0.236134331,2.23054364,71.47254848,101.4095845,1.849465118,5.06737954,1.175474647,1.472427573,1.186727497,1.235162224,0.007234272,5.480485965,4.31383307,0.024523058,0.275269687,6.135415879,0.1255165,0.299711775,0.313526609,100,0.242717894,0.018766581,0.285388697,0.204689173,0.623765439,0.596956783,0.003092595,0.021823652,0.119444745,0.046020627,0.141672497,0.021264489,0.016358987,0.070694415,0.049531447,0.010581377,0.023252297,0.974973036,0.027573132,0.864712147,0.281852281,0.520893519,0.489934545,2.034647416,0.010117826,0.006380563,0.003507172,0.014979638,0.019118824,1.735720069,0.052599244,0.154096221,0.162857443,0.039173988,0.055962841,0.011192568,0.190273658,0.111925681,46.8576865,0.458895294,3.598410655,4.286753596,1.374873622,2.450802461,1.205515137,1.097517231,1.24178848,1.191663593,1.249811815,1.224312343,1.321533187,0.01373352,0.078710816,0.008046526,0.00211728,0.008318655,6.598135735,0.18561435,1.196933484,1.913044394,1.040642041,1.302195588,1.185232068,0.962351835,0.921938438,1.045019409,0.981161806,0.943852194,0.934718194,0.006682546,0.009546494,0.034663966,-0.000296587,0.005991122,1.403040657,-0.019982748,-0.146068697,-0.441355626,2.790209806,7.750183808,32.05818792,1.696825899,1.952607704,1.157013579,1.373167719,1.310236544,1.061923741,0.221031863,0.863431169,2.278618927,0.081496898,0.240797807,5.582466158,0.362198728,1.605706379,0.252392929,1.575725598,40.17722901,74.82432747,1.874485212,3.156268993,1.111609657,1.126514986,0.914445524,0.964209264,0.013888921,7.408219696,6.568608151,0.033769735,0.595579772,4.141664957,0.148380221,-0.733013568,-0.454432388UPN58,0.005461726,0.00918461,0.016849967,0.480185953,2.70255765,0.111870999,0.867150409,0.03186784,0.094392335,0.091501348,0.057127918,0.190945981,0.000667742,0.076423801,0.224183151,0.072746462,0.105677834,0.144880563,0.000721754,0.007648419,1.109361319,0.004734433,1.935148658,0.632459827,2.257748932,NA,NA,NA,NA,NA,NA,NA,NA,NA,NA,NA,NA,NA,NA,NA,NA,NA,NA,NA,NA,NA,NA,NA,NA,NA,NA,NA,NA,NA,NA,NA,NA,NA,NA,NA,NA,NA,NA,NA,NA,NA,NA,NA,NA,NA,NA,NA,NA,NA,NA,NA,NA,NA,NA,NA,NA,NA,NA,NA,NA,NA,NA,NA,NA,NA,NA,NA,NA,NA,NA,NA,NA,NA,NA,NA,NA,NA,NA,NA,NA,NA,NA,NA,NA,NA,NA,NA,NA,NA,NA,0.002411068,0.080829916,0.001822889,0.163981241,0.762095469,4.774411244,0.242644392,0.000886369,0.002492421,0.027948453,0.001306591,0.034444376,0.001751838,0.002403678,0.22700764,0.001239575,0.001736332,0.001525442,0.001957988,0.562251279,1.316801222,0.021164252,0.780585124,0.81206749,2.294445477,0.000182771,0.00072461,0.001044798,0.001016878,0.001254001,0.961322532,0.001150539,0.03291486,0.552802326,0,0,0,0,0,50,0,0,0,NA,NA,NA,NA,NA,NA,NA,NA,NA,NA,NA,NA,NA,NA,NA,NA,NA,NA,NA,NA,NA,NA,NA,NA,NA,NA,NA,NA,NA,NA,NA,NA,NA,NA,NA,NA,8.421458565,0.532707363,1.987370165,1.28311088,0.140643883,0.019491673,1.84039773,0.02189494,0.001177725,0,0,0,0,0,-50,0,0,0,0.094615877,177.2334952,652.2460118,99.23489957,253.4827917,3.548634203,244.9296709,4.445870309,0.524854624,0,0,50,0,0,50,0,0,0,0.002323201,0.327498871,0.00174482,0.361828982,1.526461873,3.044930412,2.006081479,0.00171596,0.125223239,0.757785919,0.283129902,0.229996465,0.001775114,0.112549314,0.396493044,0.421092893,0.019838651,0.001162677,1.1416227,0.152069474,1.81536587,0.541423189,2.123661645,1.892828733,3.814522877,0.002033704,0.001361925,0.005166843,0.477037296,0.070395782,0.002044632,0.000539204,0.196642684,1.027832779,0,0,0,0,0,0,0,0,0,0.407258913,0.697654574,0.122420818,0.012558963,0.029883486,1684.012194,217.8034431,0.89546283,1.232033731,0,0,0,0,0,100,0,0,0,NA,NA,NA,NA,NA,NA,NA,NA,NA,NA,NA,NA,NA,NA,NA,NA,NA,NA,NA,NA,NA,NA,NA,NA,NA,NA,NA,NA,NA,NA,NA,NA,NA,NA,NA,NA,154.1301362,0.727256539,0.151029909,0.312967303,0.595380036,1133.690613,1054.270846,8.270658657,0.314100661,0,0,0,0,0,100,0,100,0,0.003361108,0.01426092,0.000470006,0.549906798,0.001064444,0.669677128,0.229984117,0.036793972,3.988804686,0.078174019,0.003523383,0.024542985,0.00066503,0.000956802,0.001241366,0.000563621,0.169705181,0.001081046,0.000732579,0.042214964,2.694030543,0.142555785,0.172626115,0.040106471,1.654902974,4.37E-05,0.000645128,0.000968154,1.647609586,0.002202542,1.351710452,0.001076984,0.730596973,0.523323575,0,0,0,33.33333333,0,66.66666667,0,0,33.33333333,NA,NA,NA,NA,NA,NA,NA,NA,NA,NA,NA,NA,NA,NA,NA,NA,NA,NA,NA,NA,NA,NA,NA,NA,NA,NA,NA,NA,NA,NA,NA,NA,NA,NA,NA,NA,NA,NA,NA,NA,NA,NA,NA,NA,NA,NA,NA,NA,NA,NA,NA,NA,NA,NA,25.71461477,1.646678356,0.981765616,0.238174257,742.5333987,1.448138491,78.63221251,0.275912223,3.220892081,0,0,0,-33.33333333,50,-16.66666667,0,0,16.66666667,0.055433254,0.33824361,0.005434207,1.209635549,0.063615575,1.536454532,0.619078474,0.035456515,0.068732216,0.162674613,0.137254201,2.708819199,0.026757715,0.07568339,0.265996307,0.119461238,0.091166145,0.243838348,0.008381724,0.097908276,2.597359285,0.842301215,0.473122624,0.453669888,1.817195685,0.117277137,0.078343905,0.025180498,0.039720761,0.081111355,0.594576014,0.024501207,0.178502281,0.778339376,5,5,0,0,0,15,0,5,30,0.004932685,0.122427776,0.023261302,2.478824244,0.33273733,0.540884452,5.879357486,1.38518308,1.122383402,-5,-5,0,6.25,0,-8.75,6.25,1.25,7.5,0.198777703,0.16181167,0.00462136,1.153900626,1.393418614,1.356314012,3.537699829,2.986498539,1.153264902,-5,-5,0,0,0,12.27272727,0,-5,6.363636364,0.238449015,0.174536265,3.428208035,1.505000766,3.423478575,2.531827282,5.153765161,2.979601333,1.306207481,-5,-5,0,0,7.142857143,20.71428571,0,9.285714286,-8.571428571,0.006318976,10.03294989,18.2028994,0.669445369,2.45334387,1.025669927,8.270255347,2.31863128,0.813695757,-5,11.66666667,16.66666667,0,0,1.666666667,8.333333333,11.66666667,-5,0.003343009,0.932892073,0.261885373,1.388328489,0.615491846,2.389887682,0.726578889,1.309388789,1.305992613,0.07614755,0.049810645,1.264131517,0.05659097,0.04885308,0.875864448,0.267285198,0.120276007,0.009312152,0.001545022,0.02358299,3.307453872,1.324202735,0.992268161,0.8469297,1.769582205,0.538454727,0.002620289,0.001157228,0.520021577,0.001608978,1.172598266,0.000719468,1.493348607,1.757892515,0,0,0,0,0,0,0,100,100,NA,NA,NA,NA,NA,NA,NA,NA,NA,NA,NA,NA,NA,NA,NA,NA,NA,NA,0.001250447,0.145759841,1.569920303,0.211640904,107.8694679,0.325082819,2.068352258,0.129553012,0.631019871,0,0,0,0,0,0,0,-100,-100,0.002741923,367.993891,692.747797,0.0003733,293.6631821,0.940210051,1.924174506,0.220739089,0.667757688,0,50,50,0,0,50,0,-100,-100,0.660255324,846.4920211,1735.458667,0.188290719,289.6041482,1.126841373,0.740681678,0.155380639,0.352458115,0,100,100,0,0,100,0,-100,-100,0.657525999,1.333688499,0.053762239,4.443641351,0.085181639,3.31490297,1.541218404,0.173373522,0.447986479,0.244137065,0.30671698,1.834094045,0.058016521,0.172875472,1.210539276,0.212621417,0.341228679,0.150933727,0.009246286,0.035026519,4.216661039,1.439811435,1.202114142,1.346826919,3.3754308,0.046168241,0.041328291,0.010770012,0.10131365,0.309038913,1.199271537,0.166775824,0.801620112,1.600530875,0,0,0,0.29154519,4.081632653,39.06705539,0.874635569,18.65889213,68.51311953,0.959875194,2.809696201,1.01431688,1.526112829,0.929963098,1.083496271,1.350536807,1.033156992,0.910481891,0,0.729927007,0,1.898235832,-0.431997617,2.538784022,1.315145453,5.428699113,-4.279542891,1.190940308,1.078722712,1.248710226,0.930913594,0.887211176,1.062006745,0.896368125,1.081553174,0.977931703,0.5,0,0,0.20845481,-1.081632653,2.432944606,0.625364431,4.341107872,0.986880466,3.058385287,6.582266982,30.4546115,1.726939756,1.19205207,1.163231286,0.984242803,1.531477203,1.021685871,0.879765396,4.398826979,6.744868035,0.881475338,0.610449458,5.507724665,0.298384959,28.55518412,0.988346742,2.183227469,25.18675504,92.3521302,2.537498869,1.846979128,1.39629196,1.504217731,1.682768735,0.91049285,0,40.38461538,34.61538462,1.631531734,7.456828885,18.6252523,1.048441355,33.26418479,-7.936196457,0.293111117,1.58019093,0.13011658,4.523621534,0.155019485,3.232125012,1.8830149,0.288622785,0.748415175,1.319334509,0.615089906,1.889883773,0.101735308,0.232122972,1.468614016,0.47001576,0.393607498,0.228054185,0.011853859,0.104919589,4.162287422,1.842328003,1.202160973,1.457668732,3.758551064,0.080235457,0.09260776,0.035972675,0.120009231,0.32556208,1.227329959,0.177089341,0.874418148,1.748714557,0.628930818,1.257861635,0,0.628930818,3.773584906,39.62264151,0,22.01257862,74.21383648,0.257345467,1.961584908,0.006227053,2.089804292,0.815746856,1.013679321,1.175551416,1.097275082,0.913426041,-0.628930818,3.28759291,0,3.916523728,0.77186964,-3.259005146,0,16.62378502,-12.85020011,0.922199899,0.761509093,0.43263931,0.900544915,0.988110615,0.845463748,0.646613897,1.024837015,0.92167725,-0.628930818,-1.257861635,0,0.704402516,0.226415094,-8.955974843,0,3.320754717,-7.547169811,1.766986996,4.188188125,12.91694501,2.518696179,1.288892228,1.379674876,1.705642161,1.556048946,1.071028271,-0.13631998,6.623911764,12.80788177,2.819345044,1.645134306,18.99804815,2.955665025,36.1155002,0.170399975,1.287261496,6.448253327,17.98457648,3.404572325,1.151352789,1.026372036,1.204754686,1.189814932,0.820487584,-0.628930818,20.17070979,23.80952381,1.752021563,5.750224618,5.615453729,2.380952381,20.84456424,-21.8328841,3.201520379,2.003954409,0.091006198,4.837343093,0.042433001,3.797057,1.451087369,0.112658085,0.401180983,0.588953885,0.537325047,0.341905491,0.084929979,0.165886087,1.366654561,0.230294931,0.361110094,0.119945727,0.011005275,0.069307255,4.593089615,1.268878372,1.227085448,1.445725404,4.093541133,0.053588825,0.057772343,0.027334737,0.10496686,0.265426876,1.19972028,0.161145279,0.640625105,1.743337342,0.177514793,0.355029586,0.177514793,0.591715976,2.840236686,36.98224852,1.360946746,15.26627219,74.49704142,1.113892763,1.590412031,0.601624625,1.260060576,1.082757344,1.221275229,1.272757546,1.194691524,0.936386743,-0.177514793,0.065138481,-0.177514793,0.248620158,-0.319228283,10.07657501,-0.520610611,4.061458903,-1.387797723,1.155368311,1.194296596,0.999248363,1.062847406,1.058805716,1.051101598,0.924786225,1.096282383,0.956291421,0.060297336,0.120594671,0.1792034,0.71625073,0.608039176,2.613470861,-0.290792168,3.045261699,-3.86683928,1.982169591,5.505499695,12.9428563,1.501435033,1.053111893,1.276384542,1.238037324,1.58762859,1.036214382,0.413327157,7.178205274,8.389693479,0.959244142,-0.255303156,14.49485635,0.854710566,21.66134967,2.238556807,2.516116322,20.00668001,39.01122437,2.56407302,1.726996297,1.353214238,1.430487777,1.727589636,0.931673884,0.224091633,45.02649652,39.58152135,1.014709726,5.593498253,23.25871533,-0.156127468,26.90240251,-6.223949051,0.014173195,1.697462471,2.744214788,5.021029379,0.812762337,4.432192842,0.902239874,0.215033506,0.338811111,1.173602058,1.380058598,0.327201242,1.148302802,0.096392965,1.067034639,0.190136681,0.254280002,0.052963016,0.008371635,0.346100149,4.699708637,0.756897017,2.542224718,0.913294978,4.903967507,0.000959307,0.000617705,0.000865047,0.000969309,0.000181987,1.574976408,0.00111,0.000748002,1.385365353,0,0,0,0,0,66.66666667,0,0,66.66666667,2.156975486,0.895132831,1.505494032,1.521262347,0.9656132,0.000313869,0.472282433,1.931242965,1.842154203,0,0,0,0,0,-66.66666667,0,0,33.33333333,151.8817285,9.614436318,0.271710259,117.9693819,23.59122259,0.494744894,178.3791766,680.3696109,0.7429917,0,0,0,0,0,-41.66666667,0,0,-16.66666667,53.41139961,317.3139656,281.7987288,236.7256454,1218.128771,0.56465663,121.686463,1127.254448,1.408658981,0,0,0,0,0,-41.66666667,0,33.33333333,8.333333333,2.357505489,608.0423049,2.865514996,133.9238277,1.264919629,0.067346913,0.124664273,761.1324976,0.055735292,0,0,0,0,0,-66.66666667,0,33.33333333,-66.66666667,0.009749995,0.603546605,0.511784129,4.20507485,0.3544488,3.534658897,0.954664814,0.265825701,0.175301993,7.294165934,6.707837659,0.136911039,0.457633562,0.045491827,0.748666288,0.272235476,0.107617984,0.061632495,0.975401621,0.130264752,3.55807884,0.680833712,1.174701158,0.367514111,3.569836738,0.248936931,2.080671551,0.001080773,0.071081494,1.088411282,0.00014759,0.375410012,0.453087069,1.174646004,0,50,0,0,50,0,0,0,0,0.000853477,2.422009234,1.415713009,7.71E-05,0.001840797,1078.501101,0.004261468,8.831606997,0.049508979,0,50,0,0,-50,0,0,100,0,0.001989287,2.007190086,43.50575652,1.385118919,0.107530681,4308.911598,0.002066284,5.380473133,0.593602114,0,33.33333333,0,0,-50,16.66666667,0,66.66666667,16.66666667,0.374944085,1.72614809,330.4667534,0.007847859,0.000202904,5807.78139,0.452723391,3.168097874,0.469337375,0,35.71428571,14.28571429,0,-50,28.57142857,0,42.85714286,14.28571429,0.00159835,1.02898424,132.5693997,0.009376833,7.14E-05,4553.145688,0.207872137,1.584503794,0.457306697,0,50,0,0,-50,50,0,50,0,0.274362383,1.075970604,1.19961376,1.023617765,0.058310094,0.660690245,1.040577273,0.014297614,0.054966749,3.70423141,1.972284011,0.033306559,0.227301531,0.053897243,0.514416151,0.043534773,0.044172661,0.117712754,0.062815958,0.653888439,0.706599528,0.498462519,0.188422738,0.244759059,3.952265585,0.015869404,0.097520772,0.006523604,0.066312975,0.084100193,0.65441791,0.165220992,0.277496967,0.421924099,0,2.459016393,0,0,0.819672131,13.93442623,4.098360656,4.918032787,11.47540984,0.007433895,6.687931852,0.335031135,1.567304836,0.62111686,0.638120637,0.631197455,1.326363297,0.514628284,0,12.29508197,0,1.639344262,-0.819672131,-0.819672131,-4.098360656,0,-9.836065574,1.586323293,1.846754635,2.607155695,1.403909232,0.795229783,0.963091847,0.660118155,1.040735649,0.730323654,0,0.105086171,1.282051282,1.282051282,-0.819672131,6.578394283,-2.816309374,2.774274905,-6.347204708,1.419869374,4.094284791,57.59136066,2.25834409,4.432639424,1.190112919,0.3688973,1.57828776,0.976983692,0,8.255269321,14.28571429,3.571428571,11.08508977,8.68462139,-4.098360656,1.034348165,2.81030445,1.035799652,1.467641471,23.36943023,1.074810255,3.085610185,0.936817947,0.630325595,1.260896739,1.06327061,0,1.314568512,1.886792453,0,6.72749768,3.046705846,-4.098360656,6.40272193,5.505722239,1.452817803,0.127872713,0.025775459,0.416039023,0.004635206,3.421971924,0.479391625,0.010064915,0.022109509,0.082261863,0.068437224,0.022382992,0.004873146,0.012074986,0.083271507,0.027004793,0.008554967,0.020705099,0.001316584,0.23134382,2.49925238,0.120862334,0.699938328,0.154727755,2.360240119,0.00470394,0.00595869,0.00086477,0.028136787,0.03308144,0.359658256,0.019896725,0.058392811,0.171445105,0,0,0,0.402414487,0.201207243,10.06036217,0.402414487,1.006036217,4.024144869,0.271808224,0.981215087,0.795188535,0.538410757,0.523080489,1.017505145,0.721269397,0.987708385,0.544630088,0,0,0,-0.171467605,0.029739639,0.332247527,-0.171467605,-0.544142453,-2.638463576,0.229784002,0.433260814,0.141025412,0.956282986,1.036656457,0.76483981,1.39374621,0.696481879,0.679781174,0,0,0,0.162557264,0.363764508,-2.433243529,-0.119928611,-1.006036217,-2.329229615,1.375959385,7.905704413,79.08858416,1.759105508,1.628560868,0.979925719,1.155659127,2.793450327,1.535668164,0,0.604229607,0.906344411,0.20181512,0.403022364,-0.694803261,-0.402414487,1.410882212,3.226610418,1.759068621,36.7712134,217.8565259,0.982859554,2.077395104,1.064327859,0.585424457,1.250647488,0.916319512,0,3.470031546,3.154574132,-0.086957074,0.429707583,0.980647291,-0.086957074,-1.006036217,-0.869570737,32.9312861,0.317132122,0.015658202,4.353038231,0.01336082,3.143705418,0.672778911,0.015346387,0.079706356,0.162653179,0.156176519,0.133010892,0.014584074,0.042043524,0.394473284,0.053419816,0.105668895,0.036097206,0.004244892,0.02181659,3.816029285,0.432840537,0.437468545,0.519579664,2.716363413,0.012961273,0.015635597,0.007973815,0.037143188,0.072224089,0.585009112,0.04409746,0.238916926,0.622857133,0.041643531,0.111049417,0.076346474,0.409494725,0.444197668,17.4139367,0.29150472,3.95613548,20.21099389,0.864331302,1.688083997,0.96597349,1.159073423,0.967468479,1.089165086,1.306136299,1.181038372,0.797836034,0.004624205,0.104866684,-0.030078738,0.09945037,-0.043210623,2.527457499,0.248285533,1.5497251,-4.742147501,1.077273665,1.160709024,0.912997757,1.112996344,1.088831446,0.966191286,1.051640013,1.082193769,0.901092378,-0.017512257,0.033738228,-0.028083926,0.024868209,0.219412371,-0.425519713,-0.062257615,0.628806605,-2.49863868,2.376622973,9.171742329,20.83934493,1.749546613,1.488468194,1.274741589,1.446414646,1.917141357,1.257660881,0.118454052,2.671599054,2.996002386,0.299508858,0.402032415,5.914568292,0.158293252,8.096925433,7.889943822,2.244695604,30.9723023,54.30351733,1.980884599,2.455776914,1.398820475,1.787627416,1.643702216,0.949647164,0.041481988,14.74071007,11.20101568,0.200092418,2.049567918,8.826018965,0.512041969,5.935801344,-1.424626477,61.09193343,0.087837559,0.005208227,3.396951643,0.003311074,0.610596921,0.219616799,0.001684348,0.016548049,0.061416095,0.031882457,0.034305004,0.004047588,0.010896591,0.092691299,0.019427855,0.026589816,0.00953096,0.001366584,0.024295802,2.748581398,0.118275735,0.130858335,0.156531426,1.63975543,0.003795871,0.005388574,0.002461324,0.016581593,0.015565808,0.297578887,0.015131438,0.070088744,0.16352411,0.044057716,0.038550501,0.005507214,0.264346294,0.066086573,8.299372178,0.143187576,0.748981165,3.535631677,0.719966858,1.130800885,0.837520762,0.880102095,0.846764608,0.884535527,1.054924162,0.811028522,0.525550403,-0.037604021,0.019532752,0.007400175,-0.044920672,-0.027364405,-0.974428647,0.063330656,-0.116519081,-2.244892729,0.94366765,0.892338447,1.031514456,0.855371583,0.799043837,0.845703266,1.00867115,0.88010617,0.689094427,-0.036947363,-0.024329796,0.030044549,-0.051035713,-0.016314105,-1.324116205,0.013240183,-0.073497661,-1.651388219,2.331764291,8.039968578,23.82580632,1.384135656,1.909633032,1.316544146,1.345644006,2.234801794,1.538855631,-0.023945085,0.484377898,0.683350388,0.042371325,0.200405784,2.913419456,-0.002399161,1.900857934,2.764649899,2.369043653,29.64992448,64.97299948,1.426993711,2.781379627,1.403147331,1.470703196,1.701848918,1.01824936,-0.010813035,2.953470775,2.360405906,0.012692713,0.294064136,3.990078177,0.023035829,0.896630537,-0.028317848,100,0.241463942,0.016282067,3.708609795,0.009485934,1.613815659,0.419766456,0.012132856,0.054926963,0.126833202,0.098123022,0.094516914,0.011628908,0.026860993,0.247023551,0.040082482,0.065917022,0.023077031,0.002991242,0.029691397,3.153948579,0.272453179,0.285965121,0.329386316,2.101745478,0.010801643,0.013280147,0.006126052,0.030963486,0.055356156,0.473059582,0.03668746,0.177434718,0.448485758,0.053657159,0.101666196,0.042360915,0.344535442,0.415136967,13.87743575,0.285230161,3.038689636,14.71335781,0.603611981,1.254659281,0.646309282,0.857825751,0.668149021,0.852190879,0.910757106,0.800901151,0.546316021,-0.036379288,0.06679305,-0.020763576,-0.003297482,-0.190524639,-1.869315153,0.043049395,-0.425411592,-7.456651835,0.920634996,1.040137846,0.849667424,0.919820146,0.877076714,0.864170998,0.89201363,0.91909242,0.760266914,-0.028576692,0.002835748,0.011980096,-0.001769067,0.011230963,-1.855532145,-0.055325885,-0.0959149,-4.125220869,2.11187839,7.291464731,18.89985502,1.531663661,1.352567383,1.237147449,1.270282286,1.803788296,1.187459453,0.050992688,1.651925839,1.999725294,0.19568404,0.260844479,3.99788951,0.076801743,5.191879433,3.430663008,1.509378766,19.9245211,40.62811544,1.344111282,1.58970865,1.156563807,1.125679323,1.189539886,0.682717075,-0.003770364,6.782711562,5.333900645,0.046884029,0.693884868,2.984301075,0.083164635,1.562407874,-6.013868189UPN60,0.204874196,0.948071982,0.010495887,0.685523544,2.294295543,0.353971265,0.075872145,0.055905114,0.033138305,0.036950464,0.048284036,0.130177767,0.038234903,0.031691599,0.191375788,0.009639337,0.004000097,0.000997276,0.044902324,0.082096365,2.609274778,0.550834745,1.414330354,0.212535815,4.257270057,0.022859445,0.00677638,0.007626137,0.015709112,0.019263473,0.369009627,0.074855562,0.184705466,0.580991139,0,0,0,0,0.803212851,10.44176707,0.803212851,6.024096386,19.67871486,NA,NA,NA,NA,NA,NA,NA,NA,NA,NA,NA,NA,NA,NA,NA,NA,NA,NA,NA,NA,NA,NA,NA,NA,NA,NA,NA,NA,NA,NA,NA,NA,NA,NA,NA,NA,NA,NA,NA,NA,NA,NA,NA,NA,NA,NA,NA,NA,NA,NA,NA,NA,NA,NA,NA,NA,NA,NA,NA,NA,NA,NA,NA,NA,NA,NA,NA,NA,NA,NA,NA,NA,0.435254817,0.858876223,0.024824848,0.788288283,1.775517521,2.357749477,0.040135216,0.100142431,0.104715735,0.024638662,0.072060031,0.146102753,0.043503976,0.030147808,0.160889582,0.064617513,0.015774768,0.011995184,0.057297964,0.197421042,3.388688142,0.570588899,1.747990658,0.413155148,4.558347403,0.045115964,0.011868838,0.011543253,0.017381722,0.032013865,0.31108116,0.093915684,0.169259987,0.672983335,0.189035917,0,0.189035917,0,0.189035917,6.427221172,0.56710775,2.835538752,21.3610586,NA,NA,NA,NA,NA,NA,NA,NA,NA,NA,NA,NA,NA,NA,NA,NA,NA,NA,NA,NA,NA,NA,NA,NA,NA,NA,NA,NA,NA,NA,NA,NA,NA,NA,NA,NA,NA,NA,NA,NA,NA,NA,NA,NA,NA,NA,NA,NA,NA,NA,NA,NA,NA,NA,NA,NA,NA,NA,NA,NA,NA,NA,NA,NA,NA,NA,NA,NA,NA,NA,NA,NA,0.033734305,1.070341997,0.035526572,0.864493229,1.735857203,1.981650652,1.892389683,0.176365007,0.176778302,0.019078916,0.127753712,0.268368277,0.120435994,0.074608484,0.474935727,0.035297614,0.02478528,0.044353947,0.06953082,0.270063227,3.260238254,0.976785803,1.875310207,0.469454825,4.509972529,0.11539845,0.030003055,0.007156244,0.033100893,0.020477001,0.453019371,0.169611785,0.441316749,1.063709896,0,0,0,2.43902439,0,7.317073171,2.43902439,14.63414634,39.02439024,NA,NA,NA,NA,NA,NA,NA,NA,NA,NA,NA,NA,NA,NA,NA,NA,NA,NA,NA,NA,NA,NA,NA,NA,NA,NA,NA,NA,NA,NA,NA,NA,NA,NA,NA,NA,NA,NA,NA,NA,NA,NA,NA,NA,NA,NA,NA,NA,NA,NA,NA,NA,NA,NA,NA,NA,NA,NA,NA,NA,NA,NA,NA,NA,NA,NA,NA,NA,NA,NA,NA,NA,0.008227879,0.277944746,0.043981659,0.739498578,0.953337026,2.934843483,0.398905102,0.233315623,2.02771806,0.086994561,0.074586865,0.030141299,0.016488541,0.138432935,0.265395742,0.384035184,0.008147765,0.00045578,0.091120983,0.257080972,2.297454524,0.797197912,2.401970767,0.433339666,4.913518666,0.147130836,0.028317997,0.000331347,0.630199404,0.20150805,0.786933122,0.004791565,0.345515248,0.958010879,10,0,0,10,0,30,0,0,40,NA,NA,NA,NA,NA,NA,NA,NA,NA,NA,NA,NA,NA,NA,NA,NA,NA,NA,NA,NA,NA,NA,NA,NA,NA,NA,NA,NA,NA,NA,NA,NA,NA,NA,NA,NA,NA,NA,NA,NA,NA,NA,NA,NA,NA,NA,NA,NA,NA,NA,NA,NA,NA,NA,NA,NA,NA,NA,NA,NA,NA,NA,NA,NA,NA,NA,NA,NA,NA,NA,NA,NA,0.196646316,0.881265116,0.043926418,1.186855446,0.758826199,2.030426753,0.429086325,0.174293056,0.171003685,0.049342353,0.11869153,1.687193533,0.107319636,0.186135074,0.440985177,0.164459749,0.009462739,0.051528662,0.051798396,0.252168302,2.756710605,1.638971455,1.916962384,0.443014053,4.801458271,0.08555265,0.03777492,0.00949247,0.047245331,0.069766908,0.489172855,0.142037935,0.529312224,1.383280111,1.255230126,0.836820084,0,2.092050209,0.418410042,14.64435146,2.092050209,15.48117155,57.32217573,NA,NA,NA,NA,NA,NA,NA,NA,NA,NA,NA,NA,NA,NA,NA,NA,NA,NA,NA,NA,NA,NA,NA,NA,NA,NA,NA,NA,NA,NA,NA,NA,NA,NA,NA,NA,NA,NA,NA,NA,NA,NA,NA,NA,NA,NA,NA,NA,NA,NA,NA,NA,NA,NA,NA,NA,NA,NA,NA,NA,NA,NA,NA,NA,NA,NA,NA,NA,NA,NA,NA,NA,0.042784973,1.37772048,0.070660566,1.212857112,0.825728351,2.948501349,0.893820122,1.015325035,0.970749175,0.24100186,0.117938625,1.518927186,0.11977046,0.333102232,0.634145319,0.322603784,0.050612698,0.274592606,0.063737167,0.506054825,3.527850766,2.000445847,2.497920755,0.849675945,5.006949135,0.200131519,0.126179999,0.053773286,0.16525634,0.262724618,1.172067609,0.264362606,1.022881451,1.893480261,1.923076923,5.769230769,0,3.846153846,7.692307692,46.15384615,5.769230769,42.30769231,63.46153846,NA,NA,NA,NA,NA,NA,NA,NA,NA,NA,NA,NA,NA,NA,NA,NA,NA,NA,NA,NA,NA,NA,NA,NA,NA,NA,NA,NA,NA,NA,NA,NA,NA,NA,NA,NA,NA,NA,NA,NA,NA,NA,NA,NA,NA,NA,NA,NA,NA,NA,NA,NA,NA,NA,NA,NA,NA,NA,NA,NA,NA,NA,NA,NA,NA,NA,NA,NA,NA,NA,NA,NA,8.293702381,2.025162171,0.057307541,3.942177239,0.76353862,3.179872832,0.483542406,0.669549063,0.692972741,0.043035454,0.160246071,1.277679467,0.181009892,0.206297965,0.765731752,0.197876796,0.061861547,0.064895323,0.092929587,0.36476497,2.987358614,1.921655347,2.282717508,1.029794287,5.286935979,0.2054304,0.048400641,0.015268608,0.079057289,0.08738728,1.122433816,0.244234097,0.850372275,1.753951564,1.93452381,0.337301587,0.05952381,0.58531746,0.545634921,41.91468254,2.817460317,29.15674603,76.76587302,NA,NA,NA,NA,NA,NA,NA,NA,NA,NA,NA,NA,NA,NA,NA,NA,NA,NA,NA,NA,NA,NA,NA,NA,NA,NA,NA,NA,NA,NA,NA,NA,NA,NA,NA,NA,NA,NA,NA,NA,NA,NA,NA,NA,NA,NA,NA,NA,NA,NA,NA,NA,NA,NA,NA,NA,NA,NA,NA,NA,NA,NA,NA,NA,NA,NA,NA,NA,NA,NA,NA,NA,0.228735046,2.378343479,0.281871444,4.190070524,0.971736066,2.99203835,0.837932334,0.659255999,0.790008686,1.099069684,0.353814742,1.386007637,0.281289438,0.381177578,0.958866728,0.393131992,0.094619512,0.168844033,0.138860042,0.405449754,2.822635237,2.093266389,2.411037105,1.102844455,5.692231633,0.276272036,0.119198321,0.032427006,0.205049588,0.147708901,1.374597651,0.368896445,0.903396162,1.986572103,2.158273381,2.517985612,0.35971223,3.597122302,1.798561151,56.11510791,7.194244604,32.73381295,86.33093525,NA,NA,NA,NA,NA,NA,NA,NA,NA,NA,NA,NA,NA,NA,NA,NA,NA,NA,NA,NA,NA,NA,NA,NA,NA,NA,NA,NA,NA,NA,NA,NA,NA,NA,NA,NA,NA,NA,NA,NA,NA,NA,NA,NA,NA,NA,NA,NA,NA,NA,NA,NA,NA,NA,NA,NA,NA,NA,NA,NA,NA,NA,NA,NA,NA,NA,NA,NA,NA,NA,NA,NA,24.23686419,2.326522226,0.059714287,4.213866996,0.224240206,3.584588241,0.253907938,0.340656526,0.383206219,0.093046186,0.195374527,0.19773554,0.116668499,0.079637183,0.447752204,0.083285769,0.039742924,0.030855574,0.066326357,0.358016394,2.969547135,1.196600363,2.178244226,0.838346186,5.368135283,0.114822085,0.025482934,0.012241827,0.057775671,0.059017095,0.960119015,0.188257184,0.355785108,1.348080681,1.04559188,0.193502393,0.064500798,0.383610008,0.329293547,34.24652884,2.121736769,8.188206538,55.82713786,NA,NA,NA,NA,NA,NA,NA,NA,NA,NA,NA,NA,NA,NA,NA,NA,NA,NA,NA,NA,NA,NA,NA,NA,NA,NA,NA,NA,NA,NA,NA,NA,NA,NA,NA,NA,NA,NA,NA,NA,NA,NA,NA,NA,NA,NA,NA,NA,NA,NA,NA,NA,NA,NA,NA,NA,NA,NA,NA,NA,NA,NA,NA,NA,NA,NA,NA,NA,NA,NA,NA,NA,0.012341819,2.43321379,2.796853694,4.340013973,0.481832411,3.788462638,0.472488757,0.388988816,0.596655607,1.311278412,1.293610753,0.390498994,0.806480318,0.149315652,0.787027866,0.29417838,0.095375115,0.155609546,0.1472436,0.927627985,2.735911534,1.341671933,2.879027859,0.963359244,5.832306413,0.162548597,0.110593175,0.078028277,0.296835,0.14062512,1.100859191,0.405094394,0.482964204,1.401740347,0,0,0,13.33333333,6.666666667,53.33333333,6.666666667,13.33333333,60,NA,NA,NA,NA,NA,NA,NA,NA,NA,NA,NA,NA,NA,NA,NA,NA,NA,NA,NA,NA,NA,NA,NA,NA,NA,NA,NA,NA,NA,NA,NA,NA,NA,NA,NA,NA,NA,NA,NA,NA,NA,NA,NA,NA,NA,NA,NA,NA,NA,NA,NA,NA,NA,NA,NA,NA,NA,NA,NA,NA,NA,NA,NA,NA,NA,NA,NA,NA,NA,NA,NA,NA,0.016455759,1.486831007,2.918324177,3.207028705,0.167517043,4.065964567,0.428730308,0.021360172,0.109144482,4.616132081,6.042111574,0.161321719,0.412810609,0.005065878,1.016499039,0.076065601,0.000141847,0.019906593,0.099008029,2.553083508,0.433639191,0.927999679,0.795368294,0.35575386,3.923635554,0.045616232,0.023996878,0.016306906,0.066198796,0.000314228,0.801180219,0.280032939,0.317448794,0.720973261,0,0,0,0,0,30,5,0,35,NA,NA,NA,NA,NA,NA,NA,NA,NA,NA,NA,NA,NA,NA,NA,NA,NA,NA,NA,NA,NA,NA,NA,NA,NA,NA,NA,NA,NA,NA,NA,NA,NA,NA,NA,NA,NA,NA,NA,NA,NA,NA,NA,NA,NA,NA,NA,NA,NA,NA,NA,NA,NA,NA,NA,NA,NA,NA,NA,NA,NA,NA,NA,NA,NA,NA,NA,NA,NA,NA,NA,NA,1.975513831,2.046383637,0.810871083,1.477491037,0.146051457,0.993972818,0.213869512,0.034537106,0.063670557,1.744710976,2.563165235,0.060666464,0.208976469,0.0297502,0.416625968,0.072940224,0.015858872,0.014456381,0.050048237,1.062276397,1.007610864,0.580255666,0.704971322,0.235279108,4.888636149,0.052710835,0.017821216,0.009470359,0.031088351,0.026648385,0.607444255,0.295068183,0.193161131,0.549530208,0.416493128,0.249895877,0.041649313,0.333194502,0.124947938,18.28404831,6.164098292,2.415660142,16.82632237,NA,NA,NA,NA,NA,NA,NA,NA,NA,NA,NA,NA,NA,NA,NA,NA,NA,NA,NA,NA,NA,NA,NA,NA,NA,NA,NA,NA,NA,NA,NA,NA,NA,NA,NA,NA,NA,NA,NA,NA,NA,NA,NA,NA,NA,NA,NA,NA,NA,NA,NA,NA,NA,NA,NA,NA,NA,NA,NA,NA,NA,NA,NA,NA,NA,NA,NA,NA,NA,NA,NA,NA,2.813111949,1.212575229,0.057790063,0.797185915,0.18484117,3.167090773,0.173365165,0.090066556,0.097967656,0.069924458,0.141950601,0.099069737,0.048283394,0.032255356,0.213657161,0.052107685,0.011256009,0.015218861,0.038807361,0.367127497,2.991415242,0.67759466,1.762617114,0.351984051,4.952040054,0.035875034,0.011413674,0.005695635,0.027065123,0.03369783,0.365174716,0.102931256,0.156044554,0.787746516,0.175489909,0.116993273,0.146241591,0.292483182,0.292483182,9.21322024,1.31617432,2.603100322,28.04913717,NA,NA,NA,NA,NA,NA,NA,NA,NA,NA,NA,NA,NA,NA,NA,NA,NA,NA,NA,NA,NA,NA,NA,NA,NA,NA,NA,NA,NA,NA,NA,NA,NA,NA,NA,NA,NA,NA,NA,NA,NA,NA,NA,NA,NA,NA,NA,NA,NA,NA,NA,NA,NA,NA,NA,NA,NA,NA,NA,NA,NA,NA,NA,NA,NA,NA,NA,NA,NA,NA,NA,NA,38.9935658,0.881066355,0.027118734,3.743385437,0.31969429,3.11294991,0.173195633,0.211168578,0.20820133,0.042713916,0.116604212,0.146910256,0.065350253,0.047627398,0.243797194,0.066412763,0.021773081,0.019176083,0.037331929,0.194747892,2.696168827,0.785492775,1.851242776,0.54886493,4.99892927,0.046781433,0.015285974,0.007396906,0.030895745,0.031084651,0.489534969,0.103874579,0.250385695,0.890662068,0.303848751,0.13715395,0.042201215,0.211006077,0.194125591,14.45813639,1.076130993,5.790006752,32.17631668,NA,NA,NA,NA,NA,NA,NA,NA,NA,NA,NA,NA,NA,NA,NA,NA,NA,NA,NA,NA,NA,NA,NA,NA,NA,NA,NA,NA,NA,NA,NA,NA,NA,NA,NA,NA,NA,NA,NA,NA,NA,NA,NA,NA,NA,NA,NA,NA,NA,NA,NA,NA,NA,NA,NA,NA,NA,NA,NA,NA,NA,NA,NA,NA,NA,NA,NA,NA,NA,NA,NA,NA,22.5040728,0.754551253,0.021754497,2.67640531,0.170316552,1.071886103,0.106257549,0.094895718,0.099302038,0.036701646,0.076815162,0.10062304,0.046536187,0.029237103,0.138609691,0.068359613,0.024859301,0.011334229,0.024634472,0.11386708,1.79025799,0.544243613,1.196756892,0.287554169,4.8134565,0.025204041,0.009738233,0.005473957,0.024015537,0.019955484,0.339565076,0.080465109,0.152906948,0.569210804,0.175496326,0.080435816,0.021937041,0.277869182,0.186464846,9.378084896,0.811670506,3.188183247,18.53679939,NA,NA,NA,NA,NA,NA,NA,NA,NA,NA,NA,NA,NA,NA,NA,NA,NA,NA,NA,NA,NA,NA,NA,NA,NA,NA,NA,NA,NA,NA,NA,NA,NA,NA,NA,NA,NA,NA,NA,NA,NA,NA,NA,NA,NA,NA,NA,NA,NA,NA,NA,NA,NA,NA,NA,NA,NA,NA,NA,NA,NA,NA,NA,NA,NA,NA,NA,NA,NA,NA,NA,NA,100,1.334232153,0.054072485,3.480779763,0.306004233,2.721492212,0.206732661,0.24798085,0.261342372,0.091301907,0.180737137,0.246015406,0.086113569,0.064689979,0.317402067,0.08253831,0.029886369,0.02430859,0.046817487,0.253250817,2.56105352,0.921880261,1.794149973,0.588247158,5.064459414,0.072038827,0.019513375,0.008893229,0.040296542,0.040444928,0.62257925,0.13519072,0.301994566,0.993571839,0.594875677,0.164557587,0.048544488,0.320064507,0.264937715,20.38786223,1.539436226,7.654396156,38.23906926,NA,NA,NA,NA,NA,NA,NA,NA,NA,NA,NA,NA,NA,NA,NA,NA,NA,NA,NA,NA,NA,NA,NA,NA,NA,NA,NA,NA,NA,NA,NA,NA,NA,NA,NA,NA,NA,NA,NA,NA,NA,NA,NA,NA,NA,NA,NA,NA,NA,NA,NA,NA,NA,NA,NA,NA,NA,NA,NA,NA,NA,NA,NA,NA,NA,NA,NA,NA,NA,NA,NA,NAUPN60-PB,1.178546797,1.200210742,0.035826114,0.568921105,2.473624665,0.438614886,0.123088897,0.046395233,0.063827308,0.073069313,0.082907247,0.207952067,0.110729546,0.058150266,0.335799082,0.026670148,0.014170916,0.012923578,0.094809734,0.292656432,2.532273963,0.577288654,2.042683176,0.255313868,4.75340039,0.067124164,0.024872647,0.0089764,0.025652539,0.039793748,0.349094835,0.115733633,0.270298694,0.701073718,1.376936317,0.17211704,0.04302926,0.258175559,0.301204819,8.046471601,0.946643718,7.228915663,23.2788296,NA,NA,NA,NA,NA,NA,NA,NA,NA,NA,NA,NA,NA,NA,NA,NA,NA,NA,NA,NA,NA,NA,NA,NA,NA,NA,NA,NA,NA,NA,NA,NA,NA,NA,NA,NA,NA,NA,NA,NA,NA,NA,NA,NA,NA,NA,NA,NA,NA,NA,NA,NA,NA,NA,NA,NA,NA,NA,NA,NA,NA,NA,NA,NA,NA,NA,NA,NA,NA,NA,NA,NA,2.104040732,1.244731922,0.036677003,0.70670808,1.958154231,2.159901854,0.032629811,0.111368759,0.110375825,0.054671988,0.09397605,0.1565967,0.135540505,0.053635932,0.238869662,0.044502177,0.011817794,0.015583008,0.09337754,0.465419111,3.295950147,0.501190729,2.291156954,0.432091031,4.921102314,0.043150415,0.021209337,0.01153755,0.028109048,0.046418732,0.301014976,0.128141934,0.187906352,0.876603688,0.602554832,0.168715353,0.14461316,0.168715353,0.313328513,5.495300072,1.277416245,4.217883827,30.5856833,NA,NA,NA,NA,NA,NA,NA,NA,NA,NA,NA,NA,NA,NA,NA,NA,NA,NA,NA,NA,NA,NA,NA,NA,NA,NA,NA,NA,NA,NA,NA,NA,NA,NA,NA,NA,NA,NA,NA,NA,NA,NA,NA,NA,NA,NA,NA,NA,NA,NA,NA,NA,NA,NA,NA,NA,NA,NA,NA,NA,NA,NA,NA,NA,NA,NA,NA,NA,NA,NA,NA,NA,0.134386791,1.165969403,0.047581809,0.772441833,1.956066039,2.18262857,1.650545786,0.095985614,0.137794633,0.145443106,0.178217822,0.279739752,0.175647635,0.142649634,0.671226008,0.111086196,0.01023832,0.02660951,0.092137012,0.710953264,2.749375034,0.976729025,2.661882643,0.484534699,4.687598529,0.142156292,0.027794356,0.008369414,0.054456249,0.074581917,0.505244539,0.171735627,0.431966536,1.306047897,3.773584906,0,0,1.132075472,0.754716981,11.69811321,1.886792453,12.83018868,52.83018868,NA,NA,NA,NA,NA,NA,NA,NA,NA,NA,NA,NA,NA,NA,NA,NA,NA,NA,NA,NA,NA,NA,NA,NA,NA,NA,NA,NA,NA,NA,NA,NA,NA,NA,NA,NA,NA,NA,NA,NA,NA,NA,NA,NA,NA,NA,NA,NA,NA,NA,NA,NA,NA,NA,NA,NA,NA,NA,NA,NA,NA,NA,NA,NA,NA,NA,NA,NA,NA,NA,NA,NA,0.012170879,0.429885486,0.065910901,0.487162523,1.682559301,3.164054878,0.48684894,0.227187567,1.598270179,0.214931144,0.126419858,0.221195429,0.022663767,0.231506267,0.50333459,0.228416116,0.021725656,5.22E-06,0.157694177,0.633125298,1.832110388,0.639405879,3.805211978,0.322874283,4.192237812,0.273183902,0.061453393,0.006137662,0.086191597,0.167479918,0.650856819,0.038815218,0.388839728,1.556957912,8.333333333,0,0,0,0,20.83333333,0,12.5,66.66666667,NA,NA,NA,NA,NA,NA,NA,NA,NA,NA,NA,NA,NA,NA,NA,NA,NA,NA,NA,NA,NA,NA,NA,NA,NA,NA,NA,NA,NA,NA,NA,NA,NA,NA,NA,NA,NA,NA,NA,NA,NA,NA,NA,NA,NA,NA,NA,NA,NA,NA,NA,NA,NA,NA,NA,NA,NA,NA,NA,NA,NA,NA,NA,NA,NA,NA,NA,NA,NA,NA,NA,NA,0.981784251,1.101583416,0.063993637,1.061922686,0.986556769,2.007192901,0.351124315,0.134279529,0.152003409,0.080649698,0.119372608,1.72218612,0.145932227,0.257593608,0.840962235,0.125304286,0.028708629,0.063438325,0.080754797,0.500180394,3.024142194,1.852926556,2.311782313,0.429134887,5.004434656,0.114038442,0.03309506,0.015136318,0.063802384,0.073728128,0.440216546,0.166480103,0.726834316,1.758508348,0.929752066,0.309917355,0.103305785,0.981404959,0.671487603,10.4338843,1.911157025,26.08471074,72.26239669,NA,NA,NA,NA,NA,NA,NA,NA,NA,NA,NA,NA,NA,NA,NA,NA,NA,NA,NA,NA,NA,NA,NA,NA,NA,NA,NA,NA,NA,NA,NA,NA,NA,NA,NA,NA,NA,NA,NA,NA,NA,NA,NA,NA,NA,NA,NA,NA,NA,NA,NA,NA,NA,NA,NA,NA,NA,NA,NA,NA,NA,NA,NA,NA,NA,NA,NA,NA,NA,NA,NA,NA,0.174449268,1.998515576,0.109211837,1.036175658,1.371067041,2.876856458,0.676988218,0.795591133,0.723735875,0.129777362,0.137443977,1.379501912,0.199901765,0.353824595,1.10904377,0.135831784,0.047575203,0.136149503,0.11993692,0.83726127,3.693356551,2.112959231,2.669454466,0.629890769,5.290346301,0.228650494,0.13480341,0.018507962,0.098076588,0.133203896,0.683715757,0.214648006,0.92297805,2.132377207,3.779069767,2.61627907,0,2.61627907,2.034883721,18.89534884,2.61627907,34.30232558,84.59302326,NA,NA,NA,NA,NA,NA,NA,NA,NA,NA,NA,NA,NA,NA,NA,NA,NA,NA,NA,NA,NA,NA,NA,NA,NA,NA,NA,NA,NA,NA,NA,NA,NA,NA,NA,NA,NA,NA,NA,NA,NA,NA,NA,NA,NA,NA,NA,NA,NA,NA,NA,NA,NA,NA,NA,NA,NA,NA,NA,NA,NA,NA,NA,NA,NA,NA,NA,NA,NA,NA,NA,NA,5.39372794,2.049240973,0.108342263,3.187811385,0.681180823,2.986778648,0.365192828,0.352053491,0.40912768,0.046968972,0.124606043,1.409216722,0.253879955,0.295605168,0.970352585,0.161150889,0.049887241,0.081498308,0.103558177,0.616084399,3.228657878,1.960554588,2.499129548,0.707589386,5.52713306,0.154292459,0.04225019,0.018819242,0.063799188,0.089836612,0.686650237,0.242844538,0.757056976,2.016457764,1.391500564,0.310267018,0.141030463,0.507709665,0.639338097,20.44941707,2.924031591,26.29748026,82.61564498,NA,NA,NA,NA,NA,NA,NA,NA,NA,NA,NA,NA,NA,NA,NA,NA,NA,NA,NA,NA,NA,NA,NA,NA,NA,NA,NA,NA,NA,NA,NA,NA,NA,NA,NA,NA,NA,NA,NA,NA,NA,NA,NA,NA,NA,NA,NA,NA,NA,NA,NA,NA,NA,NA,NA,NA,NA,NA,NA,NA,NA,NA,NA,NA,NA,NA,NA,NA,NA,NA,NA,NA,0.200312386,2.465158274,0.759768074,3.326753164,0.880053556,2.732460559,0.63545986,0.316323531,0.489444705,0.943043723,0.254264143,1.476490212,0.416266131,0.373934926,1.044118643,0.363500586,0.094200313,0.200937526,0.180501673,0.764104757,2.991703466,1.863987332,2.467627327,0.936133729,5.963067112,0.201956393,0.122682706,0.023187539,0.177264664,0.16240939,1.024320266,0.477759555,0.673027841,2.042938642,2.784810127,3.037974684,0.253164557,4.050632911,2.025316456,35.18987342,11.39240506,21.7721519,83.79746835,NA,NA,NA,NA,NA,NA,NA,NA,NA,NA,NA,NA,NA,NA,NA,NA,NA,NA,NA,NA,NA,NA,NA,NA,NA,NA,NA,NA,NA,NA,NA,NA,NA,NA,NA,NA,NA,NA,NA,NA,NA,NA,NA,NA,NA,NA,NA,NA,NA,NA,NA,NA,NA,NA,NA,NA,NA,NA,NA,NA,NA,NA,NA,NA,NA,NA,NA,NA,NA,NA,NA,NA,19.80151325,2.58230482,0.1772124,3.628753242,0.143057953,3.482100603,0.160621376,0.161054904,0.251062777,0.107738024,0.15213304,0.146679902,0.240848379,0.082472044,0.483933134,0.052585373,0.033633239,0.030669421,0.094801381,0.689910661,3.143084603,0.912252194,2.373987563,0.670653666,5.786274566,0.063552263,0.023900915,0.016188665,0.05451136,0.062872095,0.626169718,0.264705185,0.202794098,1.394650541,0.499398161,0.194637232,0.084513535,0.335493124,0.435372756,17.73247625,3.854329398,4.261530975,55.33075524,NA,NA,NA,NA,NA,NA,NA,NA,NA,NA,NA,NA,NA,NA,NA,NA,NA,NA,NA,NA,NA,NA,NA,NA,NA,NA,NA,NA,NA,NA,NA,NA,NA,NA,NA,NA,NA,NA,NA,NA,NA,NA,NA,NA,NA,NA,NA,NA,NA,NA,NA,NA,NA,NA,NA,NA,NA,NA,NA,NA,NA,NA,NA,NA,NA,NA,NA,NA,NA,NA,NA,NA,0.180534707,2.812035044,2.74733978,3.417360426,0.245219455,3.88944295,0.346002383,0.084433872,0.262755474,1.160467684,0.97900275,0.101300695,0.789068886,0.113763924,0.84274849,0.121473971,0.035222154,0.051804785,0.101430008,1.832914916,2.000508084,1.104229488,2.058825894,0.708161219,5.997461187,0.113085726,0.021550353,0.02369433,0.08915287,0.090093405,0.985805899,0.401775698,0.187492438,1.438575847,0.842696629,0,0,1.404494382,1.404494382,35.39325843,8.988764045,3.370786517,53.93258427,NA,NA,NA,NA,NA,NA,NA,NA,NA,NA,NA,NA,NA,NA,NA,NA,NA,NA,NA,NA,NA,NA,NA,NA,NA,NA,NA,NA,NA,NA,NA,NA,NA,NA,NA,NA,NA,NA,NA,NA,NA,NA,NA,NA,NA,NA,NA,NA,NA,NA,NA,NA,NA,NA,NA,NA,NA,NA,NA,NA,NA,NA,NA,NA,NA,NA,NA,NA,NA,NA,NA,NA,0.2819587,2.452201978,2.827488956,2.428084837,0.172848161,3.815035958,0.348122376,0.062560547,0.108559328,4.638120232,5.817092514,0.073228413,0.592444828,0.085606028,1.549400896,0.100886246,0.020028664,0.043786352,0.126638921,3.300350262,0.909423443,1.207916928,1.286655465,0.276305047,4.929354637,0.1330752,0.033905505,0.024516635,0.03874285,0.054696066,0.964999572,0.219703985,0.483452692,1.019784278,1.798561151,0.179856115,0,0.35971223,0.35971223,31.83453237,3.237410072,9.352517986,39.38848921,NA,NA,NA,NA,NA,NA,NA,NA,NA,NA,NA,NA,NA,NA,NA,NA,NA,NA,NA,NA,NA,NA,NA,NA,NA,NA,NA,NA,NA,NA,NA,NA,NA,NA,NA,NA,NA,NA,NA,NA,NA,NA,NA,NA,NA,NA,NA,NA,NA,NA,NA,NA,NA,NA,NA,NA,NA,NA,NA,NA,NA,NA,NA,NA,NA,NA,NA,NA,NA,NA,NA,NA,17.90336322,2.248168656,1.833617575,0.994530506,0.111413737,1.455220414,0.210373309,0.014109769,0.069313853,2.77621867,3.419167633,0.043441312,0.53717973,0.051597203,0.836523667,0.065509275,0.016158608,0.025854686,0.060461503,2.257228487,0.606712218,0.771525733,0.690707035,0.217943778,4.647073959,0.07115473,0.020760318,0.016051751,0.042368486,0.034320353,0.695213887,0.222751042,0.273595566,0.64349953,0.538182642,0.178450034,0.093473827,0.371062769,0.203942896,19.75413551,3.583163381,4.279968276,20.96079764,NA,NA,NA,NA,NA,NA,NA,NA,NA,NA,NA,NA,NA,NA,NA,NA,NA,NA,NA,NA,NA,NA,NA,NA,NA,NA,NA,NA,NA,NA,NA,NA,NA,NA,NA,NA,NA,NA,NA,NA,NA,NA,NA,NA,NA,NA,NA,NA,NA,NA,NA,NA,NA,NA,NA,NA,NA,NA,NA,NA,NA,NA,NA,NA,NA,NA,NA,NA,NA,NA,NA,NA,10.54961662,1.584134812,0.189870631,0.7821458,0.24596151,2.990891822,0.27289612,0.076129306,0.107468391,0.144409329,0.152387762,0.108802448,0.150815203,0.055029647,0.337107417,0.055892368,0.016234872,0.02648471,0.077348747,1.038947454,2.718311592,0.545228032,2.439998479,0.406419073,4.653178092,0.040652558,0.01930367,0.011654292,0.033078174,0.078712557,0.318440697,0.155298558,0.161388129,0.984954658,0.317261933,0.124981974,0.033648993,0.264384944,0.778733836,6.220256694,1.869922607,3.004374369,35.76887949,NA,NA,NA,NA,NA,NA,NA,NA,NA,NA,NA,NA,NA,NA,NA,NA,NA,NA,NA,NA,NA,NA,NA,NA,NA,NA,NA,NA,NA,NA,NA,NA,NA,NA,NA,NA,NA,NA,NA,NA,NA,NA,NA,NA,NA,NA,NA,NA,NA,NA,NA,NA,NA,NA,NA,NA,NA,NA,NA,NA,NA,NA,NA,NA,NA,NA,NA,NA,NA,NA,NA,NA,19.85425372,1.109937863,0.082276494,3.082407573,0.338690149,2.990129346,0.170782968,0.159133677,0.173539178,0.070323433,0.132736529,0.185491372,0.154896695,0.084489661,0.406369553,0.054507109,0.026380642,0.028153295,0.067422459,0.459892255,2.89120562,0.721037895,2.389879646,0.498391809,5.176841212,0.045143446,0.021241275,0.012450431,0.044450156,0.05141652,0.344921308,0.159248113,0.234999134,1.172276663,0.31416822,0.16857807,0.066409543,0.32183086,0.334601926,7.284615974,1.823708207,5.524763097,44.50205614,NA,NA,NA,NA,NA,NA,NA,NA,NA,NA,NA,NA,NA,NA,NA,NA,NA,NA,NA,NA,NA,NA,NA,NA,NA,NA,NA,NA,NA,NA,NA,NA,NA,NA,NA,NA,NA,NA,NA,NA,NA,NA,NA,NA,NA,NA,NA,NA,NA,NA,NA,NA,NA,NA,NA,NA,NA,NA,NA,NA,NA,NA,NA,NA,NA,NA,NA,NA,NA,NA,NA,NA,21.2432553,1.046493241,0.08289908,1.962694348,0.205909785,1.253213678,0.164598939,0.065882734,0.091247785,0.087907223,0.096569467,0.164882598,0.134566487,0.067553285,0.299043116,0.062169551,0.02495231,0.021151847,0.062957092,0.489955826,2.042006017,0.558224926,2.031835085,0.363672863,4.763544017,0.035869519,0.01654496,0.01148738,0.042290981,0.054207348,0.29348211,0.160046231,0.176641129,0.8397589,0.3127238,0.14084507,0.071616138,0.503700167,0.608737169,5.731678205,1.759369778,3.841012175,29.52733349,NA,NA,NA,NA,NA,NA,NA,NA,NA,NA,NA,NA,NA,NA,NA,NA,NA,NA,NA,NA,NA,NA,NA,NA,NA,NA,NA,NA,NA,NA,NA,NA,NA,NA,NA,NA,NA,NA,NA,NA,NA,NA,NA,NA,NA,NA,NA,NA,NA,NA,NA,NA,NA,NA,NA,NA,NA,NA,NA,NA,NA,NA,NA,NA,NA,NA,NA,NA,NA,NA,NA,NA,100,1.70750679,0.439798037,2.234679696,0.309957274,2.388531675,0.19914872,0.113769353,0.15736762,0.589230898,0.735376523,0.225259488,0.24294351,0.084828983,0.505871502,0.06494179,0.025686729,0.030092285,0.075251916,0.913828973,2.351205847,0.793700127,2.008075035,0.451113172,5.068199235,0.058951686,0.022261069,0.013935947,0.04552917,0.056633519,0.473245466,0.196005867,0.250774759,1.074428549,0.495456205,0.184084547,0.078096475,0.393525092,0.464014767,12.06032699,2.607610856,5.843543349,40.27851028,NA,NA,NA,NA,NA,NA,NA,NA,NA,NA,NA,NA,NA,NA,NA,NA,NA,NA,NA,NA,NA,NA,NA,NA,NA,NA,NA,NA,NA,NA,NA,NA,NA,NA,NA,NA,NA,NA,NA,NA,NA,NA,NA,NA,NA,NA,NA,NA,NA,NA,NA,NA,NA,NA,NA,NA,NA,NA,NA,NA,NA,NA,NA,NA,NA,NA,NA,NA,NA,NA,NA,NAUPN61-PB,0.810457048,0.910304068,0.006614764,0.829821668,2.535611631,0.080090783,0.037213223,0.004878047,0.024245698,0.058143768,0.028356561,0.709354356,0.013071202,0.383878535,0.179708796,0.145177413,0.018671135,0.011541402,0.092154168,0.136493898,1.619065171,0.38791533,0.906346618,0.289236334,3.238874786,0.067650602,0.021480788,0.004845126,0.012900134,0.039896285,0.732109617,0.034384389,0.430030335,0.591158457,1.216814159,0.221238938,0,0.110619469,0.221238938,24.55752212,0.221238938,9.955752212,18.14159292,NA,NA,NA,NA,NA,NA,NA,NA,NA,NA,NA,NA,NA,NA,NA,NA,NA,NA,NA,NA,NA,NA,NA,NA,NA,NA,NA,NA,NA,NA,NA,NA,NA,NA,NA,NA,NA,NA,NA,NA,NA,NA,NA,NA,NA,NA,NA,NA,NA,NA,NA,NA,NA,NA,NA,NA,NA,NA,NA,NA,NA,NA,NA,NA,NA,NA,NA,NA,NA,NA,NA,NA,0.253716089,0.408810335,0.005221187,0.406900056,1.59284571,2.743032758,0.071663262,0.015178133,0.039718199,0.196856828,0.058654525,0.342889316,0.025599808,1.411650879,0.802744617,0.664045877,0.1230268,0.046434767,1.300415787,1.364957972,0.307507135,0.611212509,3.093225933,1.411011712,4.280725256,0.606352908,0.1155345,0.013976274,0.058273743,0.295207496,2.189947647,0.124184763,1.440806175,2.050105148,21.55477032,0.706713781,0,0,3.886925795,61.83745583,0.35335689,54.41696113,77.03180212,NA,NA,NA,NA,NA,NA,NA,NA,NA,NA,NA,NA,NA,NA,NA,NA,NA,NA,NA,NA,NA,NA,NA,NA,NA,NA,NA,NA,NA,NA,NA,NA,NA,NA,NA,NA,NA,NA,NA,NA,NA,NA,NA,NA,NA,NA,NA,NA,NA,NA,NA,NA,NA,NA,NA,NA,NA,NA,NA,NA,NA,NA,NA,NA,NA,NA,NA,NA,NA,NA,NA,NA,0.047515734,0.53820835,0.030838832,0.529699933,1.52490823,2.586098681,1.839415022,0.012837452,0.056741792,0.365462425,0.095381406,0.404246003,0.039222734,1.702008975,1.277102906,0.836959097,0.08941916,0.038169784,1.713242901,1.796274237,0.409773411,0.680941662,3.220597809,1.752771686,4.460636514,0.765735521,0.149200957,0.046134763,0.131049078,0.454991904,2.171406644,0.187669363,1.610120915,2.244515656,18.86792453,0,0,0,5.660377358,60.37735849,0,69.81132075,92.45283019,NA,NA,NA,NA,NA,NA,NA,NA,NA,NA,NA,NA,NA,NA,NA,NA,NA,NA,NA,NA,NA,NA,NA,NA,NA,NA,NA,NA,NA,NA,NA,NA,NA,NA,NA,NA,NA,NA,NA,NA,NA,NA,NA,NA,NA,NA,NA,NA,NA,NA,NA,NA,NA,NA,NA,NA,NA,NA,NA,NA,NA,NA,NA,NA,NA,NA,NA,NA,NA,NA,NA,NA,0,NA,NA,NA,NA,NA,NA,NA,NA,NA,NA,NA,NA,NA,NA,NA,NA,NA,NA,NA,NA,NA,NA,NA,NA,NA,NA,NA,NA,NA,NA,NA,NA,NA,NA,NA,NA,NA,NA,NA,NA,NA,NA,NA,NA,NA,NA,NA,NA,NA,NA,NA,NA,NA,NA,NA,NA,NA,NA,NA,NA,NA,NA,NA,NA,NA,NA,NA,NA,NA,NA,NA,NA,NA,NA,NA,NA,NA,NA,NA,NA,NA,NA,NA,NA,NA,NA,NA,NA,NA,NA,NA,NA,NA,NA,NA,NA,NA,NA,NA,NA,NA,NA,NA,NA,NA,NA,NA,NA,NA,NA,NA,NA,NA,NA,16.07197289,0.978998758,0.020178385,1.494582205,1.408129614,0.836452177,0.132457683,0.041323901,0.064334461,0.144239135,0.057796809,3.154320527,0.026278948,1.331439254,0.471452042,1.066483763,0.081343695,0.065299385,0.405524421,0.262932444,1.844986903,1.719604967,1.631403792,0.811968232,4.12504428,0.202087319,0.083849305,0.011660178,0.045431038,0.092020907,1.004498816,0.072484072,1.129050422,2.127698684,3.876833826,0.563395995,0.050203604,0.435097897,0.686115915,33.40770904,0.485301501,41.86422714,78.75829754,NA,NA,NA,NA,NA,NA,NA,NA,NA,NA,NA,NA,NA,NA,NA,NA,NA,NA,NA,NA,NA,NA,NA,NA,NA,NA,NA,NA,NA,NA,NA,NA,NA,NA,NA,NA,NA,NA,NA,NA,NA,NA,NA,NA,NA,NA,NA,NA,NA,NA,NA,NA,NA,NA,NA,NA,NA,NA,NA,NA,NA,NA,NA,NA,NA,NA,NA,NA,NA,NA,NA,NA,0.800595291,2.249401698,0.104735993,1.37798114,1.67670446,1.474989406,0.324556436,0.620474016,0.653707554,0.159961012,0.078686199,3.812660432,0.075751629,1.846737928,0.772904213,1.876587083,0.124342825,0.118637499,0.468613453,0.41337159,2.16950619,2.483335348,1.73693283,1.074812862,4.534809179,0.393320975,0.143856021,0.01635281,0.057420623,0.105400307,1.135655959,0.102408014,1.269718376,2.629494994,8.734602464,1.343784994,0.111982083,0.447928331,0.223964166,36.50615901,0.671892497,48.71220605,90.25755879,NA,NA,NA,NA,NA,NA,NA,NA,NA,NA,NA,NA,NA,NA,NA,NA,NA,NA,NA,NA,NA,NA,NA,NA,NA,NA,NA,NA,NA,NA,NA,NA,NA,NA,NA,NA,NA,NA,NA,NA,NA,NA,NA,NA,NA,NA,NA,NA,NA,NA,NA,NA,NA,NA,NA,NA,NA,NA,NA,NA,NA,NA,NA,NA,NA,NA,NA,NA,NA,NA,NA,NA,54.66909326,1.825062996,0.021698216,3.934507243,1.714526166,0.749843938,0.172138199,0.147918253,0.209410604,0.090389233,0.0639658,3.736750981,0.051372503,1.555540344,0.792760998,1.028482381,0.108756891,0.095616577,0.205306482,0.217073069,2.799064636,2.325346011,1.698172448,0.947765546,4.163124438,0.271057784,0.144900707,0.017201059,0.052796083,0.096742792,1.095902861,0.081725269,1.551917917,2.401497804,4.654061234,1.141376539,0.073795897,0.267305138,0.595286902,37.28004723,0.413257023,61.53101888,90.06215254,NA,NA,NA,NA,NA,NA,NA,NA,NA,NA,NA,NA,NA,NA,NA,NA,NA,NA,NA,NA,NA,NA,NA,NA,NA,NA,NA,NA,NA,NA,NA,NA,NA,NA,NA,NA,NA,NA,NA,NA,NA,NA,NA,NA,NA,NA,NA,NA,NA,NA,NA,NA,NA,NA,NA,NA,NA,NA,NA,NA,NA,NA,NA,NA,NA,NA,NA,NA,NA,NA,NA,NA,5.657958437,2.34205355,0.097846989,4.119984581,1.959844885,0.707673464,0.386130136,0.198961438,0.310527835,0.965541977,0.150871078,4.151096723,0.108381871,1.951092011,1.106970211,1.490500621,0.184176393,0.173696538,0.206094204,0.324331287,3.015879587,2.741571726,1.697487945,1.1752456,4.47148482,0.422568955,0.223930821,0.029938511,0.093277348,0.140131201,1.327146158,0.139624494,1.780622276,2.561778663,9.459673586,2.028204722,0.079226747,0.887339566,0.919030265,47.59942957,0.903184915,69.57692917,92.2674695,NA,NA,NA,NA,NA,NA,NA,NA,NA,NA,NA,NA,NA,NA,NA,NA,NA,NA,NA,NA,NA,NA,NA,NA,NA,NA,NA,NA,NA,NA,NA,NA,NA,NA,NA,NA,NA,NA,NA,NA,NA,NA,NA,NA,NA,NA,NA,NA,NA,NA,NA,NA,NA,NA,NA,NA,NA,NA,NA,NA,NA,NA,NA,NA,NA,NA,NA,NA,NA,NA,NA,NA,0.186476843,2.319477763,0.053904347,3.7496215,0.139897022,3.659755549,0.199057934,0.276673496,0.325605619,0.30858028,0.106856275,0.56290339,0.047160158,1.59406093,1.260619531,1.436779578,0.142359297,0.062787163,1.189128295,0.894363363,1.375983173,1.884592977,2.678890736,1.255367405,4.818813958,0.414117217,0.128638446,0.021954104,0.077477015,0.233793502,0.791980001,0.078373756,0.807869625,2.494453665,13.46153846,0.480769231,0,0.961538462,3.365384615,21.63461538,0,27.88461538,84.61538462,NA,NA,NA,NA,NA,NA,NA,NA,NA,NA,NA,NA,NA,NA,NA,NA,NA,NA,NA,NA,NA,NA,NA,NA,NA,NA,NA,NA,NA,NA,NA,NA,NA,NA,NA,NA,NA,NA,NA,NA,NA,NA,NA,NA,NA,NA,NA,NA,NA,NA,NA,NA,NA,NA,NA,NA,NA,NA,NA,NA,NA,NA,NA,NA,NA,NA,NA,NA,NA,NA,NA,NA,0,NA,NA,NA,NA,NA,NA,NA,NA,NA,NA,NA,NA,NA,NA,NA,NA,NA,NA,NA,NA,NA,NA,NA,NA,NA,NA,NA,NA,NA,NA,NA,NA,NA,NA,NA,NA,NA,NA,NA,NA,NA,NA,NA,NA,NA,NA,NA,NA,NA,NA,NA,NA,NA,NA,NA,NA,NA,NA,NA,NA,NA,NA,NA,NA,NA,NA,NA,NA,NA,NA,NA,NA,NA,NA,NA,NA,NA,NA,NA,NA,NA,NA,NA,NA,NA,NA,NA,NA,NA,NA,NA,NA,NA,NA,NA,NA,NA,NA,NA,NA,NA,NA,NA,NA,NA,NA,NA,NA,NA,NA,NA,NA,NA,NA,0.000896523,2.611785671,1.53890109,3.312642735,0.479188717,4.510660575,0.00909062,0.000750339,0.001061347,5.36079517,1.852858227,0.204780716,0.097627802,0.000502577,1.142572467,0.000172414,0.003459842,0.00027864,0.781455872,1.813902761,0.000387719,3.206261199,1.425216372,0.003802619,1.951196586,0.465242317,0.001567795,0.002356399,0.002363541,1.020757474,1.378824752,0.445061173,0.406569088,0.820793818,0,0,0,0,0,100,0,0,0,NA,NA,NA,NA,NA,NA,NA,NA,NA,NA,NA,NA,NA,NA,NA,NA,NA,NA,NA,NA,NA,NA,NA,NA,NA,NA,NA,NA,NA,NA,NA,NA,NA,NA,NA,NA,NA,NA,NA,NA,NA,NA,NA,NA,NA,NA,NA,NA,NA,NA,NA,NA,NA,NA,NA,NA,NA,NA,NA,NA,NA,NA,NA,NA,NA,NA,NA,NA,NA,NA,NA,NA,0.847214502,2.066361249,1.208136783,0.661835086,0.216483261,0.516478563,0.08185275,0.019389687,0.043579295,3.765183563,0.875689962,0.2228154,0.345768363,0.420250536,0.861316843,0.313516313,0.021858235,0.017905648,0.205525818,1.761808539,0.308869197,1.584439095,0.292914227,0.213398466,3.360756291,0.088507865,0.036842124,0.009575219,0.044248761,0.058526435,1.477002159,0.112864634,0.459547032,0.849253163,0.846560847,0.105820106,0.105820106,0.317460317,0.423280423,54.17989418,1.693121693,11.42857143,28.57142857,NA,NA,NA,NA,NA,NA,NA,NA,NA,NA,NA,NA,NA,NA,NA,NA,NA,NA,NA,NA,NA,NA,NA,NA,NA,NA,NA,NA,NA,NA,NA,NA,NA,NA,NA,NA,NA,NA,NA,NA,NA,NA,NA,NA,NA,NA,NA,NA,NA,NA,NA,NA,NA,NA,NA,NA,NA,NA,NA,NA,NA,NA,NA,NA,NA,NA,NA,NA,NA,NA,NA,NA,5.379139696,0.476264101,0.017613535,0.37996503,0.088068384,3.344817387,0.235624677,0.012174337,0.034280562,0.193264247,0.055923186,0.281973176,0.019616207,1.471352672,0.731760342,0.893844866,0.111122689,0.036302826,1.17466911,1.290288519,0.201789713,0.617593856,3.38667398,1.419631078,4.141347793,0.439030989,0.100037212,0.021599048,0.062279033,0.268349859,1.115772444,0.072300845,1.209392813,2.371963858,12.53333333,0.55,0.166666667,0.4,3.866666667,32.06666667,0.3,45.86666667,85.98333333,NA,NA,NA,NA,NA,NA,NA,NA,NA,NA,NA,NA,NA,NA,NA,NA,NA,NA,NA,NA,NA,NA,NA,NA,NA,NA,NA,NA,NA,NA,NA,NA,NA,NA,NA,NA,NA,NA,NA,NA,NA,NA,NA,NA,NA,NA,NA,NA,NA,NA,NA,NA,NA,NA,NA,NA,NA,NA,NA,NA,NA,NA,NA,NA,NA,NA,NA,NA,NA,NA,NA,NA,2.269100429,0.733117429,0.015595415,2.805675413,0.764890372,2.66377436,0.218808466,0.041414663,0.077833218,0.261580482,0.088516606,0.656711869,0.027415236,1.347910111,0.779834479,0.916857979,0.113794653,0.039274772,0.915674961,0.63275403,1.092493343,0.989212973,2.770416341,1.388547215,4.323556353,0.343446923,0.094525164,0.018598689,0.07445265,0.220277445,0.942375596,0.081945814,0.924740223,2.154948155,9.047807191,1.027261952,0.07902015,0.553141051,2.96325563,27.45950217,0.592651126,32.95140261,76.41248518,NA,NA,NA,NA,NA,NA,NA,NA,NA,NA,NA,NA,NA,NA,NA,NA,NA,NA,NA,NA,NA,NA,NA,NA,NA,NA,NA,NA,NA,NA,NA,NA,NA,NA,NA,NA,NA,NA,NA,NA,NA,NA,NA,NA,NA,NA,NA,NA,NA,NA,NA,NA,NA,NA,NA,NA,NA,NA,NA,NA,NA,NA,NA,NA,NA,NA,NA,NA,NA,NA,NA,NA,12.99600151,0.558050041,0.009404108,2.060315245,0.532298053,0.520906495,0.094208148,0.026092288,0.043620724,0.147925241,0.04273956,0.871788551,0.014561014,0.779644037,0.370332997,0.475974202,0.048468895,0.020732365,0.350288653,0.487144381,1.231526699,0.64546105,1.724900155,0.656326135,3.426338364,0.133219531,0.048183447,0.009162841,0.033538334,0.083448954,0.831310222,0.049997871,0.722053254,1.382852458,2.511037528,0.317328918,0.048289183,0.42080574,0.862306843,25.2138521,0.358719647,24.2687638,52.80767108,NA,NA,NA,NA,NA,NA,NA,NA,NA,NA,NA,NA,NA,NA,NA,NA,NA,NA,NA,NA,NA,NA,NA,NA,NA,NA,NA,NA,NA,NA,NA,NA,NA,NA,NA,NA,NA,NA,NA,NA,NA,NA,NA,NA,NA,NA,NA,NA,NA,NA,NA,NA,NA,NA,NA,NA,NA,NA,NA,NA,NA,NA,NA,NA,NA,NA,NA,NA,NA,NA,NA,NA,100,1.451150485,0.034438048,3.008225722,1.406828095,0.924370262,0.172910261,0.109485703,0.158228008,0.19775069,0.072188208,2.968780447,0.045829912,1.414753742,0.697011759,0.972464807,0.099871576,0.079732619,0.331163225,0.351697804,2.230004817,1.88439771,1.794043758,0.927891988,4.071567184,0.260443966,0.121417251,0.016102269,0.052134325,0.10895815,1.060797557,0.079129876,1.334092413,2.200175686,5.084183536,0.9395564,0.071721863,0.363988453,0.901005899,35.24860591,0.454537304,51.46760861,81.85436876,NA,NA,NA,NA,NA,NA,NA,NA,NA,NA,NA,NA,NA,NA,NA,NA,NA,NA,NA,NA,NA,NA,NA,NA,NA,NA,NA,NA,NA,NA,NA,NA,NA,NA,NA,NA,NA,NA,NA,NA,NA,NA,NA,NA,NA,NA,NA,NA,NA,NA,NA,NA,NA,NA,NA,NA,NA,NA,NA,NA,NA,NA,NA,NA,NA,NA,NA,NA,NA,NA,NA,NAUPN62,1.748452897,1.179574172,0.022933356,1.262285508,2.959169248,0.252202651,0.102012453,0.012832656,0.027521591,0.167409559,0.026358293,0.682008774,0.153160108,0.168946799,0.842423702,0.633481282,0.019532785,0.023949616,1.189765676,0.108409891,0.680974088,1.212167846,1.068314824,0.392421836,2.314221537,0.374028379,0.052654514,0.081828957,0.03926184,0.155734654,0.944675235,0.046619993,0.961669596,0.59600049,8.249118684,0.352526439,1.104582844,0.188014101,1.574618096,27.19153937,0.258519389,33.06698002,17.57931845,NA,NA,NA,NA,NA,NA,NA,NA,NA,NA,NA,NA,NA,NA,NA,NA,NA,NA,NA,NA,NA,NA,NA,NA,NA,NA,NA,NA,NA,NA,NA,NA,NA,NA,NA,NA,NA,NA,NA,NA,NA,NA,NA,NA,NA,NA,NA,NA,NA,NA,NA,NA,NA,NA,NA,NA,NA,NA,NA,NA,NA,NA,NA,NA,NA,NA,NA,NA,NA,NA,NA,NA,0.221484397,0.365071615,0.032738075,0.667657187,2.490461696,2.587180043,0.054600879,0.02451185,0.117437159,0.330518947,0.046824156,0.326852474,0.101369665,0.547552129,0.87587206,1.175818412,0.033418901,0.047392732,0.439752919,0.63357492,0.584555346,0.471432224,3.284561,0.524452212,2.324429644,0.916089257,0.131156731,0.040865317,0.096416265,0.423440082,1.437040853,0.084729204,1.342318587,2.16339135,37.29128015,1.85528757,0.556586271,0.927643785,8.719851577,38.7755102,0.742115028,48.97959184,68.46011132,NA,NA,NA,NA,NA,NA,NA,NA,NA,NA,NA,NA,NA,NA,NA,NA,NA,NA,NA,NA,NA,NA,NA,NA,NA,NA,NA,NA,NA,NA,NA,NA,NA,NA,NA,NA,NA,NA,NA,NA,NA,NA,NA,NA,NA,NA,NA,NA,NA,NA,NA,NA,NA,NA,NA,NA,NA,NA,NA,NA,NA,NA,NA,NA,NA,NA,NA,NA,NA,NA,NA,NA,0.025065952,0.307043939,0.037141208,0.532482842,2.114617697,2.799409318,2.002057067,0.032786065,0.108307723,0.817469311,0.089092713,0.295561806,0.108667907,0.745221041,1.022272942,0.846476986,0.052039464,0.073446216,0.299126044,1.209397844,0.308524504,0.29193124,3.888328762,0.629291427,1.829573122,0.973743478,0.131646644,0.043635498,0.155488052,0.597777074,1.385459467,0.078885261,1.249776207,2.370034579,42.62295082,0,0,0,16.39344262,36.06557377,0,47.54098361,80.32786885,NA,NA,NA,NA,NA,NA,NA,NA,NA,NA,NA,NA,NA,NA,NA,NA,NA,NA,NA,NA,NA,NA,NA,NA,NA,NA,NA,NA,NA,NA,NA,NA,NA,NA,NA,NA,NA,NA,NA,NA,NA,NA,NA,NA,NA,NA,NA,NA,NA,NA,NA,NA,NA,NA,NA,NA,NA,NA,NA,NA,NA,NA,NA,NA,NA,NA,NA,NA,NA,NA,NA,NA,0.007807428,0.1149637,0.091262097,0.507809883,2.480555026,3.847237812,0.19705376,0.028777654,1.285115695,0.60222695,0.263873826,0.311729827,0.08168616,1.110340618,1.104897495,2.206346955,0.044497274,0.027272426,0.338216314,0.279836821,0.317275816,0.172644838,4.766654606,0.837613722,4.164402969,1.918740389,0.144803699,0.000470453,0.192408247,0.552449989,1.689252196,0.130269669,1.425618255,3.675063959,84.21052632,0,0,5.263157895,10.52631579,52.63157895,0,63.15789474,100,NA,NA,NA,NA,NA,NA,NA,NA,NA,NA,NA,NA,NA,NA,NA,NA,NA,NA,NA,NA,NA,NA,NA,NA,NA,NA,NA,NA,NA,NA,NA,NA,NA,NA,NA,NA,NA,NA,NA,NA,NA,NA,NA,NA,NA,NA,NA,NA,NA,NA,NA,NA,NA,NA,NA,NA,NA,NA,NA,NA,NA,NA,NA,NA,NA,NA,NA,NA,NA,NA,NA,NA,6.563170309,1.099475103,0.040708247,1.859012538,2.639132795,0.521973687,0.177275061,0.034100937,0.040655179,0.263200848,0.050948888,2.551968345,0.243168159,0.280529854,0.947192383,0.940181993,0.037307259,0.089477443,1.139688437,0.070900077,1.443864979,2.439116073,1.213103124,0.766695545,2.665130771,0.447803409,0.098422018,0.08888929,0.084677528,0.305468029,1.394541068,0.08411903,1.574393255,1.19638937,9.710743802,0.475832707,0.882794891,0.544703231,4.520410719,48.35962935,0.482093664,62.48434761,47.67092412,NA,NA,NA,NA,NA,NA,NA,NA,NA,NA,NA,NA,NA,NA,NA,NA,NA,NA,NA,NA,NA,NA,NA,NA,NA,NA,NA,NA,NA,NA,NA,NA,NA,NA,NA,NA,NA,NA,NA,NA,NA,NA,NA,NA,NA,NA,NA,NA,NA,NA,NA,NA,NA,NA,NA,NA,NA,NA,NA,NA,NA,NA,NA,NA,NA,NA,NA,NA,NA,NA,NA,NA,0.191076521,2.791133188,0.069228494,1.705183112,3.551929178,1.067232918,0.46455717,0.071935063,0.177042917,0.26762463,0.060198316,2.779382944,0.341537014,0.345591666,1.295635368,1.60426344,0.038589436,0.10057285,1.473798269,0.122220671,1.113527722,2.819121179,1.835090586,0.964543635,3.893474827,0.752184625,0.090585874,0.113474964,0.103504327,0.37817749,1.458035786,0.093638225,1.846193837,1.057528577,23.44086022,0.215053763,1.505376344,1.290322581,6.23655914,52.68817204,1.075268817,72.68817204,40.43010753,NA,NA,NA,NA,NA,NA,NA,NA,NA,NA,NA,NA,NA,NA,NA,NA,NA,NA,NA,NA,NA,NA,NA,NA,NA,NA,NA,NA,NA,NA,NA,NA,NA,NA,NA,NA,NA,NA,NA,NA,NA,NA,NA,NA,NA,NA,NA,NA,NA,NA,NA,NA,NA,NA,NA,NA,NA,NA,NA,NA,NA,NA,NA,NA,NA,NA,NA,NA,NA,NA,NA,NA,63.36795996,1.971777646,0.063148957,4.216679325,3.011584556,1.372496047,0.18059265,0.044930298,0.090718144,0.170955336,0.052630741,2.662192126,0.326684754,0.314880812,1.232912569,0.755807413,0.052961898,0.081632936,1.49617258,0.124795495,2.521034691,2.794623773,1.78956331,1.162540156,3.134929328,0.570971501,0.1377806,0.226860518,0.121938715,0.483150529,1.377599324,0.073198418,2.219489821,1.44869964,11.91808626,0.91951936,3.61841892,0.858563916,9.429936905,51.5916504,0.383889606,86.0444456,61.72841107,NA,NA,NA,NA,NA,NA,NA,NA,NA,NA,NA,NA,NA,NA,NA,NA,NA,NA,NA,NA,NA,NA,NA,NA,NA,NA,NA,NA,NA,NA,NA,NA,NA,NA,NA,NA,NA,NA,NA,NA,NA,NA,NA,NA,NA,NA,NA,NA,NA,NA,NA,NA,NA,NA,NA,NA,NA,NA,NA,NA,NA,NA,NA,NA,NA,NA,NA,NA,NA,NA,NA,NA,9.20125905,2.302976009,0.21865353,4.287780382,3.016148221,1.407448381,0.315636059,0.055009899,0.132395616,1.084682279,0.106140075,2.632841074,0.448150257,0.386325596,1.390512744,0.877181583,0.070992246,0.104243917,1.638744069,0.175793405,2.357864603,2.988781009,1.995413907,1.300562818,3.537680957,0.663935509,0.182368023,0.300989498,0.160619746,0.62015257,1.581984811,0.103994706,2.244548378,1.58242949,16.27813505,1.362093605,5.944087174,1.19685602,15.39835656,61.56663094,0.647552697,86.39246159,69.45337621,NA,NA,NA,NA,NA,NA,NA,NA,NA,NA,NA,NA,NA,NA,NA,NA,NA,NA,NA,NA,NA,NA,NA,NA,NA,NA,NA,NA,NA,NA,NA,NA,NA,NA,NA,NA,NA,NA,NA,NA,NA,NA,NA,NA,NA,NA,NA,NA,NA,NA,NA,NA,NA,NA,NA,NA,NA,NA,NA,NA,NA,NA,NA,NA,NA,NA,NA,NA,NA,NA,NA,NA,0.093689133,2.769475845,0.255161447,5.137435056,1.276819301,3.067949575,0.091531945,0.035264935,0.180266453,0.611524904,0.06155263,0.267333975,0.225204718,0.205340789,1.491719256,0.118630157,0.051396876,0.021982315,1.240199705,0.27493136,1.858753937,3.312513177,1.394216406,0.580779214,3.024696654,0.427181431,0.18736708,0.247990857,0.161312731,0.529809294,1.513369646,0.054765683,1.544712408,1.754823556,5.701754386,2.631578947,4.824561404,0,12.28070175,59.21052632,0.438596491,57.45614035,76.75438596,NA,NA,NA,NA,NA,NA,NA,NA,NA,NA,NA,NA,NA,NA,NA,NA,NA,NA,NA,NA,NA,NA,NA,NA,NA,NA,NA,NA,NA,NA,NA,NA,NA,NA,NA,NA,NA,NA,NA,NA,NA,NA,NA,NA,NA,NA,NA,NA,NA,NA,NA,NA,NA,NA,NA,NA,NA,NA,NA,NA,NA,NA,NA,NA,NA,NA,NA,NA,NA,NA,NA,NA,0.062048505,2.939831294,2.877469695,2.250791184,0.388563663,3.783678697,0.200087381,0.034746609,0.088477746,4.685433914,0.416373974,0.166353275,1.145379331,0.268609122,1.593839823,0.079510402,0.025819101,0.041635031,0.660384333,3.100763997,0.44116624,2.994322019,0.59635275,0.36439722,4.617652833,0.199245163,0.082630351,0.088531493,0.079902257,0.317304508,2.595953972,0.186798685,0.696512435,1.735338509,1.986754967,0,1.324503311,0,6.622516556,90.72847682,2.649006623,21.19205298,69.53642384,NA,NA,NA,NA,NA,NA,NA,NA,NA,NA,NA,NA,NA,NA,NA,NA,NA,NA,NA,NA,NA,NA,NA,NA,NA,NA,NA,NA,NA,NA,NA,NA,NA,NA,NA,NA,NA,NA,NA,NA,NA,NA,NA,NA,NA,NA,NA,NA,NA,NA,NA,NA,NA,NA,NA,NA,NA,NA,NA,NA,NA,NA,NA,NA,NA,NA,NA,NA,NA,NA,NA,NA,0.036160718,2.882559757,3.254713721,1.421213122,0.309133083,4.272299094,0.089215132,0.016368812,0.051382714,6.349885093,2.524544507,0.12255968,0.83170145,0.419592547,2.388769962,0.162654813,0.036097363,0.003710064,0.681324986,3.493810429,0.115518014,2.502284313,0.347602976,0.185787332,3.512102763,0.162327992,0.102695983,0.09686963,0.025896314,0.111022146,2.113562631,0.068044258,0.561023623,0.761396018,2.272727273,0,2.272727273,0,1.136363636,75,1.136363636,18.18181818,27.27272727,NA,NA,NA,NA,NA,NA,NA,NA,NA,NA,NA,NA,NA,NA,NA,NA,NA,NA,NA,NA,NA,NA,NA,NA,NA,NA,NA,NA,NA,NA,NA,NA,NA,NA,NA,NA,NA,NA,NA,NA,NA,NA,NA,NA,NA,NA,NA,NA,NA,NA,NA,NA,NA,NA,NA,NA,NA,NA,NA,NA,NA,NA,NA,NA,NA,NA,NA,NA,NA,NA,NA,NA,4.908406545,2.7247517,2.266876572,0.433883681,0.187013938,1.188013862,0.116632202,0.009662861,0.049924746,5.068706162,0.833414786,0.043934569,1.309232217,0.228912788,1.506612776,0.062593629,0.014890301,0.024273785,0.505382496,3.044789433,0.090961716,2.298113134,0.198253832,0.196953405,4.139149169,0.20096477,0.080664887,0.063196007,0.070853921,0.158917293,2.207975005,0.135142595,0.53444545,0.986738724,1.682712432,0.485558811,0.535789033,0.586019255,1.875261616,80.59439096,0.954374215,13.11845961,35.29510255,NA,NA,NA,NA,NA,NA,NA,NA,NA,NA,NA,NA,NA,NA,NA,NA,NA,NA,NA,NA,NA,NA,NA,NA,NA,NA,NA,NA,NA,NA,NA,NA,NA,NA,NA,NA,NA,NA,NA,NA,NA,NA,NA,NA,NA,NA,NA,NA,NA,NA,NA,NA,NA,NA,NA,NA,NA,NA,NA,NA,NA,NA,NA,NA,NA,NA,NA,NA,NA,NA,NA,NA,2.287165411,0.094095511,0.037528765,0.137456068,0.05182592,3.822418106,0.314508369,0.006713432,0.017577171,0.374600923,0.026885774,0.031114861,0.0229011,0.235491347,0.718506907,0.142201396,0.02499698,0.031620446,0.064805465,3.744446822,0.141798655,0.070629573,4.141660592,0.454660689,0.265224877,0.102822323,0.12429258,0.057857043,0.075760543,0.478560127,0.286741842,0.018031908,0.866184262,1.971563642,1.742723679,1.060007186,0.179662235,0.556952928,8.641753503,4.743083004,0.05389867,29.64426877,83.14768236,NA,NA,NA,NA,NA,NA,NA,NA,NA,NA,NA,NA,NA,NA,NA,NA,NA,NA,NA,NA,NA,NA,NA,NA,NA,NA,NA,NA,NA,NA,NA,NA,NA,NA,NA,NA,NA,NA,NA,NA,NA,NA,NA,NA,NA,NA,NA,NA,NA,NA,NA,NA,NA,NA,NA,NA,NA,NA,NA,NA,NA,NA,NA,NA,NA,NA,NA,NA,NA,NA,NA,NA,6.679048973,1.267130226,0.074728723,4.336263891,2.61052173,0.890440456,0.127168337,0.023311967,0.058168199,0.305756202,0.054908767,0.796724079,0.244694849,0.179969139,1.168412235,0.167381727,0.043327328,0.032028979,1.514191487,0.133685194,1.905664561,2.17030444,1.503399577,0.762121596,2.67106394,0.367509809,0.092740358,0.177083579,0.110405332,0.381471507,1.452620412,0.064504427,1.688619382,1.077240177,5.543250892,0.541405193,2.651654977,0.78134613,7.438169066,53.11307986,0.326073582,64.4825889,40.55001846,NA,NA,NA,NA,NA,NA,NA,NA,NA,NA,NA,NA,NA,NA,NA,NA,NA,NA,NA,NA,NA,NA,NA,NA,NA,NA,NA,NA,NA,NA,NA,NA,NA,NA,NA,NA,NA,NA,NA,NA,NA,NA,NA,NA,NA,NA,NA,NA,NA,NA,NA,NA,NA,NA,NA,NA,NA,NA,NA,NA,NA,NA,NA,NA,NA,NA,NA,NA,NA,NA,NA,NA,4.601862277,0.797247871,0.056675776,2.735608888,1.263719409,0.488540856,0.160974546,0.020416061,0.046752522,0.348537299,0.040721188,0.694328242,0.206138845,0.17477577,0.892966229,0.119060533,0.040508818,0.032966602,1.066087621,0.944141916,1.000324893,1.646423993,1.772631527,0.602221922,2.021001513,0.246294135,0.094491248,0.114242904,0.093419632,0.337584116,1.265410261,0.066919685,1.159083286,1.252325758,3.714617377,0.651843915,1.482275203,0.660773283,6.125546924,44.69149031,0.294669167,42.54844183,48.37039021,NA,NA,NA,NA,NA,NA,NA,NA,NA,NA,NA,NA,NA,NA,NA,NA,NA,NA,NA,NA,NA,NA,NA,NA,NA,NA,NA,NA,NA,NA,NA,NA,NA,NA,NA,NA,NA,NA,NA,NA,NA,NA,NA,NA,NA,NA,NA,NA,NA,NA,NA,NA,NA,NA,NA,NA,NA,NA,NA,NA,NA,NA,NA,NA,NA,NA,NA,NA,NA,NA,NA,NA,100,1.823249498,0.186406041,3.662436241,2.668463154,1.281172779,0.187811207,0.039383783,0.082687077,0.52957762,0.095558724,2.203365889,0.359669957,0.295807014,1.203722607,0.661712191,0.049218572,0.073598521,1.376771212,0.394749726,2.107863164,2.574811625,1.716381633,1.016308299,3.028586984,0.511397053,0.129596882,0.200880322,0.1158548,0.448364496,1.407056681,0.077317899,1.95438431,1.386439544,10.64727685,0.866624479,3.203510877,0.822245416,8.838008202,52.01596003,0.428586691,75.08033432,57.89741862,NA,NA,NA,NA,NA,NA,NA,NA,NA,NA,NA,NA,NA,NA,NA,NA,NA,NA,NA,NA,NA,NA,NA,NA,NA,NA,NA,NA,NA,NA,NA,NA,NA,NA,NA,NA,NA,NA,NA,NA,NA,NA,NA,NA,NA,NA,NA,NA,NA,NA,NA,NA,NA,NA,NA,NA,NA,NA,NA,NA,NA,NA,NA,NA,NA,NA,NA,NA,NA,NA,NA,NAUPN62-PB,5.113561985,0.045218721,0.011863648,0.142620634,2.511013147,0.298688603,0.105857108,0.010106738,0.022503793,0.08731181,0.030269213,0.20276022,0.020679809,0.143723148,0.240747618,0.153967485,0.016123436,0.019881963,0.094121897,0.148867307,0.136064251,0.139673005,2.538407763,0.27234605,2.014878141,0.20008752,0.047800604,0.008275947,0.046212122,0.145119996,0.828009125,0.049236584,1.062539093,0.982856355,3.872,0.32,0.032,0.288,1.12,25.248,0.192,39.872,37.248,NA,NA,NA,NA,NA,NA,NA,NA,NA,NA,NA,NA,NA,NA,NA,NA,NA,NA,NA,NA,NA,NA,NA,NA,NA,NA,NA,NA,NA,NA,NA,NA,NA,NA,NA,NA,NA,NA,NA,NA,NA,NA,NA,NA,NA,NA,NA,NA,NA,NA,NA,NA,NA,NA,NA,NA,NA,NA,NA,NA,NA,NA,NA,NA,NA,NA,NA,NA,NA,NA,NA,NA,1.523432386,0.062262225,0.019905605,0.177079907,2.091720298,2.492083294,0.061700143,0.013607162,0.086004524,0.219088658,0.068684895,0.156882476,0.021566245,0.291444044,0.360648315,0.631250329,0.038818927,0.030284444,0.09443918,0.193784172,0.201141216,0.116349851,3.602530694,0.411850316,2.390553994,0.308450118,0.067152206,0.005467342,0.057063803,0.251858879,1.172994251,0.07035533,1.376607892,1.907131589,8.700322234,0.429645542,0,0.429645542,3.222341568,34.80128894,0.429645542,52.41675618,71.42857143,NA,NA,NA,NA,NA,NA,NA,NA,NA,NA,NA,NA,NA,NA,NA,NA,NA,NA,NA,NA,NA,NA,NA,NA,NA,NA,NA,NA,NA,NA,NA,NA,NA,NA,NA,NA,NA,NA,NA,NA,NA,NA,NA,NA,NA,NA,NA,NA,NA,NA,NA,NA,NA,NA,NA,NA,NA,NA,NA,NA,NA,NA,NA,NA,NA,NA,NA,NA,NA,NA,NA,NA,0.217633198,0.111352078,0.01682569,0.238956247,2.006202786,2.661530655,1.677507977,0.020821384,0.115686523,0.962555039,0.122114215,0.261232327,0.043477964,0.441163506,0.57761368,1.074694313,0.067785044,0.070870215,0.227697857,0.328358699,0.231088248,0.157650339,3.541190251,0.593272649,2.016219472,0.489492472,0.146566412,0.027987309,0.109290131,0.402210762,1.345006596,0.110533067,1.387457553,2.013773527,17.29323308,1.503759398,0,1.503759398,6.766917293,38.34586466,0,57.14285714,75.93984962,NA,NA,NA,NA,NA,NA,NA,NA,NA,NA,NA,NA,NA,NA,NA,NA,NA,NA,NA,NA,NA,NA,NA,NA,NA,NA,NA,NA,NA,NA,NA,NA,NA,NA,NA,NA,NA,NA,NA,NA,NA,NA,NA,NA,NA,NA,NA,NA,NA,NA,NA,NA,NA,NA,NA,NA,NA,NA,NA,NA,NA,NA,NA,NA,NA,NA,NA,NA,NA,NA,NA,NA,0.026181437,0.000103128,0.011924423,0.04961807,2.235391857,3.404790297,0.107325565,0.020475835,1.238299059,0.559858125,0.02319804,0.23979014,0.072773527,0.438658578,0.583802307,1.518239086,0.064548306,0.074323553,0.14864649,0.06946953,0.084746966,0.058575541,4.11907742,0.647016755,3.315901685,0.466694256,0.080047188,0.017681508,0.099833523,0.314003613,1.145753896,0.148508103,1.58738706,2.479346194,12.5,0,0,0,6.25,31.25,0,62.5,81.25,NA,NA,NA,NA,NA,NA,NA,NA,NA,NA,NA,NA,NA,NA,NA,NA,NA,NA,NA,NA,NA,NA,NA,NA,NA,NA,NA,NA,NA,NA,NA,NA,NA,NA,NA,NA,NA,NA,NA,NA,NA,NA,NA,NA,NA,NA,NA,NA,NA,NA,NA,NA,NA,NA,NA,NA,NA,NA,NA,NA,NA,NA,NA,NA,NA,NA,NA,NA,NA,NA,NA,NA,1.605249378,0.475452157,0.078392708,1.291469865,2.006111601,0.823666574,0.273749563,0.030247779,0.053831379,0.225814965,0.059700892,2.317001351,0.16427254,0.173297412,0.612518235,0.4533499,0.056718545,0.067255187,0.75491405,0.085919925,1.433478424,1.971739411,1.390960941,0.710308741,2.815890637,0.086617154,0.055895206,0.024073599,0.068157386,0.226576186,1.625745524,0.095682447,1.32359429,1.242789885,1.22324159,0.407747197,0,0.713557594,2.752293578,62.0795107,0.509683996,51.47808359,48.11416922,NA,NA,NA,NA,NA,NA,NA,NA,NA,NA,NA,NA,NA,NA,NA,NA,NA,NA,NA,NA,NA,NA,NA,NA,NA,NA,NA,NA,NA,NA,NA,NA,NA,NA,NA,NA,NA,NA,NA,NA,NA,NA,NA,NA,NA,NA,NA,NA,NA,NA,NA,NA,NA,NA,NA,NA,NA,NA,NA,NA,NA,NA,NA,NA,NA,NA,NA,NA,NA,NA,NA,NA,0.00490902,1.574155612,0.001826206,0.893668414,1.313156676,4.24657842,0.688829079,0.344748985,0.864311581,1.054880418,5.41E-05,2.621203906,0.475909406,0.587626052,1.228132836,0.785405062,0.048993891,0.183816821,1.376864824,0.89496212,1.478218612,2.07469375,2.331203819,0.810345561,2.15108958,0.054020737,0.085473096,0.000426717,0.12583384,0.107248312,2.431651399,0.046516079,1.67246962,2.404616313,0,0,0,0,0,66.66666667,0,66.66666667,100,NA,NA,NA,NA,NA,NA,NA,NA,NA,NA,NA,NA,NA,NA,NA,NA,NA,NA,NA,NA,NA,NA,NA,NA,NA,NA,NA,NA,NA,NA,NA,NA,NA,NA,NA,NA,NA,NA,NA,NA,NA,NA,NA,NA,NA,NA,NA,NA,NA,NA,NA,NA,NA,NA,NA,NA,NA,NA,NA,NA,NA,NA,NA,NA,NA,NA,NA,NA,NA,NA,NA,NA,0.762534363,1.07511955,0.083058611,3.480481624,2.182520162,1.308042881,0.28444592,0.038174871,0.081921974,0.164614624,0.061213999,2.547734674,0.20798971,0.181377411,0.846251411,0.328945582,0.067221347,0.084933707,1.051630782,0.060956543,2.267518564,2.407079874,1.412862756,0.851034436,2.674525854,0.121079004,0.067758768,0.066002834,0.063015035,0.342546021,1.969999952,0.101250242,1.81214949,1.198800025,1.072961373,0,0.214592275,0,5.150214592,75.96566524,0.429184549,70.81545064,48.06866953,NA,NA,NA,NA,NA,NA,NA,NA,NA,NA,NA,NA,NA,NA,NA,NA,NA,NA,NA,NA,NA,NA,NA,NA,NA,NA,NA,NA,NA,NA,NA,NA,NA,NA,NA,NA,NA,NA,NA,NA,NA,NA,NA,NA,NA,NA,NA,NA,NA,NA,NA,NA,NA,NA,NA,NA,NA,NA,NA,NA,NA,NA,NA,NA,NA,NA,NA,NA,NA,NA,NA,NA,0.119452808,1.563301432,0.38537615,3.497465815,2.072665077,1.660987218,0.489802355,0.08608413,0.111776802,1.69608137,0.180311081,2.431524569,0.309482112,0.339072506,1.134923182,0.438776978,0.062361685,0.072249787,1.132378745,0.291610677,2.296455958,2.641999567,1.709374978,1.108817187,3.301138549,0.156297287,0.170291256,0.111442953,0.150505975,0.365964748,2.092662505,0.187550621,1.895982016,1.529999587,0,2.739726027,0,2.739726027,4.109589041,80.82191781,1.369863014,79.45205479,64.38356164,NA,NA,NA,NA,NA,NA,NA,NA,NA,NA,NA,NA,NA,NA,NA,NA,NA,NA,NA,NA,NA,NA,NA,NA,NA,NA,NA,NA,NA,NA,NA,NA,NA,NA,NA,NA,NA,NA,NA,NA,NA,NA,NA,NA,NA,NA,NA,NA,NA,NA,NA,NA,NA,NA,NA,NA,NA,NA,NA,NA,NA,NA,NA,NA,NA,NA,NA,NA,NA,NA,NA,NA,0.011454379,1.651201157,0.861808294,2.666242978,0.119248456,4.598354085,0.002573252,0.131664225,0.426358952,3.202106016,0.426381581,0.000505743,0.17706636,0.271538987,1.287275844,0.594277867,0.000357421,0.000589088,0.510954955,1.340572995,0.515117142,2.706474624,1.296763285,0.26636008,3.416852478,0.287464056,0.51327152,0.000663624,0.053028814,0.351414716,0.865950264,0.130357843,0.724464292,1.092946503,0,14.28571429,0,0,0,28.57142857,0,28.57142857,57.14285714,NA,NA,NA,NA,NA,NA,NA,NA,NA,NA,NA,NA,NA,NA,NA,NA,NA,NA,NA,NA,NA,NA,NA,NA,NA,NA,NA,NA,NA,NA,NA,NA,NA,NA,NA,NA,NA,NA,NA,NA,NA,NA,NA,NA,NA,NA,NA,NA,NA,NA,NA,NA,NA,NA,NA,NA,NA,NA,NA,NA,NA,NA,NA,NA,NA,NA,NA,NA,NA,NA,NA,NA,0.124361827,1.840538763,2.380724561,2.018547709,0.064874719,4.03694155,0.102541553,0.010195615,0.111214968,4.723042331,0.408991388,0.050157249,0.436617797,0.152939114,0.790229343,0.037073832,0.008071131,0.043165294,0.321492828,2.155022143,0.312912627,2.178338519,0.366710779,0.256955024,3.982201825,0.022760169,0.044550482,0.012261973,0.115040542,0.181566847,1.552411003,0.068989863,0.251923769,1.205340362,0,0,0,1.315789474,3.947368421,56.57894737,0,3.947368421,48.68421053,NA,NA,NA,NA,NA,NA,NA,NA,NA,NA,NA,NA,NA,NA,NA,NA,NA,NA,NA,NA,NA,NA,NA,NA,NA,NA,NA,NA,NA,NA,NA,NA,NA,NA,NA,NA,NA,NA,NA,NA,NA,NA,NA,NA,NA,NA,NA,NA,NA,NA,NA,NA,NA,NA,NA,NA,NA,NA,NA,NA,NA,NA,NA,NA,NA,NA,NA,NA,NA,NA,NA,NA,0.132543527,1.749242037,2.544134997,1.382796809,0.090287864,4.217437331,0.145165243,0.012854023,0.015060244,6.293186574,2.255005176,0.015983753,0.404277511,0.230494135,1.709492854,0.096061709,0.003213109,0.003088426,0.678428229,2.395533621,0.03356906,1.804548076,0.315885319,0.149694722,3.205071496,0.060656886,0.048761265,0.031968668,0.01273995,0.083861926,1.118805709,0.056710279,0.255039524,0.538139308,1.234567901,0,0,0,0,45.67901235,0,4.938271605,18.51851852,NA,NA,NA,NA,NA,NA,NA,NA,NA,NA,NA,NA,NA,NA,NA,NA,NA,NA,NA,NA,NA,NA,NA,NA,NA,NA,NA,NA,NA,NA,NA,NA,NA,NA,NA,NA,NA,NA,NA,NA,NA,NA,NA,NA,NA,NA,NA,NA,NA,NA,NA,NA,NA,NA,NA,NA,NA,NA,NA,NA,NA,NA,NA,NA,NA,NA,NA,NA,NA,NA,NA,NA,56.35718026,1.672317654,1.324762355,0.141131377,0.036807599,0.829080883,0.144821465,0.006198221,0.033656864,5.133124701,0.736640621,0.019403855,0.732863589,0.11227055,0.83522832,0.037614981,0.009823565,0.017336774,0.293575227,1.921319446,0.038707795,1.755598324,0.101663546,0.135550537,3.725776374,0.04987801,0.034281056,0.015259287,0.048940855,0.083538939,1.2973277,0.081212061,0.306651011,0.63797652,0.296158648,0.15098284,0.049359775,0.36293952,0.647484103,47.39990128,0.496501263,6.692604744,20.54237682,NA,NA,NA,NA,NA,NA,NA,NA,NA,NA,NA,NA,NA,NA,NA,NA,NA,NA,NA,NA,NA,NA,NA,NA,NA,NA,NA,NA,NA,NA,NA,NA,NA,NA,NA,NA,NA,NA,NA,NA,NA,NA,NA,NA,NA,NA,NA,NA,NA,NA,NA,NA,NA,NA,NA,NA,NA,NA,NA,NA,NA,NA,NA,NA,NA,NA,NA,NA,NA,NA,NA,NA,9.842584108,0.225449116,0.162424432,0.07867091,0.034875989,3.654825916,0.327721391,0.005235876,0.017730529,1.234984837,0.117019965,0.019413781,0.06074896,0.094082868,0.283626512,0.433761916,0.017362922,0.017310198,0.116398432,1.640937647,0.066424214,0.360915561,2.4908147,0.334992839,1.415627946,0.027655545,0.055109921,0.011640492,0.040075429,0.116825008,0.32548042,0.022663624,0.30254978,1.203242265,0.349127182,0.731504572,0.08312552,0.465502909,1.130507066,8.994181214,0.133000831,9.193682461,45.70241064,NA,NA,NA,NA,NA,NA,NA,NA,NA,NA,NA,NA,NA,NA,NA,NA,NA,NA,NA,NA,NA,NA,NA,NA,NA,NA,NA,NA,NA,NA,NA,NA,NA,NA,NA,NA,NA,NA,NA,NA,NA,NA,NA,NA,NA,NA,NA,NA,NA,NA,NA,NA,NA,NA,NA,NA,NA,NA,NA,NA,NA,NA,NA,NA,NA,NA,NA,NA,NA,NA,NA,NA,0.706898809,0.386100996,0.109419449,3.267335663,1.152097461,2.154687349,0.418594177,0.016404931,0.052641408,1.011741701,0.167696296,0.503363524,0.123377389,0.109765647,0.539468972,0.199509818,0.049754002,0.033154151,0.638349083,0.586284621,1.096177836,1.177529405,1.694013632,0.826601205,1.857933263,0.062937446,0.050052196,0.024153317,0.072633511,0.166264544,1.086103256,0.072850815,0.767908903,0.905513566,0.925925926,0.231481481,0.231481481,0.694444444,1.157407407,39.35185185,0.694444444,27.5462963,34.02777778,NA,NA,NA,NA,NA,NA,NA,NA,NA,NA,NA,NA,NA,NA,NA,NA,NA,NA,NA,NA,NA,NA,NA,NA,NA,NA,NA,NA,NA,NA,NA,NA,NA,NA,NA,NA,NA,NA,NA,NA,NA,NA,NA,NA,NA,NA,NA,NA,NA,NA,NA,NA,NA,NA,NA,NA,NA,NA,NA,NA,NA,NA,NA,NA,NA,NA,NA,NA,NA,NA,NA,NA,23.45038618,0.114374382,0.089760873,0.348440379,0.159358041,0.455364193,0.195852264,0.002854088,0.008951835,1.680547149,0.061217399,0.080573986,0.087085443,0.048846643,0.18117194,0.075412843,0.013003352,0.012914746,0.165509849,1.091809241,0.122009634,0.634848128,1.166034268,0.228511782,1.708989981,0.015288114,0.016902854,0.00644693,0.025586259,0.057068556,0.405940064,0.023363219,0.284565648,0.553907511,0.111646082,0.090712442,0.034889401,0.265159445,0.537296769,11.88332984,0.195380643,8.450212825,18.50533808,NA,NA,NA,NA,NA,NA,NA,NA,NA,NA,NA,NA,NA,NA,NA,NA,NA,NA,NA,NA,NA,NA,NA,NA,NA,NA,NA,NA,NA,NA,NA,NA,NA,NA,NA,NA,NA,NA,NA,NA,NA,NA,NA,NA,NA,NA,NA,NA,NA,NA,NA,NA,NA,NA,NA,NA,NA,NA,NA,NA,NA,NA,NA,NA,NA,NA,NA,NA,NA,NA,NA,NA,100,1.02036133,0.79420713,0.258753367,0.286510157,1.045440476,0.180476706,0.006509723,0.028093332,3.447374409,0.450261716,0.108426922,0.447509373,0.102753328,0.585243016,0.113803223,0.013740857,0.018269402,0.249933781,1.524055672,0.118870012,1.250076272,0.817621713,0.210260309,2.876986596,0.053624626,0.034669312,0.013080417,0.043462653,0.092420894,0.976733885,0.060572508,0.391645591,0.731989047,0.634899856,0.217633198,0.049090195,0.358358424,0.826351617,34.38604529,0.373085482,11.31038094,25.14727059,NA,NA,NA,NA,NA,NA,NA,NA,NA,NA,NA,NA,NA,NA,NA,NA,NA,NA,NA,NA,NA,NA,NA,NA,NA,NA,NA,NA,NA,NA,NA,NA,NA,NA,NA,NA,NA,NA,NA,NA,NA,NA,NA,NA,NA,NA,NA,NA,NA,NA,NA,NA,NA,NA,NA,NA,NA,NA,NA,NA,NA,NA,NA,NA,NA,NA,NA,NA,NA,NA,NA,NAUPN63,0.045763385,0.547673917,0.007343495,0.787499301,2.867808112,0.408666549,0.06923783,0.187874952,0.096636423,1.299462089,0.037812786,0.271146528,0.024782774,0.158128217,0.330359458,0.27301106,0.020069441,0.013282106,0.066639523,0.178048173,1.123398132,0.137676696,2.161251385,0.324264478,2.568501258,0.450670282,0.054645281,0.011718176,0.047910422,0.114755368,1.768141682,0.101177688,0.77646336,1.089452539,18.36734694,0,0,1.020408163,0,45.91836735,1.020408163,28.57142857,41.83673469,NA,NA,NA,NA,NA,NA,NA,NA,NA,NA,NA,NA,NA,NA,NA,NA,NA,NA,NA,NA,NA,NA,NA,NA,NA,NA,NA,NA,NA,NA,NA,NA,NA,NA,NA,NA,NA,NA,NA,NA,NA,NA,NA,NA,NA,NA,NA,NA,NA,NA,NA,NA,NA,NA,NA,NA,NA,NA,NA,NA,NA,NA,NA,NA,NA,NA,NA,NA,NA,NA,NA,NA,0.044362465,0.550250464,0.001612206,0.653631224,1.82392117,2.507451302,0.00515723,0.444419384,0.264402333,1.511625185,0.050781783,0.235352712,0.086746114,0.177737428,0.216446054,0.403257629,0.008226565,0.015004739,0.084948039,0.092286869,2.397140884,0.121077107,2.063041245,0.580229039,3.232609536,0.298147437,0.045886913,0.00872588,0.042127813,0.166892299,1.083562086,0.07077546,0.399313461,0.903587329,13.68421053,1.052631579,0,0,2.105263158,21.05263158,1.052631579,12.63157895,29.47368421,NA,NA,NA,NA,NA,NA,NA,NA,NA,NA,NA,NA,NA,NA,NA,NA,NA,NA,NA,NA,NA,NA,NA,NA,NA,NA,NA,NA,NA,NA,NA,NA,NA,NA,NA,NA,NA,NA,NA,NA,NA,NA,NA,NA,NA,NA,NA,NA,NA,NA,NA,NA,NA,NA,NA,NA,NA,NA,NA,NA,NA,NA,NA,NA,NA,NA,NA,NA,NA,NA,NA,NA,0.030820239,0.892837871,0.005120602,0.556729992,2.004780008,2.21487584,0.251051357,0.792507676,0.1876674,3.643736664,0.033671647,0.398686558,0.063205811,0.072992507,0.358155268,0.127910116,0.016544448,0.025596583,0.069588017,0.10522968,2.74622384,0.277383093,1.250831084,0.380630473,3.335188023,0.096051908,0.044123582,0.01452905,0.000651153,0.123250158,0.365816727,0.009312575,0.231782762,0.74757027,3.03030303,0,0,0,4.545454545,6.060606061,0,4.545454545,22.72727273,NA,NA,NA,NA,NA,NA,NA,NA,NA,NA,NA,NA,NA,NA,NA,NA,NA,NA,NA,NA,NA,NA,NA,NA,NA,NA,NA,NA,NA,NA,NA,NA,NA,NA,NA,NA,NA,NA,NA,NA,NA,NA,NA,NA,NA,NA,NA,NA,NA,NA,NA,NA,NA,NA,NA,NA,NA,NA,NA,NA,NA,NA,NA,NA,NA,NA,NA,NA,NA,NA,NA,NA,0.013075253,0.624631859,0.005018287,0.59179552,1.773770019,2.926109169,0.090171892,0.74432962,1.592437641,2.870221956,0.150541868,0.315099482,0.053562432,0.239176825,0.40182908,0.411511843,0.000276322,0.081059959,0.160022534,0.159109547,2.512649546,0.181468926,2.482325597,0.697251278,4.851260124,0.221341997,0.086861887,0.000299348,0.170005889,0.16120218,0.627626078,0.102978907,0.351702452,1.258329469,10.71428571,3.571428571,0,3.571428571,3.571428571,14.28571429,0,7.142857143,32.14285714,NA,NA,NA,NA,NA,NA,NA,NA,NA,NA,NA,NA,NA,NA,NA,NA,NA,NA,NA,NA,NA,NA,NA,NA,NA,NA,NA,NA,NA,NA,NA,NA,NA,NA,NA,NA,NA,NA,NA,NA,NA,NA,NA,NA,NA,NA,NA,NA,NA,NA,NA,NA,NA,NA,NA,NA,NA,NA,NA,NA,NA,NA,NA,NA,NA,NA,NA,NA,NA,NA,NA,NA,1.617595554,0.592053962,0.01082801,0.748132088,0.31938411,1.396720829,0.056248874,0.908219696,0.284254441,4.369155379,0.079143418,3.095026071,0.028923536,0.439593083,0.590087281,0.811551647,0.017255104,0.194701118,0.103564872,0.053738069,2.789478264,1.87841604,1.009734547,0.22633218,3.271447393,0.20506901,0.093295831,0.036564305,0.030818717,0.114925308,0.589063779,0.049648673,0.74675786,1.632743727,2.684757506,0.519630485,0.230946882,0.230946882,1.154734411,15.06928406,0.404157044,25.08660508,66.02193995,NA,NA,NA,NA,NA,NA,NA,NA,NA,NA,NA,NA,NA,NA,NA,NA,NA,NA,NA,NA,NA,NA,NA,NA,NA,NA,NA,NA,NA,NA,NA,NA,NA,NA,NA,NA,NA,NA,NA,NA,NA,NA,NA,NA,NA,NA,NA,NA,NA,NA,NA,NA,NA,NA,NA,NA,NA,NA,NA,NA,NA,NA,NA,NA,NA,NA,NA,NA,NA,NA,NA,NA,0.7541619,1.608152759,0.021909904,0.57142491,0.478697189,2.887747379,0.125732307,1.394886731,0.578842412,4.611288624,0.111340086,2.96394635,0.087784745,0.463813815,1.041351394,0.742141551,0.017090926,0.18287713,0.212988207,0.114923583,3.439243984,1.925489249,1.739496124,0.434627306,4.740242656,0.247483714,0.117140812,0.043990809,0.032953701,0.142885982,0.711061794,0.086892821,0.58862045,1.771784016,3.343653251,0.743034056,0.309597523,0.123839009,0.92879257,17.95665635,0.433436533,17.21362229,72.07430341,NA,NA,NA,NA,NA,NA,NA,NA,NA,NA,NA,NA,NA,NA,NA,NA,NA,NA,NA,NA,NA,NA,NA,NA,NA,NA,NA,NA,NA,NA,NA,NA,NA,NA,NA,NA,NA,NA,NA,NA,NA,NA,NA,NA,NA,NA,NA,NA,NA,NA,NA,NA,NA,NA,NA,NA,NA,NA,NA,NA,NA,NA,NA,NA,NA,NA,NA,NA,NA,NA,NA,NA,1.064232179,1.798869701,0.01541117,4.443994516,1.021366659,3.703629419,0.094957146,0.845789653,0.857876828,0.249384644,0.055583035,2.431079686,0.073474778,0.36147358,0.670117142,0.34639117,0.043991061,0.240446448,0.092387139,0.114658836,4.157213607,1.934611173,1.895861689,0.742258791,3.529051082,0.23104733,0.114823417,0.080191536,0.05644173,0.210656462,0.498123853,0.046918837,0.843526956,2.144226127,2.193944713,0.702062308,0.570425625,0.394910048,2.588854761,12.85651602,0.263273366,27.99473453,88.59148749,NA,NA,NA,NA,NA,NA,NA,NA,NA,NA,NA,NA,NA,NA,NA,NA,NA,NA,NA,NA,NA,NA,NA,NA,NA,NA,NA,NA,NA,NA,NA,NA,NA,NA,NA,NA,NA,NA,NA,NA,NA,NA,NA,NA,NA,NA,NA,NA,NA,NA,NA,NA,NA,NA,NA,NA,NA,NA,NA,NA,NA,NA,NA,NA,NA,NA,NA,NA,NA,NA,NA,NA,68.20658899,2.022245328,0.027796793,4.012760485,0.861434297,3.597868034,0.13185937,1.026898862,0.47928309,4.228221385,0.150257883,2.844817909,0.120042437,0.505550475,1.29166828,0.638616444,0.037858315,0.228050406,0.206364202,0.14282248,3.919355752,2.171395094,2.079287329,0.751210191,4.725690832,0.281626795,0.14294477,0.086406493,0.045532013,0.211361509,0.734341285,0.084406648,0.871490169,2.069346842,3.125406508,0.842798557,0.775018657,0.247841655,2.312732352,21.29521227,0.487467565,29.98062453,86.16879249,NA,NA,NA,NA,NA,NA,NA,NA,NA,NA,NA,NA,NA,NA,NA,NA,NA,NA,NA,NA,NA,NA,NA,NA,NA,NA,NA,NA,NA,NA,NA,NA,NA,NA,NA,NA,NA,NA,NA,NA,NA,NA,NA,NA,NA,NA,NA,NA,NA,NA,NA,NA,NA,NA,NA,NA,NA,NA,NA,NA,NA,NA,NA,NA,NA,NA,NA,NA,NA,NA,NA,NA,12.50601228,2.0758458,0.016067174,4.03401088,0.427840286,3.891031606,0.054863034,0.981798162,0.319492776,4.0900434,0.098025109,0.840833661,0.081453556,0.218657477,0.965099969,0.257441801,0.017729977,0.085773552,0.165047545,0.091370866,4.170564475,1.166827428,2.003883797,0.535989699,4.424119942,0.119771071,0.077787407,0.047688922,0.024266106,0.120923373,0.556733736,0.052401525,0.464073569,1.554757578,1.056719316,0.392069004,0.343527127,0.153093611,1.127665136,15.18613943,0.36219708,11.19076958,62.61528696,NA,NA,NA,NA,NA,NA,NA,NA,NA,NA,NA,NA,NA,NA,NA,NA,NA,NA,NA,NA,NA,NA,NA,NA,NA,NA,NA,NA,NA,NA,NA,NA,NA,NA,NA,NA,NA,NA,NA,NA,NA,NA,NA,NA,NA,NA,NA,NA,NA,NA,NA,NA,NA,NA,NA,NA,NA,NA,NA,NA,NA,NA,NA,NA,NA,NA,NA,NA,NA,NA,NA,NA,0.065843237,2.325674239,0.906843218,2.789840266,0.567598593,3.692511257,0.060224369,1.515344142,0.690193945,4.695749249,0.198510835,0.740838195,0.223549263,0.215974701,1.101502977,0.286818984,0.081681295,0.092917729,0.239016232,0.28610867,3.877887015,1.002582389,2.154146699,0.596878541,5.14928959,0.1489913,0.073010937,0.088841719,0.03533411,0.126435214,0.801620852,0.110566342,0.328898664,1.500987078,2.127659574,0,2.127659574,0.709219858,2.127659574,21.27659574,1.418439716,6.382978723,60.9929078,NA,NA,NA,NA,NA,NA,NA,NA,NA,NA,NA,NA,NA,NA,NA,NA,NA,NA,NA,NA,NA,NA,NA,NA,NA,NA,NA,NA,NA,NA,NA,NA,NA,NA,NA,NA,NA,NA,NA,NA,NA,NA,NA,NA,NA,NA,NA,NA,NA,NA,NA,NA,NA,NA,NA,NA,NA,NA,NA,NA,NA,NA,NA,NA,NA,NA,NA,NA,NA,NA,NA,NA,0.00280184,3.227025204,1.828190755,3.308162752,1.024262802,4.600244743,0.092303654,0.363985209,0.438996607,6.388364582,3.549650998,1.613690917,0.304449662,0.427380325,1.835847632,0.746301341,0.000459831,0.17799483,0.60395599,1.908235777,2.394100383,2.442065557,1.218438667,0.400221004,4.367030902,0.252984739,0.119147792,0.151312725,0.002415278,0.122443546,2.287993714,0.196772368,1.395570544,1.305825388,0,0,0,0,0,66.66666667,0,33.33333333,66.66666667,NA,NA,NA,NA,NA,NA,NA,NA,NA,NA,NA,NA,NA,NA,NA,NA,NA,NA,NA,NA,NA,NA,NA,NA,NA,NA,NA,NA,NA,NA,NA,NA,NA,NA,NA,NA,NA,NA,NA,NA,NA,NA,NA,NA,NA,NA,NA,NA,NA,NA,NA,NA,NA,NA,NA,NA,NA,NA,NA,NA,NA,NA,NA,NA,NA,NA,NA,NA,NA,NA,NA,NA,3.027387985,2.27704138,0.336340124,1.423754216,0.287169671,1.193793783,0.0406785,0.764687324,0.102819146,4.794806818,0.275135195,0.576682351,0.175560924,0.185290795,1.049025605,0.597768971,0.008043245,0.029088904,0.117053308,0.5079903,2.13822626,0.79227753,0.543254816,0.170837557,4.161340471,0.105904686,0.048135738,0.037019866,0.02098355,0.058662324,0.607101638,0.073932691,0.262677354,0.671536099,1.295696437,0.323924109,0.339349067,0.200524449,0.601573346,17.33765232,1.187721734,4.997686256,20.83911769,NA,NA,NA,NA,NA,NA,NA,NA,NA,NA,NA,NA,NA,NA,NA,NA,NA,NA,NA,NA,NA,NA,NA,NA,NA,NA,NA,NA,NA,NA,NA,NA,NA,NA,NA,NA,NA,NA,NA,NA,NA,NA,NA,NA,NA,NA,NA,NA,NA,NA,NA,NA,NA,NA,NA,NA,NA,NA,NA,NA,NA,NA,NA,NA,NA,NA,NA,NA,NA,NA,NA,NA,1.35328866,0.863125594,0.014746845,0.542800948,0.226264722,3.367640099,0.166865148,0.649162701,0.238384551,2.738852155,0.076841565,0.337081771,0.059196621,0.110950507,0.447393043,0.281002899,0.011585465,0.038546534,0.101322113,0.997968018,2.405228699,0.328351584,2.211422867,0.431297613,3.361489669,0.071070534,0.066476172,0.028370108,0.034094755,0.175977528,0.529972802,0.057074967,0.361452846,1.041637584,1.138716356,0.345065562,0.172532781,0.27605245,2.553485162,13.90614217,0.448585231,9.765355418,38.06073154,NA,NA,NA,NA,NA,NA,NA,NA,NA,NA,NA,NA,NA,NA,NA,NA,NA,NA,NA,NA,NA,NA,NA,NA,NA,NA,NA,NA,NA,NA,NA,NA,NA,NA,NA,NA,NA,NA,NA,NA,NA,NA,NA,NA,NA,NA,NA,NA,NA,NA,NA,NA,NA,NA,NA,NA,NA,NA,NA,NA,NA,NA,NA,NA,NA,NA,NA,NA,NA,NA,NA,NA,9.169487964,0.671751437,0.010870057,3.351176564,0.698568674,3.047645177,0.055765203,0.690614478,0.27912231,3.325547068,0.084306035,0.598149324,0.064312239,0.121466084,0.549957722,0.20166555,0.017594498,0.056163623,0.095301042,0.075572345,3.451798968,0.687157996,1.5178731,0.539992747,3.732590912,0.066655545,0.048998661,0.022419053,0.02649579,0.085953796,0.527657729,0.045716016,0.363032559,1.063205387,0.570380933,0.249541658,0.122224486,0.183336728,0.590751681,14.74332858,0.218985537,7.521898554,39.76879201,NA,NA,NA,NA,NA,NA,NA,NA,NA,NA,NA,NA,NA,NA,NA,NA,NA,NA,NA,NA,NA,NA,NA,NA,NA,NA,NA,NA,NA,NA,NA,NA,NA,NA,NA,NA,NA,NA,NA,NA,NA,NA,NA,NA,NA,NA,NA,NA,NA,NA,NA,NA,NA,NA,NA,NA,NA,NA,NA,NA,NA,NA,NA,NA,NA,NA,NA,NA,NA,NA,NA,NA,2.095776226,0.395375066,0.009093764,1.537497944,0.221034627,0.957432565,0.0597646,0.45171447,0.142664385,3.045731556,0.043209169,0.444393856,0.026940369,0.106359328,0.390448722,0.367155552,0.027181056,0.02725864,0.078644668,0.369849137,1.846109911,0.348990576,0.984398558,0.272217631,2.94184783,0.076820184,0.040585334,0.019768271,0.031557468,0.076946194,0.356588607,0.034686603,0.261413265,0.663212409,1.537433155,0.289661319,0.178253119,0.356506239,1.359180036,7.642602496,0.445632799,5.503565062,20.69964349,NA,NA,NA,NA,NA,NA,NA,NA,NA,NA,NA,NA,NA,NA,NA,NA,NA,NA,NA,NA,NA,NA,NA,NA,NA,NA,NA,NA,NA,NA,NA,NA,NA,NA,NA,NA,NA,NA,NA,NA,NA,NA,NA,NA,NA,NA,NA,NA,NA,NA,NA,NA,NA,NA,NA,NA,NA,NA,NA,NA,NA,NA,NA,NA,NA,NA,NA,NA,NA,NA,NA,NA,100,1.832795284,0.033699758,3.698049079,0.744544659,3.410609612,0.109977484,0.963804186,0.420779002,4.060691453,0.135789867,2.230943581,0.106794103,0.407467048,1.123870973,0.538914316,0.031587727,0.180612374,0.181260859,0.155785984,3.76808705,1.792196241,1.928716629,0.661500694,4.486040626,0.227116502,0.118666992,0.070728306,0.039713959,0.178390324,0.674186003,0.074200459,0.73046673,1.816640441,2.513717341,0.689719583,0.612668986,0.23255271,1.911321768,19.21548484,0.464171473,23.79649303,74.47150295,NA,NA,NA,NA,NA,NA,NA,NA,NA,NA,NA,NA,NA,NA,NA,NA,NA,NA,NA,NA,NA,NA,NA,NA,NA,NA,NA,NA,NA,NA,NA,NA,NA,NA,NA,NA,NA,NA,NA,NA,NA,NA,NA,NA,NA,NA,NA,NA,NA,NA,NA,NA,NA,NA,NA,NA,NA,NA,NA,NA,NA,NA,NA,NA,NA,NA,NA,NA,NA,NA,NA,NAUPN63-PB,0.639393645,0.019432225,0.010363594,0.099280155,2.476892805,0.267452973,0.079667631,0.012618232,0.038940071,0.211670713,0.03330615,0.180790856,0.010275813,0.112700129,0.158906442,0.155976433,0.007950389,0.015090011,0.051411458,0.173432456,0.070633199,0.029416764,2.874082666,0.286946802,2.28089432,0.224810672,0.057509888,0.00624016,0.030460336,0.156030789,1.978911704,0.077084979,0.904362502,0.754333727,5.47112462,0.911854103,0,0.303951368,0.911854103,55.01519757,0.911854103,33.73860182,25.83586626,NA,NA,NA,NA,NA,NA,NA,NA,NA,NA,NA,NA,NA,NA,NA,NA,NA,NA,NA,NA,NA,NA,NA,NA,NA,NA,NA,NA,NA,NA,NA,NA,NA,NA,NA,NA,NA,NA,NA,NA,NA,NA,NA,NA,NA,NA,NA,NA,NA,NA,NA,NA,NA,NA,NA,NA,NA,NA,NA,NA,NA,NA,NA,NA,NA,NA,NA,NA,NA,NA,NA,NA,0.149645321,0.155857349,0.018892141,0.278186303,1.957904319,2.231172424,0.044785054,0.169539118,0.244531699,0.7319578,0.080967502,0.22220602,0.03000775,0.226005842,0.206258213,0.43133579,0.031148112,0.043267082,0.126406154,0.177269707,0.959431358,0.107760673,3.087210868,0.461028703,3.141060249,0.271558641,0.073164274,2.78E-05,0.085932957,0.179940784,1.762979751,0.139342012,0.716430024,1.340167162,7.792207792,0,0,0,0,41.55844156,1.298701299,25.97402597,48.05194805,NA,NA,NA,NA,NA,NA,NA,NA,NA,NA,NA,NA,NA,NA,NA,NA,NA,NA,NA,NA,NA,NA,NA,NA,NA,NA,NA,NA,NA,NA,NA,NA,NA,NA,NA,NA,NA,NA,NA,NA,NA,NA,NA,NA,NA,NA,NA,NA,NA,NA,NA,NA,NA,NA,NA,NA,NA,NA,NA,NA,NA,NA,NA,NA,NA,NA,NA,NA,NA,NA,NA,NA,0.048586143,0.222297945,0.0109554,0.213769422,1.461930256,2.072466129,2.105097705,0.424839163,0.225518831,2.353789831,0.063360405,0.486553743,0.056614169,0.257623955,0.366898853,0.359928874,0.009049746,0.085211587,0.112465655,0.778428935,1.21784935,0.253725544,2.519928781,0.529567832,2.940028661,0.178697363,0.122981141,0.025194315,0.000445189,0.137219443,0.968249061,0.070975008,0.589982738,1.154003921,8,0,0,0,0,24,0,16,40,NA,NA,NA,NA,NA,NA,NA,NA,NA,NA,NA,NA,NA,NA,NA,NA,NA,NA,NA,NA,NA,NA,NA,NA,NA,NA,NA,NA,NA,NA,NA,NA,NA,NA,NA,NA,NA,NA,NA,NA,NA,NA,NA,NA,NA,NA,NA,NA,NA,NA,NA,NA,NA,NA,NA,NA,NA,NA,NA,NA,NA,NA,NA,NA,NA,NA,NA,NA,NA,NA,NA,NA,0.015547566,0.092343094,0.000218383,0.248437283,1.957095349,2.581453326,0.434912258,0.159829783,1.569434103,0.57312508,0.178589784,0.180877646,0.000114386,0.493442913,0.409454174,0.653655888,0.013929126,0.022120795,0.317531722,0.18563932,0.797569607,0.062176608,4.125054352,0.861107482,4.339269083,0.299858819,0.035569922,0.000232749,0.026034882,0.299134053,0.682495062,0.099890305,0.722139466,2.014055754,12.5,0,0,0,0,25,0,25,87.5,NA,NA,NA,NA,NA,NA,NA,NA,NA,NA,NA,NA,NA,NA,NA,NA,NA,NA,NA,NA,NA,NA,NA,NA,NA,NA,NA,NA,NA,NA,NA,NA,NA,NA,NA,NA,NA,NA,NA,NA,NA,NA,NA,NA,NA,NA,NA,NA,NA,NA,NA,NA,NA,NA,NA,NA,NA,NA,NA,NA,NA,NA,NA,NA,NA,NA,NA,NA,NA,NA,NA,NA,25.62238849,0.276956449,0.008910418,0.573289673,0.105599152,1.712343912,0.113990302,0.526237366,0.12804229,4.350233821,0.130186856,2.847581944,0.0255542,0.166608308,0.51414049,0.321264748,0.017912018,0.051279063,0.088265088,0.043822948,2.173369737,1.574860642,0.937390132,0.23585243,5.152270536,0.064062605,0.039867403,0.009292284,0.040372927,0.055441446,0.41498359,0.0643557,0.375735823,1.25940092,0.41717233,0.235133495,0.068264563,0.735740291,0.439927184,10.46723301,0.561286408,9.390169903,48.4526699,NA,NA,NA,NA,NA,NA,NA,NA,NA,NA,NA,NA,NA,NA,NA,NA,NA,NA,NA,NA,NA,NA,NA,NA,NA,NA,NA,NA,NA,NA,NA,NA,NA,NA,NA,NA,NA,NA,NA,NA,NA,NA,NA,NA,NA,NA,NA,NA,NA,NA,NA,NA,NA,NA,NA,NA,NA,NA,NA,NA,NA,NA,NA,NA,NA,NA,NA,NA,NA,NA,NA,NA,2.831600428,1.143472306,0.034548622,0.718631839,0.225983865,2.764723021,0.268621685,1.421870897,0.564108309,4.785663546,0.199218615,2.964697181,0.101771703,0.435149969,1.247009709,0.472810304,0.032106343,0.107530411,0.277331101,0.084757179,2.931332145,2.166470671,1.725222964,0.520347091,5.578468107,0.226372203,0.114965996,0.025090438,0.051427666,0.121274812,0.796707042,0.159141216,0.678224874,1.849524597,3.431708991,0.343170899,0.06863418,0.274536719,0.549073439,22.30610844,1.098146877,19.08030199,79.06657515,NA,NA,NA,NA,NA,NA,NA,NA,NA,NA,NA,NA,NA,NA,NA,NA,NA,NA,NA,NA,NA,NA,NA,NA,NA,NA,NA,NA,NA,NA,NA,NA,NA,NA,NA,NA,NA,NA,NA,NA,NA,NA,NA,NA,NA,NA,NA,NA,NA,NA,NA,NA,NA,NA,NA,NA,NA,NA,NA,NA,NA,NA,NA,NA,NA,NA,NA,NA,NA,NA,NA,NA,0.20017491,0.967685938,0.019777694,3.022835076,0.456883541,2.940401648,0.164249213,0.500801178,0.586439203,0.320612137,0.098857739,2.874902124,0.072189394,0.344260655,0.527498158,0.200478725,0.03384668,0.115784322,0.118623308,0.075648749,3.464800247,2.271900952,1.710730333,0.483928271,4.600600021,0.194394875,0.070391887,0.006953374,0.030830612,0.157145383,0.658155834,0.061790466,0.92186962,2.141478713,1.941747573,0,0,0,0.970873786,23.30097087,0.970873786,33.00970874,83.49514563,NA,NA,NA,NA,NA,NA,NA,NA,NA,NA,NA,NA,NA,NA,NA,NA,NA,NA,NA,NA,NA,NA,NA,NA,NA,NA,NA,NA,NA,NA,NA,NA,NA,NA,NA,NA,NA,NA,NA,NA,NA,NA,NA,NA,NA,NA,NA,NA,NA,NA,NA,NA,NA,NA,NA,NA,NA,NA,NA,NA,NA,NA,NA,NA,NA,NA,NA,NA,NA,NA,NA,NA,20.27596929,1.221197686,0.034310973,2.390848008,0.366154281,2.883379194,0.26933664,1.042915076,0.416710554,4.466453409,0.25726374,2.974345635,0.102830928,0.470928209,1.212145845,0.448114622,0.039313884,0.135085242,0.242918074,0.073079846,3.160136008,2.295891756,1.8461609,0.605606993,5.347011433,0.223955031,0.12616159,0.033234037,0.056272204,0.17440045,0.829055875,0.160524043,0.874034019,1.937321236,2.616697019,0.651778012,0.210869357,0.431323684,1.303556024,24.26914598,1.073516726,29.09997125,82.80456245,NA,NA,NA,NA,NA,NA,NA,NA,NA,NA,NA,NA,NA,NA,NA,NA,NA,NA,NA,NA,NA,NA,NA,NA,NA,NA,NA,NA,NA,NA,NA,NA,NA,NA,NA,NA,NA,NA,NA,NA,NA,NA,NA,NA,NA,NA,NA,NA,NA,NA,NA,NA,NA,NA,NA,NA,NA,NA,NA,NA,NA,NA,NA,NA,NA,NA,NA,NA,NA,NA,NA,NA,0.567486153,1.828252288,0.029640215,2.796892565,0.193515145,3.686832215,0.126032084,0.951978338,0.330311574,4.18171307,0.202810601,0.936829366,0.077737172,0.140237495,0.924210135,0.191581151,0.029251768,0.03610419,0.208785237,0.090893592,3.702898544,1.405142685,1.999826306,0.489672797,5.221385766,0.099496467,0.063463747,0.020330469,0.031659092,0.157815908,0.666568553,0.128097956,0.446756078,1.489690778,0.684931507,0,0,0.342465753,1.02739726,17.46575342,1.369863014,9.931506849,64.7260274,NA,NA,NA,NA,NA,NA,NA,NA,NA,NA,NA,NA,NA,NA,NA,NA,NA,NA,NA,NA,NA,NA,NA,NA,NA,NA,NA,NA,NA,NA,NA,NA,NA,NA,NA,NA,NA,NA,NA,NA,NA,NA,NA,NA,NA,NA,NA,NA,NA,NA,NA,NA,NA,NA,NA,NA,NA,NA,NA,NA,NA,NA,NA,NA,NA,NA,NA,NA,NA,NA,NA,NA,0.011660674,1.683167492,1.459651851,2.013412956,0.221016489,3.686252197,0.002914451,0.960520546,0.40337232,4.185594768,0.474780295,1.117461992,0.26662403,0.555943654,0.629753443,0.435939002,0.001726918,0.000931738,0.245266924,0.411885376,2.972843882,2.049708916,2.038053048,0.499023514,5.607998932,0.177734289,0.134772838,0.001407515,0.093564636,0.197866992,1.00825552,0.441374257,0.410765958,1.127896304,0,0,0,0,0,33.33333333,16.66666667,0,50,NA,NA,NA,NA,NA,NA,NA,NA,NA,NA,NA,NA,NA,NA,NA,NA,NA,NA,NA,NA,NA,NA,NA,NA,NA,NA,NA,NA,NA,NA,NA,NA,NA,NA,NA,NA,NA,NA,NA,NA,NA,NA,NA,NA,NA,NA,NA,NA,NA,NA,NA,NA,NA,NA,NA,NA,NA,NA,NA,NA,NA,NA,NA,NA,NA,NA,NA,NA,NA,NA,NA,NA,0.007773783,1.879981997,2.017763803,1.707342628,0.042806916,4.111431222,0.116059922,0.10778424,0.069186734,6.207676075,3.450072423,0.504345116,0.606608526,0.301364762,1.396538739,0.263780995,0.001205029,0.000370783,0.68593118,2.205882954,0.82594265,2.508580134,1.070123074,0.001810303,4.591847267,0.001148022,0.115716417,0.085883587,0.000439326,0.077494941,1.587630598,0.74955003,0.382956982,1.110288676,0,0,0,0,0,75,25,0,25,NA,NA,NA,NA,NA,NA,NA,NA,NA,NA,NA,NA,NA,NA,NA,NA,NA,NA,NA,NA,NA,NA,NA,NA,NA,NA,NA,NA,NA,NA,NA,NA,NA,NA,NA,NA,NA,NA,NA,NA,NA,NA,NA,NA,NA,NA,NA,NA,NA,NA,NA,NA,NA,NA,NA,NA,NA,NA,NA,NA,NA,NA,NA,NA,NA,NA,NA,NA,NA,NA,NA,NA,9.217763094,1.527277828,1.016276261,0.279607377,0.04637412,0.402639745,0.127663062,0.156713309,0.046902486,5.216170193,0.876836672,0.188710564,0.496898893,0.134966138,0.864676685,0.101744227,0.011234103,0.017556594,0.127485212,1.386909359,0.392107535,1.939339038,0.237520197,0.14301362,3.942254305,0.064911941,0.04283997,0.013212784,0.041359194,0.068489913,1.515731858,0.108974475,0.401379717,0.828141973,0.253004428,0.27408813,0.021083702,0.337339237,0.484925153,47.12207464,1.307189542,11.97554291,29.68585284,NA,NA,NA,NA,NA,NA,NA,NA,NA,NA,NA,NA,NA,NA,NA,NA,NA,NA,NA,NA,NA,NA,NA,NA,NA,NA,NA,NA,NA,NA,NA,NA,NA,NA,NA,NA,NA,NA,NA,NA,NA,NA,NA,NA,NA,NA,NA,NA,NA,NA,NA,NA,NA,NA,NA,NA,NA,NA,NA,NA,NA,NA,NA,NA,NA,NA,NA,NA,NA,NA,NA,NA,12.00855116,0.26683208,0.014717469,0.212943591,0.041132006,3.2343847,0.267946598,0.31043497,0.076132791,2.670796699,0.068814634,0.413300229,0.019043445,0.077245327,0.291819593,0.136641829,0.013657832,0.020821538,0.05656482,1.092494931,1.493420757,0.536512355,2.316535429,0.247623394,3.103776603,0.024330871,0.031065056,0.008072523,0.026446626,0.094722723,0.299171403,0.036905564,0.33631174,0.984750844,0.080919243,0.194206182,0,0.226573879,0.793008577,7.072341803,0.291309273,9.208609807,36.68878459,NA,NA,NA,NA,NA,NA,NA,NA,NA,NA,NA,NA,NA,NA,NA,NA,NA,NA,NA,NA,NA,NA,NA,NA,NA,NA,NA,NA,NA,NA,NA,NA,NA,NA,NA,NA,NA,NA,NA,NA,NA,NA,NA,NA,NA,NA,NA,NA,NA,NA,NA,NA,NA,NA,NA,NA,NA,NA,NA,NA,NA,NA,NA,NA,NA,NA,NA,NA,NA,NA,NA,NA,4.907200466,0.357268264,0.009011823,2.299154782,0.202905729,2.849875923,0.09608265,0.547430056,0.171837121,3.77682905,0.105490773,0.967835355,0.035119964,0.098541561,0.470509321,0.143533557,0.01906313,0.037784647,0.103132324,0.092945655,2.991276731,1.193854603,1.5696411,0.347248493,4.822516779,0.053957983,0.036796632,0.009295561,0.02627576,0.065617583,0.414754218,0.068766372,0.366654495,1.151789674,0.396039604,0.079207921,0.03960396,0.198019802,0.356435644,9.544554455,0.752475248,7.683168317,44.83168317,NA,NA,NA,NA,NA,NA,NA,NA,NA,NA,NA,NA,NA,NA,NA,NA,NA,NA,NA,NA,NA,NA,NA,NA,NA,NA,NA,NA,NA,NA,NA,NA,NA,NA,NA,NA,NA,NA,NA,NA,NA,NA,NA,NA,NA,NA,NA,NA,NA,NA,NA,NA,NA,NA,NA,NA,NA,NA,NA,NA,NA,NA,NA,NA,NA,NA,NA,NA,NA,NA,NA,NA,23.48654164,0.081568556,0.020914184,0.298757617,0.037684191,0.532716748,0.087119017,0.188228015,0.037236912,3.025911464,0.045163152,0.393837885,0.016930366,0.039828805,0.165215614,0.138785257,0.009178734,0.01124326,0.031555054,0.549011034,0.867398734,0.465515044,0.954275222,0.146386902,3.336421185,0.01793011,0.019644254,0.004867281,0.039219552,0.035812622,0.284058281,0.026458601,0.181596248,0.519578188,0.165494415,0.157219694,0.016549441,0.827472073,0.430285478,7.438973935,0.289615225,4.004964832,17.13694663,NA,NA,NA,NA,NA,NA,NA,NA,NA,NA,NA,NA,NA,NA,NA,NA,NA,NA,NA,NA,NA,NA,NA,NA,NA,NA,NA,NA,NA,NA,NA,NA,NA,NA,NA,NA,NA,NA,NA,NA,NA,NA,NA,NA,NA,NA,NA,NA,NA,NA,NA,NA,NA,NA,NA,NA,NA,NA,NA,NA,NA,NA,NA,NA,NA,NA,NA,NA,NA,NA,NA,NA,100,0.573818012,0.111652463,0.909942571,0.157565707,1.826259229,0.164403121,0.516498045,0.168008004,3.882759078,0.198098041,1.636742365,0.084874359,0.18926928,0.597537674,0.255530392,0.01963406,0.052876592,0.11288516,0.423704596,1.877772486,1.354973938,1.304581964,0.299028703,4.380153362,0.08695729,0.054220439,0.013804345,0.041278894,0.084939239,0.58091081,0.079320892,0.442467309,1.161744442,0.886211253,0.297347197,0.069964046,0.549995141,0.664658439,16.22777184,0.674375668,12.76455155,45.62433194,NA,NA,NA,NA,NA,NA,NA,NA,NA,NA,NA,NA,NA,NA,NA,NA,NA,NA,NA,NA,NA,NA,NA,NA,NA,NA,NA,NA,NA,NA,NA,NA,NA,NA,NA,NA,NA,NA,NA,NA,NA,NA,NA,NA,NA,NA,NA,NA,NA,NA,NA,NA,NA,NA,NA,NA,NA,NA,NA,NA,NA,NA,NA,NA,NA,NA,NA,NA,NA,NA,NA,NAUPN64-PB,0.023221612,0.001152662,0.001082555,0.51216883,2.199128192,0.374657484,0.127877265,0.00127677,0.000295276,0.679467949,0.073358456,0.026517587,0.087005839,0.654151214,0.205658905,0.000153012,0.061478532,0.002516354,0.212535005,0.000255171,0.017920351,1.17556375,1.193935772,0.181390043,1.988413802,0.371078214,0.088305985,0.000432945,0.0009601,0.217576549,0.55503951,0.000262717,0.831846759,0.977365448,0,0,0,0,0,0,0,33.33333333,66.66666667,NA,NA,NA,NA,NA,NA,NA,NA,NA,NA,NA,NA,NA,NA,NA,NA,NA,NA,NA,NA,NA,NA,NA,NA,NA,NA,NA,NA,NA,NA,NA,NA,NA,NA,NA,NA,NA,NA,NA,NA,NA,NA,NA,NA,NA,NA,NA,NA,NA,NA,NA,NA,NA,NA,NA,NA,NA,NA,NA,NA,NA,NA,NA,NA,NA,NA,NA,NA,NA,NA,NA,NA,0.015481074,0.00036012,0.000693702,0.000378884,1.004728451,4.476636463,0.000787494,0.000142309,0.000374512,0.117500798,0.030196905,0.086000982,0.000558966,0.000723507,0.001165505,0.000280355,0.000694062,0.00120556,0.001722279,0.148986826,0.000815433,0.003195863,3.04391227,0.000377398,1.26547914,0.332937285,0.002698617,0.000698573,0.000696009,0.139337554,0.188353592,0.153418141,1.013686233,0.620544273,0,0,0,0,0,0,0,50,0,NA,NA,NA,NA,NA,NA,NA,NA,NA,NA,NA,NA,NA,NA,NA,NA,NA,NA,NA,NA,NA,NA,NA,NA,NA,NA,NA,NA,NA,NA,NA,NA,NA,NA,NA,NA,NA,NA,NA,NA,NA,NA,NA,NA,NA,NA,NA,NA,NA,NA,NA,NA,NA,NA,NA,NA,NA,NA,NA,NA,NA,NA,NA,NA,NA,NA,NA,NA,NA,NA,NA,NA,0.05418376,0.000741699,0.00046121,0.160113276,0.806493457,2.19743717,4.647727022,0.000257632,3.95E-05,1.269132092,0.079043781,0.000815241,0.000653815,0.034303498,0.187603274,0.276194303,0.062053106,0.003377197,0.245027527,0.488651921,0.402541889,0.000928542,1.621215505,0.612921391,1.714288673,0.000585718,0.015258337,0.025000256,0.00112226,0.070641543,0.143622423,0.000374722,0.252001543,1.10253101,0,0,0,0,0,0,0,14.28571429,57.14285714,NA,NA,NA,NA,NA,NA,NA,NA,NA,NA,NA,NA,NA,NA,NA,NA,NA,NA,NA,NA,NA,NA,NA,NA,NA,NA,NA,NA,NA,NA,NA,NA,NA,NA,NA,NA,NA,NA,NA,NA,NA,NA,NA,NA,NA,NA,NA,NA,NA,NA,NA,NA,NA,NA,NA,NA,NA,NA,NA,NA,NA,NA,NA,NA,NA,NA,NA,NA,NA,NA,NA,NA,0,NA,NA,NA,NA,NA,NA,NA,NA,NA,NA,NA,NA,NA,NA,NA,NA,NA,NA,NA,NA,NA,NA,NA,NA,NA,NA,NA,NA,NA,NA,NA,NA,NA,NA,NA,NA,NA,NA,NA,NA,NA,NA,NA,NA,NA,NA,NA,NA,NA,NA,NA,NA,NA,NA,NA,NA,NA,NA,NA,NA,NA,NA,NA,NA,NA,NA,NA,NA,NA,NA,NA,NA,NA,NA,NA,NA,NA,NA,NA,NA,NA,NA,NA,NA,NA,NA,NA,NA,NA,NA,NA,NA,NA,NA,NA,NA,NA,NA,NA,NA,NA,NA,NA,NA,NA,NA,NA,NA,NA,NA,NA,NA,NA,NA,0.038702686,0.237388654,0.015081685,0.635226584,0.322236603,0.829440457,2.007999117,0.284726381,0.083977097,1.731502797,0.067572198,1.722015381,0.000846446,0.087256534,0.208374755,0.045992369,0.000462495,0.152490036,0.000248336,0.000686463,0.662801618,1.527673665,0.763020498,0.399464137,3.724935468,0.000760588,0.143185583,0.000461243,0.238786563,0.029128134,0.129889754,0.068684352,0.344270949,0.77337848,0,0,0,0,0,0,0,20,20,NA,NA,NA,NA,NA,NA,NA,NA,NA,NA,NA,NA,NA,NA,NA,NA,NA,NA,NA,NA,NA,NA,NA,NA,NA,NA,NA,NA,NA,NA,NA,NA,NA,NA,NA,NA,NA,NA,NA,NA,NA,NA,NA,NA,NA,NA,NA,NA,NA,NA,NA,NA,NA,NA,NA,NA,NA,NA,NA,NA,NA,NA,NA,NA,NA,NA,NA,NA,NA,NA,NA,NA,0,NA,NA,NA,NA,NA,NA,NA,NA,NA,NA,NA,NA,NA,NA,NA,NA,NA,NA,NA,NA,NA,NA,NA,NA,NA,NA,NA,NA,NA,NA,NA,NA,NA,NA,NA,NA,NA,NA,NA,NA,NA,NA,NA,NA,NA,NA,NA,NA,NA,NA,NA,NA,NA,NA,NA,NA,NA,NA,NA,NA,NA,NA,NA,NA,NA,NA,NA,NA,NA,NA,NA,NA,NA,NA,NA,NA,NA,NA,NA,NA,NA,NA,NA,NA,NA,NA,NA,NA,NA,NA,NA,NA,NA,NA,NA,NA,NA,NA,NA,NA,NA,NA,NA,NA,NA,NA,NA,NA,NA,NA,NA,NA,NA,NA,0.015481074,2.039270473,0.000123047,5.117148221,2.62170804,0.202086443,0.262057624,0.424003403,0.515485747,0.259668895,0.027706497,2.309230562,0.325346288,1.568884502,1.650413416,1.560092553,0.075872425,0.509426632,0.000317747,0.629696756,3.80392117,2.600048324,0.966242149,1.183531113,3.968175002,0.259731921,0.004086586,0.053998169,0.000346743,0.000316508,0.489904752,0.105730356,2.000079833,2.437819044,0,0,0,0,0,0,0,100,100,NA,NA,NA,NA,NA,NA,NA,NA,NA,NA,NA,NA,NA,NA,NA,NA,NA,NA,NA,NA,NA,NA,NA,NA,NA,NA,NA,NA,NA,NA,NA,NA,NA,NA,NA,NA,NA,NA,NA,NA,NA,NA,NA,NA,NA,NA,NA,NA,NA,NA,NA,NA,NA,NA,NA,NA,NA,NA,NA,NA,NA,NA,NA,NA,NA,NA,NA,NA,NA,NA,NA,NA,0.05418376,1.700332694,0.038636763,4.489449508,0.842193811,2.230546281,1.264302115,0.90278229,0.531984849,3.149357752,0.638432464,2.24983588,0.371700571,0.97636677,1.181069754,1.93076196,0.030504657,0.566804811,0.070018105,0.195842872,3.494699831,2.085920401,1.749926878,0.953732325,5.001936462,0.513289454,0.053468575,2.52E-05,0.027137028,0.26142155,1.000723084,0.061537753,1.487533055,2.230847657,0,0,0,0,14.28571429,28.57142857,0,57.14285714,85.71428571,NA,NA,NA,NA,NA,NA,NA,NA,NA,NA,NA,NA,NA,NA,NA,NA,NA,NA,NA,NA,NA,NA,NA,NA,NA,NA,NA,NA,NA,NA,NA,NA,NA,NA,NA,NA,NA,NA,NA,NA,NA,NA,NA,NA,NA,NA,NA,NA,NA,NA,NA,NA,NA,NA,NA,NA,NA,NA,NA,NA,NA,NA,NA,NA,NA,NA,NA,NA,NA,NA,NA,NA,0.023221612,2.278811598,0.259468032,4.928429079,0.064905912,4.344107625,0.10207912,1.097403818,0.801387131,3.954017077,0.036496801,0.817550788,0.068102728,0.265321095,1.750331139,2.648910482,0.019795683,0.168001633,0.059125547,0.189303454,2.923836756,1.345685675,2.168790039,1.059741309,5.970599,0.127736598,0.000523368,0.001197248,0.000302954,0.171720068,0.831517178,0.028387542,0.538998339,2.113217211,0,0,0,0,0,33.33333333,0,33.33333333,100,NA,NA,NA,NA,NA,NA,NA,NA,NA,NA,NA,NA,NA,NA,NA,NA,NA,NA,NA,NA,NA,NA,NA,NA,NA,NA,NA,NA,NA,NA,NA,NA,NA,NA,NA,NA,NA,NA,NA,NA,NA,NA,NA,NA,NA,NA,NA,NA,NA,NA,NA,NA,NA,NA,NA,NA,NA,NA,NA,NA,NA,NA,NA,NA,NA,NA,NA,NA,NA,NA,NA,NA,0,NA,NA,NA,NA,NA,NA,NA,NA,NA,NA,NA,NA,NA,NA,NA,NA,NA,NA,NA,NA,NA,NA,NA,NA,NA,NA,NA,NA,NA,NA,NA,NA,NA,NA,NA,NA,NA,NA,NA,NA,NA,NA,NA,NA,NA,NA,NA,NA,NA,NA,NA,NA,NA,NA,NA,NA,NA,NA,NA,NA,NA,NA,NA,NA,NA,NA,NA,NA,NA,NA,NA,NA,NA,NA,NA,NA,NA,NA,NA,NA,NA,NA,NA,NA,NA,NA,NA,NA,NA,NA,NA,NA,NA,NA,NA,NA,NA,NA,NA,NA,NA,NA,NA,NA,NA,NA,NA,NA,NA,NA,NA,NA,NA,NA,0,NA,NA,NA,NA,NA,NA,NA,NA,NA,NA,NA,NA,NA,NA,NA,NA,NA,NA,NA,NA,NA,NA,NA,NA,NA,NA,NA,NA,NA,NA,NA,NA,NA,NA,NA,NA,NA,NA,NA,NA,NA,NA,NA,NA,NA,NA,NA,NA,NA,NA,NA,NA,NA,NA,NA,NA,NA,NA,NA,NA,NA,NA,NA,NA,NA,NA,NA,NA,NA,NA,NA,NA,NA,NA,NA,NA,NA,NA,NA,NA,NA,NA,NA,NA,NA,NA,NA,NA,NA,NA,NA,NA,NA,NA,NA,NA,NA,NA,NA,NA,NA,NA,NA,NA,NA,NA,NA,NA,NA,NA,NA,NA,NA,NA,13.25954021,1.043425841,1.029653782,0.257634651,0.025086969,0.260991141,0.241504513,0.005326788,0.032621622,5.157184199,0.830611526,0.015036612,0.381787995,0.058248785,0.431559104,0.030268042,0.010164935,0.018354274,0.063379709,0.93376542,0.047876006,1.152592465,0.096066011,0.134917998,2.619216106,0.056106838,0.022122461,0.009314399,0.041192116,0.055069177,1.046066379,0.081535419,0.426373417,0.499997997,0.583771162,0.116754232,0.058377116,0.467016929,0.408639813,38.9959136,0.583771162,12.66783421,15.58669002,NA,NA,NA,NA,NA,NA,NA,NA,NA,NA,NA,NA,NA,NA,NA,NA,NA,NA,NA,NA,NA,NA,NA,NA,NA,NA,NA,NA,NA,NA,NA,NA,NA,NA,NA,NA,NA,NA,NA,NA,NA,NA,NA,NA,NA,NA,NA,NA,NA,NA,NA,NA,NA,NA,NA,NA,NA,NA,NA,NA,NA,NA,NA,NA,NA,NA,NA,NA,NA,NA,NA,NA,5.549965168,0.03800244,0.018979927,0.045644952,0.008841557,3.375559554,0.495418827,0.001436316,0.007393204,1.475808802,0.181630377,0.012672255,0.005759657,0.042256188,0.11387195,0.082032868,0.014368323,0.014652185,0.010959723,1.18726426,0.043401328,0.033002597,3.070418513,0.243734338,0.241291589,0.009504482,0.024487984,0.007176983,0.022151831,0.078786495,0.155559754,0.027428452,0.38557243,0.702620444,0.278940028,0.278940028,0,0.139470014,0.557880056,2.510460251,0.418410042,11.57601116,26.77824268,NA,NA,NA,NA,NA,NA,NA,NA,NA,NA,NA,NA,NA,NA,NA,NA,NA,NA,NA,NA,NA,NA,NA,NA,NA,NA,NA,NA,NA,NA,NA,NA,NA,NA,NA,NA,NA,NA,NA,NA,NA,NA,NA,NA,NA,NA,NA,NA,NA,NA,NA,NA,NA,NA,NA,NA,NA,NA,NA,NA,NA,NA,NA,NA,NA,NA,NA,NA,NA,NA,NA,NA,4.65980339,0.068701829,0.012871194,3.642667878,0.042260253,2.144222247,1.196710223,0.012090149,0.034271689,3.809324758,0.465196429,0.060514043,0.00888398,0.023590293,0.064143364,0.058540558,0.058361333,0.035549979,0.051444064,0.811659031,0.225878715,0.098929886,2.390480627,1.039759239,0.479027498,0.008082758,0.020819925,0.00377435,0.031497076,0.051545604,0.220226054,0.035616551,0.10991325,0.169853456,0,0.166112957,0,0.166112957,0.332225914,1.993355482,0.332225914,2.491694352,5.481727575,NA,NA,NA,NA,NA,NA,NA,NA,NA,NA,NA,NA,NA,NA,NA,NA,NA,NA,NA,NA,NA,NA,NA,NA,NA,NA,NA,NA,NA,NA,NA,NA,NA,NA,NA,NA,NA,NA,NA,NA,NA,NA,NA,NA,NA,NA,NA,NA,NA,NA,NA,NA,NA,NA,NA,NA,NA,NA,NA,NA,NA,NA,NA,NA,NA,NA,NA,NA,NA,NA,NA,NA,76.28299404,0.039585716,0.036701953,0.501285845,0.008935022,0.215509429,0.150677754,0.004785861,0.007715814,1.925152335,0.055628534,0.018843945,0.014006037,0.013395821,0.032846167,0.029788988,0.005330928,0.009121949,0.007834537,0.323393329,0.115802767,0.193008125,0.686660761,0.128608792,1.069051514,0.006186595,0.008866316,0.002479203,0.012639389,0.017980533,0.128300213,0.010921829,0.092301802,0.140152929,0.040588534,0.152207002,0.010147133,0.172501268,0.192795535,2.719431761,0.050735667,2.00913242,3.63267377,NA,NA,NA,NA,NA,NA,NA,NA,NA,NA,NA,NA,NA,NA,NA,NA,NA,NA,NA,NA,NA,NA,NA,NA,NA,NA,NA,NA,NA,NA,NA,NA,NA,NA,NA,NA,NA,NA,NA,NA,NA,NA,NA,NA,NA,NA,NA,NA,NA,NA,NA,NA,NA,NA,NA,NA,NA,NA,NA,NA,NA,NA,NA,NA,NA,NA,NA,NA,NA,NA,NA,NA,100,0.176741407,0.166264818,0.593922999,0.014707557,0.491721932,0.236484204,0.005920335,0.012842028,2.416392248,0.184795431,0.022381696,0.062330198,0.022424567,0.093123817,0.036101145,0.009075998,0.012347564,0.017620045,0.474802033,0.111260396,0.309212113,0.822355336,0.17981796,1.206253031,0.013551278,0.012139728,0.003724523,0.017907653,0.028095621,0.256601158,0.022431157,0.155375045,0.223417111,0.123848595,0.154810744,0.015481074,0.208994504,0.255437727,7.50058054,0.154810744,4.056041489,6.718786284,NA,NA,NA,NA,NA,NA,NA,NA,NA,NA,NA,NA,NA,NA,NA,NA,NA,NA,NA,NA,NA,NA,NA,NA,NA,NA,NA,NA,NA,NA,NA,NA,NA,NA,NA,NA,NA,NA,NA,NA,NA,NA,NA,NA,NA,NA,NA,NA,NA,NA,NA,NA,NA,NA,NA,NA,NA,NA,NA,NA,NA,NA,NA,NA,NA,NA,NA,NA,NA,NA,NA,NAUPN65-PB,0.128205128,0.046077708,0.001229858,0.187825066,3.123130193,0.848005297,0.183079183,0.011627188,0.05095504,0.157058048,0.055577078,0.228997357,0.042763068,0.568921838,1.010632499,0.583472771,0.044673494,0.04721788,0.109430648,0.813681763,0.130051527,0.027274153,3.05783984,0.596225782,4.207446195,1.204879415,0.089456503,0.034798869,0.048074347,0.236520639,1.792013376,0.083515016,1.274106644,2.022020293,53.84615385,1.538461538,0,0,0,50.76923077,0,50.76923077,81.53846154,NA,NA,NA,NA,NA,NA,NA,NA,NA,NA,NA,NA,NA,NA,NA,NA,NA,NA,NA,NA,NA,NA,NA,NA,NA,NA,NA,NA,NA,NA,NA,NA,NA,NA,NA,NA,NA,NA,NA,NA,NA,NA,NA,NA,NA,NA,NA,NA,NA,NA,NA,NA,NA,NA,NA,NA,NA,NA,NA,NA,NA,NA,NA,NA,NA,NA,NA,NA,NA,NA,NA,NA,0.834319527,0.029426881,0.021389747,0.212098752,2.285143254,3.500332889,0.067316436,0.020434154,0.127979729,0.433324692,0.064995054,0.194800088,0.021926884,0.640460205,1.05888217,0.96715368,0.039786556,0.051419696,0.222122795,1.422840084,0.195879631,0.071712298,4.254147442,0.587209476,3.802450313,0.892370392,0.143867215,0.029148876,0.104158439,0.547050564,1.569579769,0.128551058,1.08831528,2.745837586,37.35224586,0.472813239,0,0.945626478,11.58392435,44.91725768,0.945626478,39.0070922,95.03546099,NA,NA,NA,NA,NA,NA,NA,NA,NA,NA,NA,NA,NA,NA,NA,NA,NA,NA,NA,NA,NA,NA,NA,NA,NA,NA,NA,NA,NA,NA,NA,NA,NA,NA,NA,NA,NA,NA,NA,NA,NA,NA,NA,NA,NA,NA,NA,NA,NA,NA,NA,NA,NA,NA,NA,NA,NA,NA,NA,NA,NA,NA,NA,NA,NA,NA,NA,NA,NA,NA,NA,NA,0.132149901,0.140668205,0.042915264,0.154262479,1.641435853,4.069565093,1.914203268,0.017797316,0.123161027,1.027011834,0.053453983,0.170725776,0.035694134,0.551987192,1.259147294,0.761847573,0.034311488,0.073471877,0.223535838,2.825846687,0.240550505,0.116724095,4.549195652,0.630357806,2.378890266,0.629631333,0.184962602,0.041947573,0.123813723,0.60813165,0.901907837,0.117194565,1.022463658,2.676745691,25.37313433,1.492537313,0,1.492537313,16.41791045,23.88059701,0,35.82089552,92.53731343,NA,NA,NA,NA,NA,NA,NA,NA,NA,NA,NA,NA,NA,NA,NA,NA,NA,NA,NA,NA,NA,NA,NA,NA,NA,NA,NA,NA,NA,NA,NA,NA,NA,NA,NA,NA,NA,NA,NA,NA,NA,NA,NA,NA,NA,NA,NA,NA,NA,NA,NA,NA,NA,NA,NA,NA,NA,NA,NA,NA,NA,NA,NA,NA,NA,NA,NA,NA,NA,NA,NA,NA,0.134122288,0.044162221,0.021965252,0.271812395,2.283298895,3.75987946,0.123320577,0.04803275,1.692778503,0.540577009,0.107428727,0.210848215,0.007499384,0.828776185,1.053389951,1.568179929,0.06783234,0.054559966,0.27584691,0.658982062,0.210676836,0.064421111,4.76192772,0.643098095,5.46193951,1.093165756,0.146682709,0.025419894,0.074401052,0.48596418,0.839723535,0.084977557,0.545330499,3.36396769,39.70588235,0,0,0,8.823529412,22.05882353,1.470588235,16.17647059,100,NA,NA,NA,NA,NA,NA,NA,NA,NA,NA,NA,NA,NA,NA,NA,NA,NA,NA,NA,NA,NA,NA,NA,NA,NA,NA,NA,NA,NA,NA,NA,NA,NA,NA,NA,NA,NA,NA,NA,NA,NA,NA,NA,NA,NA,NA,NA,NA,NA,NA,NA,NA,NA,NA,NA,NA,NA,NA,NA,NA,NA,NA,NA,NA,NA,NA,NA,NA,NA,NA,NA,NA,0.629191321,0.314108676,0.038930576,0.463903774,0.274792134,3.069605857,0.504136288,0.476904217,0.134119187,2.296597512,0.090669669,2.186226047,0.064668194,0.472816849,1.141046134,0.877306368,0.042657826,0.059694835,0.37322142,2.174513265,0.701280104,0.991483025,3.347279209,0.53377228,2.152050783,0.552746298,0.19083504,0.081845826,0.096668441,0.46653152,0.956230567,0.080439588,1.195883145,2.164739682,20.68965517,1.253918495,0.626959248,0.313479624,10.65830721,28.84012539,0.940438871,46.39498433,82.13166144,NA,NA,NA,NA,NA,NA,NA,NA,NA,NA,NA,NA,NA,NA,NA,NA,NA,NA,NA,NA,NA,NA,NA,NA,NA,NA,NA,NA,NA,NA,NA,NA,NA,NA,NA,NA,NA,NA,NA,NA,NA,NA,NA,NA,NA,NA,NA,NA,NA,NA,NA,NA,NA,NA,NA,NA,NA,NA,NA,NA,NA,NA,NA,NA,NA,NA,NA,NA,NA,NA,NA,NA,0.301775148,0.680990873,0.066351972,0.972179136,0.171842248,1.510179859,0.140425066,2.194159385,1.063509138,4.280715531,0.144650133,3.340033154,0.12526846,0.654479133,1.223262797,2.067060649,0.014643746,0.096619538,0.370959724,0.079090607,1.585473503,2.443476712,1.539389971,0.551010814,3.489504304,1.098786287,0.151137093,0.144408352,0.042495017,0.109835085,1.567398549,0.100697161,1.365129001,2.36893993,43.79084967,0.653594771,2.614379085,0,0.653594771,45.75163399,0.653594771,55.55555556,80.39215686,NA,NA,NA,NA,NA,NA,NA,NA,NA,NA,NA,NA,NA,NA,NA,NA,NA,NA,NA,NA,NA,NA,NA,NA,NA,NA,NA,NA,NA,NA,NA,NA,NA,NA,NA,NA,NA,NA,NA,NA,NA,NA,NA,NA,NA,NA,NA,NA,NA,NA,NA,NA,NA,NA,NA,NA,NA,NA,NA,NA,NA,NA,NA,NA,NA,NA,NA,NA,NA,NA,NA,NA,0.007889546,1.764040797,0.000313762,3.468322816,0.275757733,4.832033046,0.1593991,1.668927577,1.72148515,0.138380386,0.000280902,3.906433741,0.093359758,0.480676669,2.044220904,2.643886367,0.017682161,0.152543845,0.00065942,1.429452153,1.938087787,3.532708384,1.932219684,0.623022645,4.297102094,0.357672303,0.041738443,0.028743638,0.019616532,0.022465138,0.294531607,0.111255382,0.287293884,1.447981736,25,0,0,0,0,0,0,0,75,NA,NA,NA,NA,NA,NA,NA,NA,NA,NA,NA,NA,NA,NA,NA,NA,NA,NA,NA,NA,NA,NA,NA,NA,NA,NA,NA,NA,NA,NA,NA,NA,NA,NA,NA,NA,NA,NA,NA,NA,NA,NA,NA,NA,NA,NA,NA,NA,NA,NA,NA,NA,NA,NA,NA,NA,NA,NA,NA,NA,NA,NA,NA,NA,NA,NA,NA,NA,NA,NA,NA,NA,6.8382643,1.26280553,0.053344317,3.975097151,0.160666063,2.504434798,0.157366164,1.932353914,0.987520523,4.280981597,0.214657411,3.553430428,0.282135829,0.655653894,1.585214427,1.87670137,0.044039868,0.083412178,0.655903689,0.099644494,2.212120044,2.713716607,2.047838484,0.989823537,4.034014394,1.199670714,0.220585691,0.254895761,0.064525371,0.15117293,1.40268632,0.114725724,1.572092755,2.326619697,48.28381886,1.701759446,6.028266513,0.490337468,1.355638881,46.12056533,0.836458033,61.98442457,88.28958754,NA,NA,NA,NA,NA,NA,NA,NA,NA,NA,NA,NA,NA,NA,NA,NA,NA,NA,NA,NA,NA,NA,NA,NA,NA,NA,NA,NA,NA,NA,NA,NA,NA,NA,NA,NA,NA,NA,NA,NA,NA,NA,NA,NA,NA,NA,NA,NA,NA,NA,NA,NA,NA,NA,NA,NA,NA,NA,NA,NA,NA,NA,NA,NA,NA,NA,NA,NA,NA,NA,NA,NA,0.159763314,1.954038631,0.099006675,4.425707816,0.059019465,3.798417222,0.129299096,1.199152233,0.241494762,4.427482005,0.142535698,0.848758299,0.276934612,0.422684153,1.781410869,1.121545079,0.014178596,0.034892288,1.329411731,0.518639925,1.345653873,1.711870054,2.100634174,0.555994951,3.91420127,0.749506475,0.167480208,0.266905965,0.054777517,0.183947883,1.126291989,0.053630898,0.856604123,1.752738088,22.22222222,1.234567901,6.172839506,0,2.469135802,37.03703704,0,28.39506173,62.96296296,NA,NA,NA,NA,NA,NA,NA,NA,NA,NA,NA,NA,NA,NA,NA,NA,NA,NA,NA,NA,NA,NA,NA,NA,NA,NA,NA,NA,NA,NA,NA,NA,NA,NA,NA,NA,NA,NA,NA,NA,NA,NA,NA,NA,NA,NA,NA,NA,NA,NA,NA,NA,NA,NA,NA,NA,NA,NA,NA,NA,NA,NA,NA,NA,NA,NA,NA,NA,NA,NA,NA,NA,0.104536489,3.374719937,2.650344106,1.514533497,0.083433826,4.257176625,0.630272408,0.276533273,0.211922896,4.004364194,0.360158939,0.172486356,1.376853542,0.532748539,2.017931983,1.412698525,0.083162319,0.078739456,0.379329742,3.375482829,0.273245221,2.8672213,2.10448374,0.576548777,6.09631822,0.439760374,0.165615869,0.143089415,0.115694596,0.348523033,2.950106117,0.377642399,0.512360032,2.578616046,7.547169811,1.886792453,0,1.886792453,3.773584906,88.67924528,7.547169811,18.86792453,86.79245283,NA,NA,NA,NA,NA,NA,NA,NA,NA,NA,NA,NA,NA,NA,NA,NA,NA,NA,NA,NA,NA,NA,NA,NA,NA,NA,NA,NA,NA,NA,NA,NA,NA,NA,NA,NA,NA,NA,NA,NA,NA,NA,NA,NA,NA,NA,NA,NA,NA,NA,NA,NA,NA,NA,NA,NA,NA,NA,NA,NA,NA,NA,NA,NA,NA,NA,NA,NA,NA,NA,NA,NA,0.035502959,3.562167666,3.117498472,0.884911248,0.179923488,4.184883795,0.22353076,0.000242216,0.039796615,6.180958504,2.132295814,0.078454566,2.160123531,0.357310366,2.659276956,0.191063249,0.022183953,0.064006159,0.67828612,4.090068753,0.050774081,2.811649671,1.587787265,0.495731517,5.596351739,0.312995974,0.093972899,0.159724718,0.098462524,0.369926301,2.457844286,0.211198307,0.455336017,1.228776035,5.555555556,0,0,0,11.11111111,83.33333333,0,11.11111111,33.33333333,NA,NA,NA,NA,NA,NA,NA,NA,NA,NA,NA,NA,NA,NA,NA,NA,NA,NA,NA,NA,NA,NA,NA,NA,NA,NA,NA,NA,NA,NA,NA,NA,NA,NA,NA,NA,NA,NA,NA,NA,NA,NA,NA,NA,NA,NA,NA,NA,NA,NA,NA,NA,NA,NA,NA,NA,NA,NA,NA,NA,NA,NA,NA,NA,NA,NA,NA,NA,NA,NA,NA,NA,22.98619329,3.036376443,2.100087351,0.292300109,0.060555604,0.930357404,0.133891566,0.021365154,0.05167443,5.489311805,0.805643685,0.033899717,1.519764996,0.27688873,1.943731282,0.118262971,0.016092403,0.022550831,0.383930641,3.23036436,0.047622141,2.561104306,0.206408875,0.162756022,5.262592678,0.240609578,0.087384827,0.060079046,0.065093153,0.134786624,2.163836187,0.197837686,0.301643124,0.853999948,2.883130256,0.592071392,0.283164579,0.411875751,1.604599279,78.28213489,2.188089926,6.366912648,29.758023,NA,NA,NA,NA,NA,NA,NA,NA,NA,NA,NA,NA,NA,NA,NA,NA,NA,NA,NA,NA,NA,NA,NA,NA,NA,NA,NA,NA,NA,NA,NA,NA,NA,NA,NA,NA,NA,NA,NA,NA,NA,NA,NA,NA,NA,NA,NA,NA,NA,NA,NA,NA,NA,NA,NA,NA,NA,NA,NA,NA,NA,NA,NA,NA,NA,NA,NA,NA,NA,NA,NA,NA,59.42406312,0.191017805,0.02918556,0.127056303,0.028638154,4.53037214,0.777768692,0.008255264,0.027102985,0.979972244,0.030042262,0.039047618,0.018317556,0.335478599,0.92948042,0.48188448,0.03415088,0.045282803,0.066975694,3.792570111,0.168940598,0.065457132,4.473947006,0.45907438,0.950392486,0.171229208,0.145894459,0.055326034,0.084375444,0.528701367,0.285228288,0.023003782,0.894133748,2.35175988,4.198751992,1.410647902,0.385023898,0.534386617,10.83377589,5.572889007,0.17259692,32.75358471,88.80775358,NA,NA,NA,NA,NA,NA,NA,NA,NA,NA,NA,NA,NA,NA,NA,NA,NA,NA,NA,NA,NA,NA,NA,NA,NA,NA,NA,NA,NA,NA,NA,NA,NA,NA,NA,NA,NA,NA,NA,NA,NA,NA,NA,NA,NA,NA,NA,NA,NA,NA,NA,NA,NA,NA,NA,NA,NA,NA,NA,NA,NA,NA,NA,NA,NA,NA,NA,NA,NA,NA,NA,NA,1.796844181,0.152622451,0.041395324,2.297878643,0.089005134,4.103416589,0.560738731,0.126740175,0.063944522,1.784498411,0.084772889,0.200528445,0.052293541,0.394686756,0.982048983,0.480502371,0.054536491,0.044440509,0.279122565,2.931346813,0.339171285,0.233221197,4.067632325,0.73120232,1.333611314,0.33561995,0.173991684,0.079319125,0.10636308,0.49970609,0.462758976,0.050728646,0.861779697,1.971819691,10.97694841,1.975850714,0.768386389,1.097694841,11.30625686,12.07464325,0.768386389,33.8090011,71.35016465,NA,NA,NA,NA,NA,NA,NA,NA,NA,NA,NA,NA,NA,NA,NA,NA,NA,NA,NA,NA,NA,NA,NA,NA,NA,NA,NA,NA,NA,NA,NA,NA,NA,NA,NA,NA,NA,NA,NA,NA,NA,NA,NA,NA,NA,NA,NA,NA,NA,NA,NA,NA,NA,NA,NA,NA,NA,NA,NA,NA,NA,NA,NA,NA,NA,NA,NA,NA,NA,NA,NA,NA,6.477317554,0.053810065,0.027471305,0.364121373,0.026953474,1.003811223,0.24536786,0.051519857,0.023803239,1.20641183,0.039656481,0.073019593,0.021666833,0.327496141,0.71231526,0.247147254,0.044459665,0.031090614,0.362507847,2.895753068,0.148559261,0.123521306,3.078836406,0.520946466,1.916442472,0.412752505,0.160594328,0.062695006,0.06972753,0.399745113,0.574060765,0.046710805,0.784348181,1.881021689,14.55542022,2.131546894,0.883069428,0.578562728,11.05359318,15.52984166,0.456760049,25.36540804,67.35688185,NA,NA,NA,NA,NA,NA,NA,NA,NA,NA,NA,NA,NA,NA,NA,NA,NA,NA,NA,NA,NA,NA,NA,NA,NA,NA,NA,NA,NA,NA,NA,NA,NA,NA,NA,NA,NA,NA,NA,NA,NA,NA,NA,NA,NA,NA,NA,NA,NA,NA,NA,NA,NA,NA,NA,NA,NA,NA,NA,NA,NA,NA,NA,NA,NA,NA,NA,NA,NA,NA,NA,NA,100,0.917004442,0.511067796,0.497129702,0.076096091,3.29327272,0.538659016,0.159837894,0.10660936,2.294138926,0.225084752,0.310714606,0.385611791,0.350443985,1.201575067,0.493822568,0.031974102,0.042252098,0.210321341,3.280964839,0.292604316,0.84702395,3.202606604,0.438908218,2.285115415,0.2917945,0.139305731,0.071571109,0.078139455,0.400752675,0.842579976,0.07375031,0.801039158,1.970725803,8.378698225,1.285996055,0.798816568,0.516765286,8.029585799,26.68639053,0.731755424,28.40631164,73.4260355,NA,NA,NA,NA,NA,NA,NA,NA,NA,NA,NA,NA,NA,NA,NA,NA,NA,NA,NA,NA,NA,NA,NA,NA,NA,NA,NA,NA,NA,NA,NA,NA,NA,NA,NA,NA,NA,NA,NA,NA,NA,NA,NA,NA,NA,NA,NA,NA,NA,NA,NA,NA,NA,NA,NA,NA,NA,NA,NA,NA,NA,NA,NA,NA,NA,NA,NA,NA,NA,NA,NA,NAUPN67,1.253430776,0.456110719,0.022803656,0.368534366,2.936982178,0.832877451,0.143965715,0.026364593,0.113161967,0.18749282,0.141785545,0.316469357,0.058829039,0.057417928,0.942427248,0.013741385,0.657801624,0.032758924,0.083175077,1.094677519,1.939665801,0.238850064,0.605556557,0.39564893,2.010958579,0.031956383,0.030407462,0.069915057,0.262028265,0.012803851,0.641233675,0.086901358,0.158335809,0.154031962,0,0,0.735294118,5.147058824,0,18.38235294,0,1.470588235,2.205882353,1.149886812,1.713241594,1.195989856,1.025339629,3.66176467,1.12554903,0.754902432,0.760584761,0.893557744,0,0,-0.735294118,-0.722280062,0,4.626496616,0,-1.470588235,-1.320926601,2.265261082,7.73893097,1.159944159,1.136025421,2.5307457,1.666158728,1.472892742,1.439659938,1.583334834,0,5,0.264705882,-2.147058824,0,17.61764706,1,-0.470588235,-0.205882353,2.377967361,2.731364967,2.121489896,1.307637913,2.82032444,0.615452651,0.319281813,0.855000393,1.167594508,0,0,0.931372549,-0.147058824,0,-6.715686275,0,-1.470588235,-2.205882353,1.425272118,2.488857025,3.709245613,1.388998854,3.100348844,1.140643068,0.608438967,0.775361749,1.06867177,1.282051282,1.282051282,4.392911011,3.827300151,0,-0.433634992,0,-1.470588235,-2.205882353,38.08160942,0.515198615,0.040427222,0.612980923,2.474449761,3.583225464,0.183938261,0.030379302,0.183202314,0.229894059,0.178016496,0.31503326,0.094228484,0.084971614,0.906708412,0.021297006,1.16131954,0.062145543,0.050366983,1.738113297,2.856285746,0.509671826,1.30429038,0.993159312,2.15123095,0.039479981,0.022785203,0.079872841,0.397686417,0.106803508,0.776252177,0.102826804,0.230446935,0.313458031,0,0,0.338983051,7.330508475,0.593220339,22.79661017,0.63559322,2.203389831,3.983050847,1.34473648,2.363616581,1.254216503,1.169939159,1.166726811,1.147366543,1.120829953,1.196327487,1.238706107,0.131095962,0.288411117,0.185400798,1.557797766,0.324451397,4.28781563,-0.137428564,1.205105188,2.702843227,2.155633903,10.697337,1.445434491,1.258194226,1.251109398,1.563504143,1.640849058,1.44376841,1.386260333,0.367872471,3.801348866,0.120857538,3.031232788,0.23449272,16.41246402,0.743928545,3.284041193,4.784576375,2.37862813,3.28897037,2.668247251,1.160393216,1.270167075,0.876474419,0.97754928,1.01736492,1.507289134,0.465549348,0.186219739,0.964555124,2.725357447,0.244768488,-3.802196762,-0.123488937,0.450241454,5.979705205,1.066075544,7.468406009,3.9205029,0.911319181,1.34839658,1.009034209,1.04169072,0.835571304,1.324756138,0.091074681,1.867030965,3.486153561,-1.13743015,0.590750517,0.837269612,-0.180219814,-0.564045568,4.122595783,5.176565084,0.695957129,0.059878555,0.754311143,2.609668607,3.983907284,0.977906262,0.042495914,0.221224597,0.422514596,0.327879679,0.415997103,0.135236172,0.125101442,1.173267346,0.025351811,1.597080841,0.11687689,0.073584599,1.992723241,3.103594673,0.763630919,1.59243775,1.362119897,2.575375321,0.086359449,0.04130874,0.076695556,0.489437794,0.205382912,0.947159198,0.142231875,0.383630182,0.504656584,0.448430493,0,0,9.865470852,3.139013453,29.59641256,0,6.278026906,8.968609865,0.996837248,2.16252376,1.857294707,1.217028082,0.890950717,1.174753249,1.17523232,1.095458958,1.168313498,-0.448430493,0.215517241,1.077586207,6.08280501,-1.414875522,5.101863306,0.431034483,0.618524818,2.88483841,1.503012364,7.37890582,2.081647786,1.410656395,1.101248446,1.729498878,1.975717982,1.302842921,1.340857643,0.415127365,4.317789292,0.863557858,8.096532602,-1.239186164,22.21705895,2.07253886,3.739244251,7.266277872,1.430242973,2.463010599,2.639106034,1.34517165,0.860932265,0.90078486,1.00601675,0.807106132,1.203360614,0.51003596,0.958466454,0.319488818,8.02590295,-2.180546999,-6.27372885,0.958466454,-2.763649909,4.769409304,0.825359919,5.685974738,5.874929277,1.006251512,1.211790674,1.123241244,1.329028914,0.819967341,1.066034755,0.104055695,1.104972376,6.629834254,0.631766717,-2.586527265,3.552758715,1.657458564,-3.515595967,-2.338775611,5.30416127,0.668710404,0.077344252,0.955027001,2.758345015,4.142558675,0.432500225,0.048435609,1.321159201,0.362380914,0.32514648,0.570438195,0.160017947,0.177206669,1.322082365,0.110683965,1.576768127,0.105186231,0.084004519,1.908912313,3.377343645,1.326520298,1.877628201,1.493943144,2.716198258,0.132083545,0.078575353,0.100913583,0.546600414,0.201842446,1.566664397,0.195539138,0.640399864,0.971090864,0,0,0.689655172,11.03448276,0.689655172,55.17241379,0,13.79310345,31.03448276,1.336890202,2.109622419,1.266626445,1.107435786,1.257444758,1.10786395,1.264317222,1.197001562,1.138678646,0.6,1,0.310344828,4.965517241,1.110344828,4.227586207,1,7.206896552,6.965517241,1.88857235,8.499306152,1.31854328,1.431350168,1.375341273,1.485400357,2.060714092,1.438753076,1.190353435,2.205882353,17.46323529,0.229462475,10.28904665,1.516227181,19.27611562,5.698529412,17.27307302,10.69345842,1.563474497,2.172393538,2.340219916,1.265290022,1.345450101,0.808889879,0.975267884,0.785975454,1.111659221,2.298850575,0,0.842911877,5.440613027,3.141762452,-15.3256705,0.766283525,-4.214559387,6.896551724,0.917040784,5.274571489,5.576443907,1.009683346,1.616563857,0.905275547,1.201942647,0.831346359,1.115598959,0.699300699,4.895104895,12.59705811,2.951531227,3.506149023,-5.522064143,2.097902098,-6.800096455,5.329153605,11.33608615,0.691979592,0.085704462,0.945600702,2.840061976,3.933720669,0.437084576,0.058941998,0.368227037,0.355438488,0.359011478,1.558173368,0.168123698,0.188225933,1.325227463,0.074048016,1.593825481,0.125477658,0.103058064,1.848728281,3.179388185,1.381563605,1.708060653,1.373600252,2.784093729,0.137279846,0.059325342,0.116946113,0.555668281,0.166327107,1.573529052,0.243355017,0.761399054,0.824505359,0.235294118,0,0.235294118,13.64705882,1.411764706,52,1.647058824,20,24.70588235,1.266262273,3.017827591,1.260507987,1.147105331,1.483232702,1.133758747,1.123321757,1.063192989,1.16299834,0.545955882,1.07421875,0.936580882,1.977941176,-0.044577206,7.375,0.501378676,3.046875,6.055836397,1.854806591,11.50282995,1.15794,1.300164262,1.746514684,1.465402859,1.716368883,1.258520476,1.290293691,1.729936419,18.74527589,0.520563781,5.702903384,1.00698057,18.82388511,3.870703837,10.30990174,11.57529679,1.892522035,2.487620332,2.423602572,1.061129165,1.69688717,0.900394275,1.017179003,0.811973495,1.264294295,1.707904687,0.747384155,2.754242504,0.702716961,1.129341423,-2.67264574,0.14666315,-5.351270553,11.6169876,0.920578482,5.842899575,4.613905244,0.9564962,1.871701139,0.893877294,0.87727841,0.702170739,1.076228247,0.267218445,5.527638191,10.56872598,-1.838013597,1.100798108,-3.005025126,-0.642033698,-7.185929648,1.676027195,3.292935525,1.097014271,0.143949741,1.503535196,3.07244342,4.327324222,0.632124367,0.146823154,1.328800385,0.491657959,0.453637267,1.714558992,0.257174246,0.343968415,1.639264684,0.238524455,1.838070036,0.186086129,0.130591533,2.014269296,3.504803624,2.171080917,2.118218394,1.783096181,3.051916054,0.392165622,0.132570555,0.157109304,0.792904365,0.403091871,2.224943118,0.301145518,1.239948967,1.595220664,5.769230769,1.923076923,1.923076923,21.15384615,3.846153846,71.15384615,1.923076923,42.30769231,67.30769231,0.874999577,2.366937957,1.024282396,1.041829876,1.010664924,1.020299432,1.296209464,1.045327636,1.007124282,-3.034855769,1.983173077,-1.141826923,1.893028846,0.060096154,6.580528846,1.983173077,3.786057692,0.270432692,1.317555115,9.417548967,1.115038137,1.111921688,1.177868169,1.371359445,2.110049588,1.28811237,1.086330196,2.622377622,44.6969697,-0.757575758,5.885780886,-1.048951049,20.45454545,7.400932401,19.23076923,2.855477855,1.241063401,1.723104246,2.562595163,1.04044932,1.201748253,0.845391997,1.151675011,0.775613582,0.987340574,2.681473456,0.189599133,4.414951246,2.789815818,-2.437703142,-7.069339112,0.893824485,-10.61755146,-3.927410618,0.643364526,3.979177982,5.541466676,1.142557307,1.205448692,0.800926731,0.958976011,0.647036117,0.9251643,-5.769230769,5.920060332,17.68476621,2.375565611,3.996983409,-10.36953243,-1.923076923,-16.81749623,-6.523378582,4.338062955,1.140123547,0.098958444,2.453582824,2.472424694,4.33660149,0.521013922,0.056592068,0.86483498,0.276741294,0.300763233,1.434997566,0.19678919,0.246604981,1.590507995,0.094748525,1.786291554,0.161196228,0.093523146,2.015559948,3.696948013,1.988528533,2.097282397,1.703552281,2.687409158,0.227595781,0.042971576,0.119845535,0.664428513,0.239160987,1.952057974,0.243680381,1.1007426,1.040676767,0.892857143,0,0.892857143,14.28571429,1.785714286,64.28571429,2.678571429,41.96428571,35.71428571,0.968959939,5.062359817,1.174448407,1.218377262,1.357241571,0.922412565,1.172257963,0.932496978,1.186867242,0.733159117,2.7100271,0.191153697,9.020518777,0.924312815,-1.684088269,-1.323557878,-9.172957801,7.9171506,1.34683152,21.74973468,1.420282071,1.297920861,1.803588201,1.241177014,1.854125175,1.193626837,1.3557089,1.186144936,32.22453222,1.394045144,9.830709831,3.61969112,12.63736264,1.895233145,5.644861895,19.7950698,1.388151464,4.67245346,2.674963074,1.032762427,1.580884327,0.817145807,1.072085346,0.74627185,1.165320803,2.184065934,1.153846154,4.107142857,4.56043956,0.906593407,-7.362637363,-1.909340659,-17.73351648,9.285714286,0.837267845,10.1304802,5.904049914,0.921699116,1.915538577,0.77148172,0.913088873,0.613405008,1.230560491,-0.092857143,4.8,15.10714286,2.514285714,4.614285714,-18.68571429,-1.878571429,-26.76428571,16.28571429,0.766484929,1.314566732,0.229315305,2.586856943,2.60003846,4.257377609,0.693394358,0.06600054,1.075052069,1.304817108,0.607822424,1.472611114,0.302674094,0.390545346,1.836345994,0.135346542,1.898337403,0.244495956,0.10730165,2.221520585,3.815517508,2.29146984,2.126058604,1.780561149,3.007629263,0.174240449,0.139865614,0.236382559,0.831586121,0.716105525,2.06327403,0.269665599,1.089970743,1.465420431,0,0,0,20,10,70,0,40,50,1.952675738,2.192584964,0.749699614,1.062267361,0.4309641,0.949472183,1.130922562,1.245343315,1.063440735,3.50877193,1.754385965,1.754385965,4.561403509,-10,-1.578947368,3.50877193,14.38596491,11.40350877,2.42521421,8.35354114,0.83925106,1.056366168,0.650951888,1.248146432,1.801907996,1.42535697,1.069832103,6.41025641,39.74358974,0,1.794871795,-3.58974359,12.05128205,2.564102564,20.25641026,14.1025641,1.638055953,1.199245741,1.497111112,1.246873643,0.707979594,0.792484418,1.06881837,0.886455303,0.863329953,2.325581395,2.325581395,9.302325581,3.255813953,-3.023255814,-9.534883721,0,-7.441860465,-1.162790698,1.790413021,3.670866552,3.36724418,1.12641524,0.687596218,0.887164796,1.427878859,0.927374148,1.086416508,0,16.66666667,16.66666667,-3.333333333,-4.444444444,2.222222222,5.555555556,-6.666666667,16.66666667,0.228386007,1.791559757,0.1724073,2.786230816,0.866627196,4.674905796,0.537539387,0.02015984,0.631597826,0.736426745,0.505042162,0.301975994,0.184538727,0.148291503,1.510948621,0.107208641,1.804390812,0.126413053,0.053308132,2.41582883,3.676005727,1.558669587,2.142564367,1.620205583,2.82196213,0.203301721,0.460834181,0.01685377,0.575835274,0.879280314,1.76046363,0.312043879,1.06488563,1.258785115,0,0,0,0,50,100,0,0,50,0.050338771,0.047479921,8.029188839,1.617220887,0.171834244,0.472933629,0.518216004,0.461068201,0.530716404,0,0,0,20,-50,-75,0,15,-35,1.398121897,0.543314181,3.510308566,1.25229908,0.315980624,0.69549747,0.396876907,0.475150995,0.664313954,6.666666667,6.666666667,0,13.33333333,-43.33333333,-66.66666667,0,6.666666667,-23.33333333,1.456171118,0.176953479,8.069621124,1.79312446,0.378023577,0.53452964,0.656985744,0.532252597,0.686352013,4.166666667,0,0,33.33333333,-50,-75,0,16.66666667,-20.83333333,0.011456437,0.233958515,26.02735269,0.521300553,0.731140325,0.635651962,0.094008129,0.27269421,0.650159179,0,0,14.28571429,0,-35.71428571,-71.42857143,0,14.28571429,-21.42857143,0.012956125,2.006450175,2.360851524,2.592067387,1.017338502,4.405237009,0.165546847,0.01329915,0.946253039,2.110597504,1.052395951,0.267445738,0.633604051,0.114331609,1.014788258,0.261497376,0.945892648,0.098350207,0.001405293,3.56448403,2.207104563,1.825172219,1.658209142,1.152326951,3.889325166,NA,NA,NA,NA,NA,NA,NA,NA,NA,NA,NA,NA,NA,NA,NA,NA,NA,NA,NA,NA,NA,NA,NA,NA,NA,NA,NA,NA,NA,NA,NA,NA,NA,NA,NA,NA,NA,NA,NA,NA,NA,NA,NA,NA,NA,NA,NA,NA,NA,NA,NA,NA,NA,NA,NA,NA,NA,NA,NA,NA,NA,NA,NA,NA,NA,NA,NA,NA,NA,NA,NA,NA,NA,NA,NA,NA,NA,NA,NA,NA,NA,NA,NA,NA,NA,NA,NA,NA,NA,NA,0.013244331,2.100726757,2.743120794,2.14169712,0.741560554,3.352596034,0.237931637,0.017423063,0.196213548,5.534222586,4.064423146,0.227231617,1.453626637,0.203021106,2.26777199,0.059425825,0.343631181,0.1175138,0.287768956,4.450276086,0.496788402,1.614429012,1.32486738,0.461072609,5.095267674,NA,NA,NA,NA,NA,NA,NA,NA,NA,NA,NA,NA,NA,NA,NA,NA,NA,NA,NA,NA,NA,NA,NA,NA,NA,NA,NA,NA,NA,NA,NA,NA,NA,NA,NA,NA,NA,NA,NA,NA,NA,NA,NA,NA,NA,NA,NA,NA,NA,NA,NA,NA,NA,NA,NA,NA,NA,NA,NA,NA,NA,NA,NA,NA,NA,NA,NA,NA,NA,NA,NA,NA,NA,NA,NA,NA,NA,NA,NA,NA,NA,NA,NA,NA,NA,NA,NA,NA,NA,NA,1.143780226,2.101121026,2.279649716,1.090835243,0.234861779,1.168566849,0.264352737,0.025014436,0.177057532,3.730514919,2.257110806,0.055780858,1.242437637,0.124817494,1.730696308,0.037597922,0.123371706,0.099926898,0.117364726,4.120911033,0.08724462,1.084155247,0.593626013,0.463515757,5.047129359,0.065936658,0.009317972,0.079706509,0.484239444,0.070384973,1.388030742,0.434437524,0.544616219,0.304396614,0,0,0,16.92307692,0,47.69230769,3.076923077,4.615384615,1.538461538,2.311772913,4.931851186,1.797270578,1.507000804,2.480623274,1.40993338,1.227061178,1.377995627,1.429865718,0,0,0.917431193,4.177840508,2.752293578,17.44530699,8.849682428,10.98094566,7.635850388,2.20927637,5.293906822,1.384609964,1.171068571,1.822087694,1.343216614,1.411094464,1.437875572,1.731520615,0.847457627,0,0,-3.363754889,0,11.62972621,9.63494133,17.41851369,12.0208605,3.066382478,10.76632276,13.2059325,1.437739526,10.02454832,1.07652649,1.274460169,1.084540978,2.070691066,0,0,40,-3.58974359,18.66666667,8.307692308,6.256410256,4.717948718,17.12820513,1.222932609,4.783321738,7.188311025,1.059270149,6.507695535,0.72210346,0.844084809,0.734382876,1.403339156,0,0,14.28571429,-9.78021978,11.9047619,-16.73992674,1.684981685,-2.234432234,5.604395604,7.941282437,0.54871729,0.052346758,0.505366312,0.597721213,3.724353086,0.251329643,0.010469504,0.1532457,0.526674257,0.189238514,0.135055093,0.068324391,0.072305015,0.837045934,0.015690544,0.785982153,0.067333066,0.032925821,2.380903701,2.343139245,0.385348335,1.46430455,0.974009522,1.4364146,0.032360694,0.020115666,0.06508861,0.339963952,0.104246971,0.36813573,0.057050309,0.150983225,0.238445101,0.385356455,0,0,5.587668593,0.963391137,6.165703276,0,1.156069364,2.119460501,1.024501905,1.770933741,1.602392048,1.35289851,1.15322869,1.252431035,1.279157397,1.511774938,1.453458865,-0.385356455,0.261096606,0.522193211,3.289616002,0.211543589,5.061450771,0.130548303,2.107638208,2.971923311,1.201177397,5.429832415,1.676536272,1.43926298,1.347271904,1.510681035,1.579968369,1.518231079,1.575437252,-0.385356455,1.774193548,0.64516129,5.541363665,0.004350799,8.350425757,0.322580645,2.069737087,3.848281435,2.085665838,1.541250568,2.717731332,1.465757696,1.133672248,1.064099276,1.103597932,0.989542869,1.788805709,0.542717791,0.232018561,1.392111369,3.925092427,-0.267335452,0.098797885,0.464037123,0.932097689,6.929263397,1.026849124,4.325356865,3.90795209,1.150075891,1.317938323,1.140008979,1.506460114,0.802864663,1.310650597,-0.217289228,0.504201681,2.857142857,0.798886028,0.717281132,2.909926977,1.176470588,0.524602905,2.922556306,18.40732397,0.653378055,0.073039283,2.147164493,1.723572047,4.190660122,0.399194565,0.021159318,0.34597112,0.343461288,0.278859435,0.336153588,0.11721752,0.118133255,1.263693998,0.028939354,1.405081912,0.102058529,0.040616331,1.99875729,3.429204231,0.965099671,1.804818594,1.360694629,2.169579005,0.06590271,0.032287979,0.093983661,0.564163264,0.165768838,0.87962905,0.114012953,0.373394129,0.482887483,0.102145046,0.204290092,0.204290092,12.76813075,1.430030644,24.71910112,0.51072523,5.209397344,9.090909091,0.981123114,1.881437327,1.317746189,1.109518573,1.211891244,1.083821394,1.228089833,1.148783791,1.248283045,0.144160373,0.103591681,0.3498971,1.271278121,-0.013774486,4.714396413,0.289767381,3.103410538,4.948499776,1.763940071,10.41166476,1.429235433,1.289676123,1.349231628,1.536409844,1.983462308,1.463188463,1.435272123,0.022078557,6.006890032,0.41682792,5.182179813,0.184876189,18.20015353,1.601076012,9.945882159,9.232072276,1.988904709,2.65242337,2.312278384,1.167433094,1.375918722,0.921567689,1.183623461,0.911391684,1.535046469,0.892429999,0.066957648,1.604028172,2.873822238,0.287871707,-2.115122823,0.755097555,-0.326938031,10.52934407,0.955666269,5.452825319,4.037493046,0.983550678,1.442163174,1.026383233,1.000928993,0.836320211,1.209535173,-0.102145046,1.010987686,4.222793241,-1.570214079,0.219274912,2.36423221,-0.250308563,-1.737175122,2.714646465,2.703690795,0.236479537,0.046440692,0.428751163,0.372738547,1.297938555,0.141617464,0.004655445,0.079310024,0.857073074,0.139458739,0.095300374,0.039819688,0.062518074,0.816676253,0.013813093,0.274469422,0.046992643,0.04756967,2.61605458,1.061406011,0.129300387,1.244639699,0.561601226,1.081083777,0.015810409,0.007777673,0.061507367,0.30970448,0.056097326,0.230991105,0.039952369,0.085764891,0.182228844,0,0,0,4.166666667,0.833333333,3.333333333,0,0.833333333,3.75,1.139093051,1.383298611,1.382543255,0.975921961,0.918545895,1.148821735,1.092609651,1.669054373,1.21917674,0,0,0.414937759,0.812586445,-0.418395574,-0.013831259,0,1.241355463,-0.845435685,3.296081811,7.190559771,2.122866965,1.165304931,2.152662859,2.011850098,1.922998205,2.193274357,1.617107148,1.081081081,0,1.621621622,0.698198198,0.247747748,7.477477477,0,0.788288288,1.114864865,2.970242941,5.093121733,3.455166739,0.853025447,1.387397351,1.187453715,1.501253091,2.005623831,1.722910112,0,0,5.084745763,-0.776836158,0.014124294,0.056497175,0.847457627,3.403954802,1.334745763,1.115962674,9.606479434,3.833572673,0.970387486,2.135455159,1.293599512,1.503058073,0.945958891,1.330827714,0,2.553191489,3.404255319,2.216312057,1.294326241,2.624113475,1.276595745,0.443262411,-0.345744681,100,0.646859246,0.089765128,1.076314756,2.194388508,3.739556213,0.346245971,0.03650759,0.366307914,0.378498003,0.275750318,0.559652644,0.134676459,0.126812089,1.120555249,0.044530486,1.288916753,0.092315351,0.062479895,1.934693352,2.977954017,0.867159631,1.54448672,1.186483211,2.286985576,0.062965017,0.030804123,0.085263787,0.447686563,0.131103045,0.869904319,0.122117297,0.335625914,0.425430956,0.170842825,0.056947608,0.284738041,9.111617312,1.044039484,25.83523159,0.62642369,5.846621109,8.694001519,1.448307507,2.882507591,1.372896466,1.226144651,1.336420609,1.258350187,1.318151068,1.355866637,1.411677247,0.203128754,0.541406917,0.399095702,3.197390061,0.259518589,8.815906355,0.356587315,4.389515231,7.034174569,2.50976378,13.77428613,1.535895399,1.416474238,1.66650018,1.82786198,2.221064882,1.837161785,1.733657071,1.027018138,10.58476362,0.453229873,6.417794453,0.667190463,24.05781654,2.336143155,11.7255714,13.43434073,2.355262648,3.189280556,2.824482433,1.258706363,1.580477595,1.02038324,1.214037786,1.088797879,1.622021848,1.050180003,0.350060001,2.228091547,4.036498066,0.672470868,0.991878659,0.399943324,1.090204232,10.96623561,0.972629487,6.123394025,4.273738573,0.987930623,1.512103057,0.981085208,1.026708008,0.794942492,1.231169789,0.001504935,2.030375257,5.038892752,-0.494229338,0.794336617,0.131830841,0.082117099,-2.093269902,3.4660904UPN68,0,NA,NA,NA,NA,NA,NA,NA,NA,NA,NA,NA,NA,NA,NA,NA,NA,NA,NA,NA,NA,NA,NA,NA,NA,NA,NA,NA,NA,NA,NA,NA,NA,NA,NA,NA,NA,NA,NA,NA,NA,NA,NA,NA,NA,NA,NA,NA,NA,NA,NA,NA,NA,NA,NA,NA,NA,NA,NA,NA,NA,NA,NA,NA,NA,NA,NA,NA,NA,NA,NA,NA,NA,NA,NA,NA,NA,NA,NA,NA,NA,NA,NA,NA,NA,NA,NA,NA,NA,NA,NA,NA,NA,NA,NA,NA,NA,NA,NA,NA,NA,NA,NA,NA,NA,NA,NA,NA,NA,NA,NA,NA,NA,NA,NA,0,NA,NA,NA,NA,NA,NA,NA,NA,NA,NA,NA,NA,NA,NA,NA,NA,NA,NA,NA,NA,NA,NA,NA,NA,NA,NA,NA,NA,NA,NA,NA,NA,NA,NA,NA,NA,NA,NA,NA,NA,NA,NA,NA,NA,NA,NA,NA,NA,NA,NA,NA,NA,NA,NA,NA,NA,NA,NA,NA,NA,NA,NA,NA,NA,NA,NA,NA,NA,NA,NA,NA,NA,NA,NA,NA,NA,NA,NA,NA,NA,NA,NA,NA,NA,NA,NA,NA,NA,NA,NA,NA,NA,NA,NA,NA,NA,NA,NA,NA,NA,NA,NA,NA,NA,NA,NA,NA,NA,NA,NA,NA,NA,NA,NA,0.007188448,2.074897452,0.634305352,0.351354017,2.65107384,2.879644077,1.463841674,0.341210515,0.232266607,1.772099124,0.367718473,0.56791047,0.79959928,0.754483184,1.493214966,0.514805835,0.381975477,0.301289085,0.04512368,2.763006779,2.024151126,0.368444421,4.002633012,1.092788152,2.318556847,NA,NA,NA,NA,NA,NA,NA,NA,NA,NA,NA,NA,NA,NA,NA,NA,NA,NA,NA,NA,NA,NA,NA,NA,NA,NA,NA,NA,NA,NA,NA,NA,NA,NA,NA,NA,NA,NA,NA,NA,NA,NA,NA,NA,NA,NA,NA,NA,NA,NA,NA,NA,NA,NA,NA,NA,NA,NA,NA,NA,NA,NA,NA,NA,NA,NA,NA,NA,NA,NA,NA,NA,NA,NA,NA,NA,NA,NA,NA,NA,NA,NA,NA,NA,NA,NA,NA,NA,NA,NA,0.002482121,1.108425253,0.564577769,0.721853169,1.768106347,2.989968281,1.129194803,0.984483728,1.553523219,2.485968356,1.129830637,0.194546926,0.818042277,0.00112118,0.050855606,0.089660721,1.190000795,0.002040378,0.002239923,1.767790832,2.428919335,1.070553323,2.001526889,1.347745594,2.554015676,0.001419079,0.00185986,1.197695665,0.002016414,1.278913748,1.159575082,0.004065714,0.002319697,1.115005628,0,0,0,0,0,0,0,0,0,NA,NA,NA,NA,NA,NA,NA,NA,NA,NA,NA,NA,NA,NA,NA,NA,NA,NA,NA,NA,NA,NA,NA,NA,NA,NA,NA,NA,NA,NA,NA,NA,NA,NA,NA,NA,NA,NA,NA,NA,NA,NA,NA,NA,NA,NA,NA,NA,NA,NA,NA,NA,NA,NA,NA,NA,NA,NA,NA,NA,NA,NA,NA,NA,NA,NA,NA,NA,NA,NA,NA,NA,0.005820423,1.135656017,0.146184765,0.519916832,1.509330464,2.112218097,1.995041412,0.551077879,0.56360761,2.084568477,0.918657384,2.011503123,0.495463032,0.462944073,1.407235507,0.765404688,0.733269333,0.211912947,0.361982588,2.470095125,1.076898088,1.146908477,3.17831863,0.918335286,3.079498835,NA,NA,NA,NA,NA,NA,NA,NA,NA,NA,NA,NA,NA,NA,NA,NA,NA,NA,NA,NA,NA,NA,NA,NA,NA,NA,NA,NA,NA,NA,NA,NA,NA,NA,NA,NA,NA,NA,NA,NA,NA,NA,NA,NA,NA,NA,NA,NA,NA,NA,NA,NA,NA,NA,NA,NA,NA,NA,NA,NA,NA,NA,NA,NA,NA,NA,NA,NA,NA,NA,NA,NA,NA,NA,NA,NA,NA,NA,NA,NA,NA,NA,NA,NA,NA,NA,NA,NA,NA,NA,0.65289043,2.682948255,0.788102373,0.640612635,1.819844636,2.569393003,1.586378011,2.167927466,1.877460322,2.064205958,0.560649836,2.522594792,1.544716595,0.514265575,1.257385303,0.511579213,1.516419476,0.433511792,0.226943082,2.35669952,3.461778053,2.290168005,2.565176807,1.313567481,2.712427818,0.55897163,0.509840106,0.231887007,0.320673623,0.644318259,1.632811937,0.286509625,1.371040335,2.765427113,12.5,7.142857143,1.785714286,3.571428571,10.71428571,53.57142857,0,50,92.85714286,1.006177316,1.243212077,0.903680631,0.74418433,0.742071903,1.118542495,1.240044077,1.041495165,0.863892489,0.70754717,11.72506739,0.101078167,-1.684636119,-3.167115903,10.57951482,5.660377358,0.943396226,-2.291105121,1.270946362,2.278211454,1.345809023,1.030849406,0.909932648,1.288318128,1.766364026,0.957983516,0.86034624,6.367924528,34.36657682,1.98787062,0.202156334,4.380053908,20.01347709,13.20754717,-2.830188679,-7.95148248,1.786920662,2.857162622,7.816520126,1.287621384,1.046965369,1.202452462,1.950076748,1.225359382,0.903366369,20.25862069,46.30541872,67.17980296,5.049261084,4.802955665,8.497536946,15.51724138,6.896551724,-1.477832512,1.3866177,5.25497866,12.43193383,2.484205882,1.790777886,1.34409081,2.106210698,1.14547354,0.859133856,14.42307692,77.47252747,78.98351648,17.58241758,35.43956044,29.12087912,11.53846154,1.923076923,1.373626374,0.285494485,2.898103626,0.239719068,2.847828086,1.24758534,2.788869861,1.466247968,1.972010308,1.904342056,0.211595034,0.213866906,2.701618928,1.092338313,0.455400998,1.256957732,0.413039523,1.44811564,0.458081529,0.140681511,2.027029632,3.52194693,2.368069242,2.932519017,1.569906673,2.549015921,0.706605796,0.51524426,0.188555718,0.186231997,0.529104369,1.466601682,0.270410016,1.262594163,2.548004679,9.523809524,4.761904762,0,0,14.28571429,57.14285714,4.761904762,47.61904762,85.71428571,0.83775785,1.534934843,1.175196894,1.44238426,1.380222163,1.10557919,0.547621223,1.021945142,1.019444342,-4.260651629,11.02756892,5.263157895,0,6.766917293,-4.511278195,-4.761904762,-5.513784461,9.022556391,0.852128868,2.716521262,1.334797818,2.237374311,1.134583455,1.43303759,1.379289452,1.14036854,1.030836092,3.519668737,47.41200828,0,0,3.105590062,21.11801242,-0.414078675,4.554865424,9.937888199,1.32441031,2.483016923,9.876789707,2.092780305,1.190136999,1.186229875,0.689550749,1.409174807,0.879237669,29.60662526,43.06418219,69.56521739,8.695652174,-5.590062112,8.074534161,-4.761904762,8.902691511,-7.453416149,1.282889638,6.133909836,17.83287538,4.014188662,3.067006367,1.724787091,2.642251525,1.516237307,1.061010413,19.88795518,89.3557423,94.11764706,20.58823529,53.36134454,28.1512605,7.00280112,28.85154062,11.34453782,96.48573381,3.462033741,1.308343359,3.247546292,1.986623786,3.754938588,2.186152225,3.104207273,2.979624689,2.642581302,1.234413339,4.220027466,2.114357928,1.143780492,2.199856446,1.270533536,2.291681313,0.895144596,0.439261432,2.915498708,4.045995493,3.980912684,3.473160016,2.092836183,4.010407734,1.572923838,1.135302153,0.28373779,0.638050535,1.168057244,2.249827965,0.528639916,2.239807504,3.696186973,65.23470243,39.90989103,1.98030176,10.5511316,44.06957251,82.12489522,8.350796312,87.07041073,99.16177703,1.017777183,1.558810545,0.98094032,1.025916929,1.020646445,1.168403434,1.259955821,1.06051295,0.9956293,0.381140754,28.01978463,-0.090840307,0.674492325,0.78240284,4.850956046,7.371139628,1.380635042,-0.101455723,1.082765119,2.240411054,1.089151656,1.15119855,1.104012483,1.487505448,1.86279598,1.247415345,1.00077656,5.276246474,49.67300782,0.470167479,4.485364749,7.838665241,12.13996401,23.04649253,5.29663828,-0.100254614,1.232340845,2.088419387,9.047934121,1.386571171,1.209470454,1.277296299,1.938484477,1.311297113,0.976557246,13.23137427,47.76175987,80.98175703,13.72920611,14.89696193,11.13113163,25.3283818,6.887477583,0.166877224,1.13832956,3.365976532,13.61321074,2.066722971,1.816939593,1.595045537,2.711199217,1.381318069,0.978202946,9.159236963,57.45374533,95.65606188,42.7518987,42.64254871,14.95086235,49.61890066,5.959892301,0.292768422,0.272403325,2.651940849,0.386138604,3.120185876,0.477069794,4.099751845,2.167465684,0.853403245,1.024256005,2.518460934,1.615434512,0.673797623,0.840244316,0.478089566,1.231798213,0.538647035,1.315667066,0.521431284,0.315934766,2.824956515,2.741590615,1.524978283,3.529739919,1.808696125,3.289448458,0.446570509,0.293340746,0.132945048,0.38534865,0.783208888,1.691692441,0.450382929,1.155913652,1.927531082,8.333333333,4.166666667,4.166666667,0,25,50,12.5,37.5,62.5,0.952189044,1.10243809,2.36534118,1.384243945,1.319250459,1.200189784,1.897706948,1.451511807,1.198688175,4.710144928,4.528985507,0.18115942,8.695652174,5.434782609,23.91304348,4.891304348,23.36956522,15.76086957,0.963686548,1.787664112,2.806877641,0.642600276,1.21935406,0.833511746,0.88112165,1.17683689,1.154078468,6.666666667,10.83333333,0.833333333,0,20,-10,-2.5,2.5,17.5,0.9831374,3.703392064,11.08922074,0.965283607,1.376589958,0.947915868,1.407935919,1.028926538,1.12043271,5.952380952,27.97619048,38.69047619,3.571428571,14.28571429,-3.571428571,8.928571429,-8.928571429,12.5,1.82287038,7.26560227,19.32087252,1.451722174,2.257716562,1.234173604,1.833557146,1.504972159,1.153251271,26.44927536,56.70289855,61.05072464,13.04347826,27.17391304,23.91304348,4.891304348,19.02173913,24.45652174,0.715056241,3.235126253,1.776316511,3.160020048,1.044254484,3.962397133,2.278326462,1.888570473,1.885485343,3.35697974,2.225544639,1.133038552,1.852682111,0.680945562,1.757603263,0.576819919,1.761084239,0.641092833,0.540574602,3.073415396,3.360625493,2.563919007,3.354921799,1.811582739,4.425089511,0.741000564,0.532289211,0.358038827,0.696640073,0.890339336,2.173038931,0.832081881,1.380280229,2.601820779,23.28767123,5.479452055,6.849315068,10.95890411,34.24657534,75.34246575,23.28767123,49.31506849,83.56164384,1.282532461,1.288542185,0.771769916,0.701728614,1.064307061,1.047395303,0.945897177,1.074813085,1.05960648,13.07596513,17.24782067,-2.303860523,-6.413449564,-3.943545039,-1.100041511,0.95475301,2.200083022,2.801992528,1.220794248,2.346441452,0.816834126,0.83602486,1.145396892,1.260136471,1.050735396,1.217618269,1.061464573,10.51514567,40.99942118,-2.623962956,0.308701524,-0.443758441,7.756125796,6.289793556,8.43141038,0.945398418,1.131149223,2.668556956,4.565046264,0.969726527,1.267749547,1.0334533,0.982180003,1.031382943,1.020300133,8.107677604,36.38101306,38.49952214,6.482956356,0.637145588,3.727301688,1.130933418,-1.640649888,2.484867792,1.087801884,3.660827695,6.071931489,0.854280664,1.623551545,1.084756419,1.148096932,0.972231463,1.084412119,3.54159706,50.61810892,54.12629469,-1.202806549,16.97293685,-9.488807217,5.98062145,-2.973605079,11.56030738,0.068908783,3.164824101,2.615753479,2.484538488,1.133176515,3.374186093,2.498069479,0.316772905,0.880744693,5.563751826,3.935587469,0.58018548,2.437186049,0.709116277,2.352255782,0.45522292,0.98254507,0.597181092,0.847242408,4.274335064,2.031144648,3.436616355,2.166631217,1.468893334,5.25066592,0.877317039,0.505593506,0.259594802,0.963728969,0.804588857,2.01324666,1.0092347,1.599452769,2.953802728,14.28571429,0,0,42.85714286,28.57142857,85.71428571,28.57142857,71.42857143,100,0.706662934,1.176437636,0.390491633,0.674014185,1.348726747,1.48117223,0.902340599,1.383820174,1.045624027,-14.28571429,0,0,-42.85714286,21.42857143,14.28571429,-28.57142857,28.57142857,0,1.655432242,0.788937145,1.0419174,0.63335295,1.009607802,1.414297288,0.893630531,1.241352379,1.078199162,25.71428571,0,0,-42.85714286,-8.571428571,14.28571429,11.42857143,8.571428571,0,0.755461044,3.376047798,13.30646966,0.436797248,3.410083151,1.950752769,1.830399006,1.552669236,1.093153773,10.71428571,50,100,-42.85714286,71.42857143,14.28571429,71.42857143,28.57142857,0,0.999226442,2.59632514,5.778193885,1.051715579,2.314930168,1.500514846,1.19902176,1.371500709,1.018017255,15.71428571,40,50,-2.857142857,31.42857143,4.285714286,11.42857143,8.571428571,-10,0.546223772,2.75719498,1.937335851,1.31413928,0.583810736,1.940812048,1.795666148,0.348356951,0.647993649,4.523024208,2.70442207,0.387607905,1.879086678,0.539011916,1.729695018,0.248664928,0.52968668,0.383446141,0.499079219,3.730673839,1.453006524,2.546093835,1.475296967,0.790900784,4.380417227,0.740257865,0.325392191,0.221512762,0.37506571,0.498389567,1.929271942,0.808289747,1.269630259,2.273795427,22.72727273,6.818181818,0,4.545454545,11.36363636,77.27272727,15.90909091,47.72727273,81.81818182,1.088925127,1.264762715,1.135633624,0.965291674,1.2009484,1.070733782,0.940410136,1.088309234,1.106465993,2.66955267,1.118326118,4.761904762,1.803751804,1.334776335,-7.431457431,6.313131313,12.59018759,8.658008658,1.117890555,0.849184341,1.303442557,1.071080821,1.1863002,0.957477145,0.959864602,1.173212548,1.065234776,0.909090909,-3.181818182,3.636363636,-2.727272727,1.363636364,-2.727272727,7.727272727,19.54545455,5.454545455,0.818989591,3.116308901,8.873624412,1.339049352,3.224697858,0.989078129,1.16829848,1.015885196,1.064125128,-3.67965368,21.75324675,50,4.978354978,31.49350649,-17.74891775,10.28138528,-0.108225108,8.658008658,0.912699238,1.996126909,6.783948623,1.16870853,2.567603811,1.023703038,0.908406496,1.053136207,1.138079435,-9.96131528,12.33075435,42.55319149,-0.290135397,35.44487427,-0.676982592,5.367504836,-0.918762089,7.543520309,0.338577438,1.647573934,0.25751438,0.515889289,0.25175711,3.724898128,1.932465535,0.178758528,0.326600915,2.628325381,0.470947837,0.27523144,0.301747819,0.453985726,0.95990784,0.179223825,0.357189405,0.364787263,0.167827349,4.440572369,1.073599358,0.311099573,4.171732565,1.863279251,0.875574855,0.247351476,0.370147426,0.241890792,0.250971625,0.978906576,0.75590099,0.124677808,1.212252141,2.491170192,3.225806452,3.225806452,3.225806452,0,32.25806452,16.12903226,3.225806452,45.16129032,90.32258065,2.358438794,0.972172083,1.537690741,1.085898046,0.920014816,1.302723254,1.084975716,1.060597446,0.969250737,3.917050691,1.53609831,-0.844854071,2.380952381,-3.686635945,17.20430108,-0.844854071,0.076804916,-4.608294931,1.457323004,1.739670936,1.50195773,1.130453046,1.191980486,1.54300314,1.288062682,1.238776822,1.103867284,2.179598954,2.179598954,-0.523103749,0,8.282476024,13.60069747,-3.225806452,11.59546643,-1.133391456,1.390708058,3.496258627,6.077183992,2.616219049,1.281680969,2.864132324,6.488560366,1.422558051,1.068766129,3.917050691,39.63133641,46.77419355,25,7.02764977,55.29953917,18.20276498,15.55299539,2.534562212,1.428951163,7.347716978,12.74300354,1.419568313,2.779081599,2.563109159,6.473957549,1.363573993,0.975604812,2.037351443,80.98471986,75.72156197,5.263157895,51.9524618,52.29202037,23.08998302,17.99660441,-6.112054329,0.045589398,1.036306857,0.368256973,2.04748875,0.640441646,3.361561089,2.204587482,0.45987681,0.57633895,2.47231844,1.21054563,0.430040802,0.46791039,0.579983414,1.015102099,0.392909697,0.901460175,0.500001156,0.364833282,3.333906332,1.625521356,0.687074504,3.068152781,1.759908554,1.82478347,0.974955567,1.068129185,0.000906492,0.38971841,1.386063657,1.630286535,0.38922401,2.285380336,3.270738921,33.33333333,66.66666667,0,0,66.66666667,33.33333333,0,66.66666667,100,0.241270833,0.489616659,281.9686365,0.763068248,0.618394609,0.90510837,1.280543076,0.519079802,0.62717171,-33.33333333,-66.66666667,0,0,-38.0952381,9.523809524,14.28571429,-9.523809524,-14.28571429,0.81033219,0.461120761,739.1957937,0.400411565,1.010242459,1.297581773,2.09626311,0.53652889,0.61693316,16.66666667,-66.66666667,50,0,-16.66666667,16.66666667,0,-16.66666667,-50,0.058244142,0.116116136,82.94684089,0.448611026,0.349868952,0.437070514,0.026270058,0.188958318,0.590593584,-33.33333333,-66.66666667,0,0,-41.66666667,-33.33333333,0,-66.66666667,-25,0.008622095,0.427538269,1367.777681,0.733134614,0.14277675,0.957705799,0.966889922,0.124049749,0.520362289,-33.33333333,-66.66666667,50,0,-66.66666667,41.66666667,0,-66.66666667,-50,0.019286996,0.767615393,0.099143793,0.738011155,0.04005799,0.876949621,1.198488044,0.500480442,0.568833604,2.202702003,0.677167076,0.248404081,0.255538539,0.358562972,0.616376894,0.871962161,0.310015448,0.164136919,0.130297808,1.875577235,0.796332078,0.823837738,1.112800779,0.647047455,1.240025237,0.002473073,0.14375842,0.094245796,0.015160355,0.053369008,0.555805758,0.000387572,0.314466462,2.033021405,0,0,0,0,0,0,0,0,100,11.90956836,0.003345817,0.00055259,0.152772652,1.655268334,1.839338801,3.02524568,1.395367802,1.094271549,0,0,0,0,0,0,0,0,-50,NA,NA,NA,NA,NA,NA,NA,NA,NA,NA,NA,NA,NA,NA,NA,NA,NA,NA,0.754468403,1.196692195,13.90924776,0.097851801,4.710216862,0.158755215,118.4241127,0.934771112,0.611944171,0,0,50,0,0,0,0,0,-50,NA,NA,NA,NA,NA,NA,NA,NA,NA,NA,NA,NA,NA,NA,NA,NA,NA,NA,100,3.440785666,1.306533562,3.207855733,1.959922043,3.736948387,2.17967771,3.052657853,2.932711438,2.654765961,1.26254622,4.135860671,2.095978774,1.127893785,2.178965135,1.248141388,2.261003127,0.884967661,0.438522799,2.922798113,4.004952992,3.927167996,3.455484453,2.075256689,3.999055643,1.549102716,1.118902134,0.282776892,0.634570427,1.15793647,2.239996129,0.53564283,2.218783216,3.666425115,63.99351964,39.18590522,2.004860267,10.45970028,43.61077359,81.6018631,8.677602268,86.07735925,98.78493317,1.018305584,1.55331941,0.985052319,1.021011379,1.020682707,1.166517288,1.251310993,1.060200569,0.995524785,0.387898449,27.32754221,-0.048870047,0.650324166,0.68262494,4.764885064,7.283277927,1.462983044,-0.026986961,1.083915844,2.235140726,1.095023458,1.146154826,1.103283631,1.480374573,1.831151845,1.245369054,1.001320922,5.275265026,48.77173471,0.48631472,4.356235168,7.64489963,11.99369918,22.57807095,5.339685627,-0.055734987,1.231763715,2.093626116,8.998138455,1.379788146,1.214100048,1.273608011,1.909810949,1.307268832,0.976892631,13.14681575,47.26108899,80.17617337,13.50813339,14.72991485,10.96457801,24.8812876,6.714638392,0.195159013,1.13362779,3.363193068,13.49339247,2.040332702,1.815475126,1.582020796,2.638949718,1.371866058,0.976605348,8.715178547,56.99039367,94.63845555,41.49593311,42.04305011,14.80794425,48.09414321,5.706061644,0.397787202UPN69,8.690206479,2.104967498,0.052218721,0.36378631,3.00213752,0.659907983,0.122479796,0.443308596,0.143500344,0.456491442,0.488532645,0.321377614,0.170075521,0.122281949,1.191835697,0.164032782,0.351395972,0.02505929,1.56319503,1.256277739,0.555494415,0.754542659,0.497837016,0.768682704,3.746875627,0.1071838,0.073227385,0.059624901,0.248393336,0.057391556,0.650715172,0.124926055,0.383430965,0.26175775,0.366837858,0.146735143,0.220102715,5.355832722,0.220102715,16.06749817,0.330154072,5.685986794,2.567865004,1.127006069,1.325163547,1.064999246,1.06741723,1.13492436,1.086079621,1.004858068,1.158314495,1.05367582,0.065722111,0.443119359,-0.023484547,0.031505068,0.015839086,1.903402345,0.063082263,1.510238137,0.302760242,1.257406588,3.280806665,1.183992903,1.0791595,1.17057685,1.272990824,1.251373883,1.281651749,1.214219783,0.559564613,2.117804229,0.243098521,0.768716944,-0.117169107,8.276300084,0.338914379,3.423637498,1.395078898,1.782679804,3.783758034,9.548867809,0.986371341,1.730740466,1.238689633,1.645120866,1.27360456,1.188784632,1.068568841,4.350872512,16.04783987,-0.284062387,0.066978625,6.516233892,0.961711957,3.548462967,1.020651743,1.38367247,19.83540271,35.00382925,1.111841954,4.613574213,1.862088295,1.971130724,1.505655258,1.197155322,0.718509947,51.55528755,73.583548,0.564246212,1.703922939,24.87971446,1.149865662,7.930194755,0.638844419,9.273979785,1.973859269,0.071696428,0.591665043,2.86556848,2.145471638,0.104207639,0.400330626,0.152631035,0.503438623,0.980317976,0.286890694,0.225958775,0.13225166,1.224870521,0.164291262,0.704692053,0.0460674,1.455858098,1.328890859,1.011324295,0.952673901,1.016270349,1.579550048,4.398307444,0.099800867,0.076224991,0.066826522,0.322240624,0.116926842,0.933172688,0.249041452,0.563737955,0.374831956,0.399709302,0.290697674,0.472383721,7.667151163,0.581395349,27.3619186,1.526162791,10.46511628,7.049418605,0.917553287,1.199177381,0.886583407,0.956098343,0.932348347,1.041053704,1.042002767,0.989736049,1.018898453,-0.294924112,-0.11605569,-0.437455324,-1.345111344,-0.232111381,1.908077903,-0.094098522,0.257901534,0.18075953,1.081622762,2.758014246,0.926435865,1.021303904,1.057513809,1.193490963,1.10324966,1.044294538,1.100689295,-0.079196482,1.266078882,-0.243445992,-0.341143837,-0.260882528,8.810242568,0.030613766,1.577008263,1.192339637,1.5903611,3.000322648,6.5185768,0.982014663,1.379061006,1.090093008,1.274454618,0.987824096,1.15177418,0.68622082,3.0615214,10.85906104,-0.443355129,0.693392187,3.516268364,1.448341459,1.480115071,2.015737203,1.5702957,16.53096965,27.56004329,1.103462193,3.740227045,1.698273076,1.777516641,1.296421706,1.285374102,0.064686983,43.00135599,68.36146561,-0.288410193,6.797345621,27.17884507,4.614188086,7.594739242,2.909301726,2.004902949,2.077337908,0.119136251,0.633432723,3.024629128,2.330725585,0.713838977,0.431984396,0.180239234,0.947245922,1.619624219,0.372715238,0.311179206,0.196468528,1.614615263,0.258066049,1.051184261,0.082217672,1.68327983,1.510185128,1.054668839,1.300839578,1.366832054,2.101929383,4.991048756,0.125591909,0.088766002,0.063670268,0.430793986,0.193439014,1.179990751,0.436915628,0.769633265,0.577160432,0.161290323,0.161290323,0.322580645,10,0.967741935,38.70967742,4.032258065,17.25806452,14.83870968,0.939174271,1.393561724,1.147919158,1.129437375,0.954458989,1.05669845,0.974492906,1.063430636,0.970499024,0.435724603,0.286470871,-0.322580645,3.582089552,-0.37072701,2.036591237,-0.15166105,2.741935484,-0.510351468,1.225747301,3.001675747,1.199693654,0.953099078,1.162928194,1.167732083,1.066418576,1.106299482,1.086164226,0.41898047,1.192674861,-0.322580645,0.251450677,0.773070444,8.485680414,1.770449866,4.211954826,0.828601735,1.439476838,3.482522481,7.686645846,0.978666844,1.321972743,1.205993736,1.298962743,1.086380135,1.145773917,0.923308376,4.177104471,13.5602827,-0.672451193,0.767615982,9.012665314,5.295290742,2.264712057,0.779511581,1.506440026,15.09332305,28.44459374,1.148850396,3.256396604,1.587666908,1.509090337,1.202611785,1.175855835,1.680814941,46.41765705,69.94057725,2.631578947,13.76910017,25.76400679,7.020373514,10.89983022,3.582342954,0.10004042,1.828961412,0.076213652,0.673246002,2.784487928,2.919202477,0.315685407,0.300956325,1.430411003,0.759719822,1.121150219,0.285260065,0.289737918,0.170968811,1.263537652,0.16204478,0.985098818,0.056610579,1.108905941,1.435874424,1.88838185,0.963418615,1.410576257,1.982329044,4.207337226,0.071382895,0.112185415,0.143410919,0.229738429,0.193975108,0.838892437,0.240254842,0.616302781,0.560161109,0,0,0,3.703703704,3.703703704,25.92592593,0,11.11111111,14.81481481,1.879585561,0.958000465,0.504482246,1.870416241,0.751184073,1.50748325,1.123147915,1.458896302,0.892182054,0,0,0,10.18518519,-3.703703704,12.96296296,0,8.333333333,-0.925925926,2.514717833,1.266514137,0.449951002,1.55499185,1.146068939,1.653506629,1.541270672,1.285146854,1.218349135,0,0,0,5.119825708,-0.762527233,21.1328976,2.941176471,12.41830065,5.773420479,1.930187296,0.992822637,1.557065019,1.925877807,0.56176693,1.002401241,1.201150349,0.991797181,0.98054166,0,0,0,12.96296296,-3.703703704,-3.703703704,0,-5.555555556,-3.703703704,2.469838955,9.753843403,10.18165179,2.200119182,2.513276598,2.011081898,1.93643886,1.288845479,0.906512482,0,47.36842105,63.15789474,6.822612086,6.822612086,26.70565302,10.52631579,9.941520468,-4.288499025,4.276863642,2.14293124,0.129219534,0.704350339,3.134157156,2.097459024,0.293183035,0.368362319,0.1991993,0.65880177,1.548477985,1.405080534,0.289428794,0.23387202,1.576782817,0.333736632,0.98460199,0.082337321,1.607166156,1.465699394,1.205280402,1.697894424,1.317046289,1.953855506,4.825601965,0.18460561,0.119358744,0.080210468,0.436955608,0.228592556,1.310333712,0.423838228,0.984015559,0.773437375,1.112759644,0.519287834,0.370919881,9.940652819,1.632047478,46.21661721,4.896142433,30.71216617,24.10979228,0.948639573,1.347612714,0.992224861,0.906601556,1.039387689,1.050364888,1.013006668,1.037726566,1.03813963,-0.356745898,-0.244373744,-0.096005792,0.299897009,0.086165581,2.168262514,0.18976822,0.215668879,-0.054809467,1.206530427,3.349091613,1.043404777,0.981454576,1.122853966,1.23070746,1.195785066,1.057980834,1.033491516,0.434471626,4.773871775,-0.208053432,0.157067051,0.403783141,10.62377367,3.89864584,1.209657932,1.297373839,1.48340638,3.159949439,8.398708927,1.011848343,1.382251103,1.178285222,1.396036076,1.049345702,1.024181284,1.998828339,6.776849505,20.5518269,1.540033876,2.445205741,9.362781931,7.013728811,0.511009794,-0.93382662,1.440116695,13.31720444,25.90431585,1.134539272,2.893037205,1.566739499,1.741031707,1.242243457,1.124766691,2.000080823,57.32766418,78.22830191,1.862200618,13.15394474,22.78467981,12.22448013,8.717146409,3.386965173,26.75930241,2.918647466,0.147358751,0.822126815,3.340005566,2.53224455,0.323863475,1.574409505,0.451800744,0.628110212,1.442416258,1.014872727,0.382913417,0.307071109,1.71351792,0.420035932,1.032556769,0.094670559,1.979993105,1.663292392,1.337380291,2.31111474,1.502432139,2.018919626,4.943857365,0.3547637,0.213303612,0.09276917,0.434114676,0.321625576,1.800237879,0.485402353,1.210642561,0.994903637,3.589232303,1.171485543,0.373878365,11.1665005,2.729312064,63.88334995,7.340478564,42.65952144,34.69591226,1.026368305,1.254902022,1.011873401,0.966283635,1.042135523,1.023716848,1.025193528,1.082668062,1.053551892,0.667473094,0.370484269,-0.069827979,-0.872223161,-0.199178499,2.453928799,0.260781073,5.108965914,2.800015633,1.152244363,2.85295527,0.985914508,1.036505223,1.135093295,1.161119825,1.182038391,1.2047722,1.124171964,1.457351548,11.49673392,-0.063319359,-0.296935281,1.178555431,9.033316717,3.55496657,10.39430879,6.414336184,1.482425097,2.990484387,9.884374042,1.102973696,1.45620881,1.198718021,1.50061768,1.183605373,1.069126485,6.553265601,15.1403334,31.79711912,0.451269828,4.311760862,12.21053102,10.56396402,8.790604298,2.90677005,1.132743107,10.11246162,26.97267747,1.162356598,2.595385723,1.446406198,1.662146638,1.315236748,1.051435798,0.336001342,77.37472422,88.93037916,1.543779875,20.69747921,21.35029491,14.00946951,14.1836769,1.295780364,8.140547339,2.890965314,0.118238488,2.281787807,3.099284064,3.303154774,0.303210674,1.32452786,0.453338574,0.230263326,0.876117325,1.122706729,0.364174865,0.277075156,1.683103472,0.339008901,1.219249938,0.114640432,1.480473469,1.484569964,2.379506275,2.432857673,1.696353158,2.335499592,4.480900284,0.329812708,0.195347927,0.079746637,0.428973656,0.349954293,1.865027925,0.371375228,1.233692562,1.042758697,2.776609171,1.051745898,0.378628523,10.01262095,2.986958351,68.91039125,2.986958351,42.70088347,36.05384939,1.058062296,1.270329633,1.099715725,1.07407419,1.10715294,1.020764612,1.051605302,1.099756791,1.028574925,0.665145746,0.650220819,-0.113878145,0.804323073,1.135583253,2.572210869,-0.112525673,6.920901707,1.616347282,1.181328633,2.598077304,1.14193955,1.117762803,1.155182535,1.168437817,1.223907018,1.221317027,1.104421199,1.200663556,8.400733441,-0.172016953,0.67952781,1.041967269,8.000765775,2.694859831,12.10283554,6.869704329,1.520099088,3.361529802,12.47835339,1.260013874,1.550643102,1.211088316,1.741450856,1.300977356,1.100492762,5.939465985,16.64136475,34.90320864,3.609508486,7.190494676,11.10004716,10.42640282,14.81477415,5.073499253,1.21067707,10.50314477,31.75281953,1.373928179,2.688240199,1.460889957,1.927006711,1.40434448,1.048012267,0.848768472,75.44372238,90.13496664,4.972273309,25.77437095,19.30713141,13.02512624,17.54080838,2.25430771,20.49266529,3.191964317,0.230630744,2.255248625,3.20651902,3.333008172,0.475979297,1.740084338,0.679515885,1.076095441,1.78117175,1.233239983,0.523242871,0.416697603,1.948577984,0.589210181,1.448721752,0.163331564,1.823891214,1.848778639,2.287074837,2.827634942,1.896498588,2.54780169,5.12560632,0.519366922,0.316508609,0.122506982,0.608703886,0.518336995,2.198470298,0.647052659,1.551001236,1.391437521,7.874256066,2.685792767,0.595147261,16.17579734,7.111246757,79.97863574,11.96398596,60.52189837,55.44025637,1.082767533,1.19608523,1.071596312,1.053766524,1.064644132,1.030540333,1.049382061,1.076845936,1.065717038,2.164718778,1.436092198,0.00719123,1.126671062,1.049849263,3.392097696,2.362221669,4.814112026,4.510139283,1.1429012,2.351953759,1.098142757,1.102825249,1.132254801,1.158494591,1.19049549,1.183838612,1.110498564,2.865680463,16.60600613,0.173184124,2.347670168,2.292461277,6.592267885,6.39245299,10.23140045,8.548385687,1.352950344,2.562299922,9.146927257,1.174606822,1.331720283,1.182321142,1.437995988,1.205004121,1.042168439,9.356320375,21.56232753,40.80000729,4.208496724,8.009889417,8.053945714,15.56316525,9.444684757,3.770269945,1.060958123,6.927995442,21.63562021,1.229792029,2.095694504,1.339169705,1.525544818,1.281520573,1.000410186,0.485365385,78.26057947,91.64460037,5.275306756,31.05910025,11.78792577,18.79311183,11.43393759,0.080248361,3.56335416,3.153378085,0.202470968,2.204421646,1.708286322,4.057392506,0.412648982,1.377387769,0.62299708,0.860021588,2.503765803,0.476761695,0.484860115,0.33184979,1.895966869,0.509222699,1.427253388,0.119870694,1.4365801,2.042194724,2.341970632,2.386957604,1.855817593,2.546164302,5.705700721,0.402523631,0.185479528,0.098343039,0.508649623,0.430602722,1.988372124,0.786272803,1.25627664,1.281836097,5.277777778,0.833333333,0.37037037,11.75925926,5.185185185,72.03703704,19.90740741,44.90740741,47.87037037,0.979625546,1.270867736,1.163811517,1.035122509,1.124394008,1.042157055,1.033926184,1.099688235,1.051763658,-0.379818594,0.636054422,0.119425548,1.057067271,1.753590325,3.309901738,0.990551776,5.623204837,4.782690854,1.027315179,2.253536959,1.257187174,1.098797181,1.104212221,1.128688205,1.09385009,1.115159093,1.112628549,0.964572283,5.653814769,0.608821796,2.561426175,0.689967814,6.053538238,5.673987941,4.786595041,8.677977243,1.204322447,2.988517151,8.448929649,1.113077615,1.340047422,1.197779638,1.262571549,1.183006742,1.092987432,4.545899804,13.14651553,26.83365986,0.835199179,5.520104487,8.693441552,12.20846161,8.619040955,6.033911745,1.030955577,9.915399353,23.22082543,1.267173076,2.437426864,1.403485807,1.308061881,1.208898777,1.043219278,0.261994949,67.4905303,82.58417508,5.71233165,32.31481481,12.48000842,14.89372896,7.649410774,4.402356902,0.21040095,3.301580488,1.445369503,2.247244361,1.606050459,3.982797865,0.499312411,2.655043371,1.088122799,2.040160752,3.030355806,0.465316696,0.92868864,0.483241686,2.209302215,0.745513061,1.184512155,0.196095565,1.500088184,2.907984647,2.022837371,2.95526078,2.157999639,2.202312434,5.914698848,0.556332111,0.41716155,0.158165055,0.755390587,0.590934089,2.538581429,0.975000603,1.624996318,1.814560703,11.86440678,5.084745763,0,22.03389831,8.474576271,88.13559322,30.50847458,64.40677966,71.18644068,1.144549557,1.489383668,0.733730312,0.840276772,1.309035039,0.937992959,1.061902398,1.034562061,0.996561277,-0.460898008,5.441570027,0,-2.735652691,10.82366934,0.460898008,1.947665775,5.768658935,1.620576866,0.887237152,1.687399142,1.057658797,0.722019067,0.96993659,0.898432126,0.932105805,1.02649649,0.984740815,-4.919962335,8.804143126,0,-2.589453861,-0.141242938,-3.413370998,-2.730696798,-7.462335217,-0.353107345,1.141422587,1.970087557,5.782877095,1.11027016,1.527281898,0.983183744,1.039111318,1.021191561,0.923901752,-1.053595969,21.94228126,27.02702703,4.993128722,21.25515346,-1.649106734,4.626660559,11.26889601,-6.321575813,1.073155182,3.232330897,10.14655014,0.91933026,1.851747355,1.164717844,1.075121968,1.096986235,0.914042063,-4.967855056,36.29456458,51.72413793,-1.344243133,26.00818235,8.416130918,3.974284044,4.55873758,-2.220923437,0.158818458,3.131900706,3.427485082,1.71506105,0.977816411,3.713736227,0.495931934,0.159709353,0.466619556,6.023587849,4.350821401,0.132505548,1.534907557,0.236654853,2.39597454,0.334400856,0.195286237,0.189520047,0.543972055,4.655949536,0.289968868,1.387499525,1.602871881,0.888245196,5.362551195,0.17397179,0.114788174,0.082446728,0.23788753,0.19912941,2.445945904,0.673649057,0.940344415,0.612845985,0,0,0,2.127659574,0,85.10638298,12.76595745,31.91489362,4.255319149,1.765054264,1.586946079,1.390682691,1.583273839,1.982095036,0.963738115,1.050927527,1.194558921,1.337754879,1.639344262,0,1.639344262,6.069061737,6.557377049,1.778862923,5.266829438,9.06871294,15.416812,1.294067921,1.861358791,1.948799174,1.734632455,1.746208909,1.04915943,1.027161605,1.283192493,1.426891279,0,3.773584906,0,3.532717784,1.886792453,5.459654757,-5.218787635,13.36812525,20.27298274,2.310142486,3.249644997,14.14300821,0.990669581,5.54766118,1.076873356,1.057727649,1.28282668,1.40144526,3.846153846,11.53846154,38.46153846,5.564648118,30.76923077,14.89361702,2.618657938,6.546644845,26.51391162,1.727869433,2.032918359,3.921021875,1.89105655,3.345907767,0.898337982,1.016484888,1.311830782,1.685055945,0,3.571428571,10.71428571,8.58662614,21.42857143,-2.963525836,-2.051671733,18.08510638,31.45896657,6.089293392,3.02303805,1.274993172,0.704720665,1.594763136,1.568035736,0.26168829,0.416735348,0.340581975,2.199875473,2.22411436,0.273363823,0.876231958,0.209220369,1.729927458,0.319281638,0.580125812,0.091592093,1.125189968,2.841091901,0.619542555,1.351171246,0.9917937,1.116788373,5.052594675,0.249994044,0.114628289,0.081599601,0.443350436,0.178145916,1.620142645,0.542077075,0.849432803,0.633583496,1.804670913,0.42462845,0.212314225,11.09341826,1.061571125,57.21868365,10.93418259,24.09766454,16.40127389,0.999449786,1.239258909,1.109488188,0.912451623,1.120273393,1.008898311,1.056299496,1.062705306,1.108695419,-0.136368656,0.360454965,0.180227483,-1.917755845,0.361392565,0.386811932,1.185542631,2.546103857,4.746910609,1.170750549,2.681897493,1.10065869,1.051008817,1.287734512,1.168738696,1.127713241,1.13452839,1.179070929,0.609816009,4.471414474,0.190100262,0.308325537,0.749294066,10.11867383,3.217393533,4.473764028,4.725486678,1.403245661,4.567676153,13.92964727,1.023515667,2.636386704,1.097271076,1.155681211,1.102979727,1.17302445,2.991840715,13.52885992,34.01733694,0.171116625,10.13028934,4.627246581,4.036747642,4.318033131,4.746981929,1.072921632,10.59120373,19.47755804,0.981731554,2.589007191,1.243197507,1.110373701,1.06828757,1.111080179,0.06740397,42.16507514,54.31186674,-0.328987682,8.68881889,12.28209638,3.496394633,2.033380698,2.553484305,5.837575186,1.725013213,0.122358903,0.433633969,1.167890765,3.509254698,0.267396837,0.341824165,0.173205242,0.86665763,1.390492508,0.249085132,0.203500438,0.172382439,1.444292277,0.254080772,0.668903478,0.058978376,0.916239119,2.805601116,0.834122353,0.912267884,2.214566769,1.778323418,3.690237569,0.113313391,0.083848905,0.06982526,0.345563395,0.266026233,0.99265898,0.354954867,0.690777058,0.590362239,0.690846287,0.057570524,0.230282096,7.714450201,2.590673575,30.97294185,5.354058722,15.88946459,15.88946459,1.029792278,1.23464149,1.043402104,1.029905772,1.058239263,0.994686776,0.95510369,1.00923951,1.078154974,-0.13030817,0.222698534,0.106040774,0.805729171,0.660447501,-0.815991181,-1.486345717,-0.026235895,1.879593702,1.132096849,2.271434738,1.131121822,0.974409795,1.061082128,1.153651148,1.092371674,1.093324635,1.176483396,-0.095608191,1.876953286,0.290551238,-0.943616868,0.236707377,4.220510527,1.863203183,4.423035406,4.497440168,1.524639903,3.664868698,7.502023509,1.097885002,1.338761855,1.198075148,1.260561771,1.115280225,1.270116184,0.979616887,5.71312044,13.96865488,1.017516389,3.483737966,7.371781001,3.301977725,5.902486811,6.661788253,1.621096381,13.9912592,22.8765028,1.197633948,2.534478262,1.634802031,1.48890993,1.212933043,1.257959263,0.79835699,40.44875859,57.25296437,2.114291422,14.38624377,20.10673052,7.304169126,8.459008973,6.225204058,2.889301106,1.898291437,0.126531769,1.891874993,2.636980418,2.79766872,0.340733779,0.533610741,0.218834997,0.792705542,2.119147796,0.408196729,0.305108233,0.198599575,1.568419968,0.246336079,1.127810804,0.086996872,1.387577101,1.511809153,1.649480155,1.317419783,1.463923781,2.250070955,5.119188333,0.149357741,0.118664749,0.082640519,0.639497721,0.221560784,1.245751996,0.540144774,0.856244869,0.665608307,0.806451613,0.806451613,0.69124424,16.24423963,1.612903226,41.12903226,9.447004608,24.30875576,19.35483871,0.951948516,1.139607422,1.119739421,0.970970342,0.978481134,1.122150751,1.025719503,1.083256218,1.015913029,-0.257001063,-0.257001063,0.187876639,-0.639844027,-0.623892237,8.980857852,-0.545905707,3.713222262,0.095710741,1.215269245,2.442938183,0.933717442,0.930122157,1.208756095,1.256712962,1.155846689,1.095147774,1.08897227,1.098310292,2.368151562,-0.056323605,0.263696877,0.768049155,12.83922171,2.616487455,3.469022017,3.502304147,1.332916537,2.265538753,5.438048277,0.948853615,1.196275264,1.128125045,1.123690519,0.951282759,0.987074159,1.348720801,2.929180571,10.22829599,-0.870676413,0.973303671,9.589358547,2.621960909,-3.044387944,-1.826103077,1.143389133,10.35949571,20.93787465,1.163242594,2.914982523,1.479219881,1.301230206,1.063058067,1.051597158,0.003921159,43.1157526,65.1110248,3.204706884,14.75662676,20.78344748,7.894972701,0.164501938,0.094107806,1.284373369,0.842696488,0.052799484,0.398080167,0.616353432,0.850640165,0.135027159,0.237028313,0.083060004,0.55268678,0.369465272,0.124432978,0.082041536,0.083880272,1.002845421,0.103586456,0.213628949,0.024219653,0.627615867,2.369763075,0.433451445,0.35264784,1.218363112,0.640543305,2.58159738,0.071357912,0.062098256,0.059911509,0.251427659,0.078592642,0.372720456,0.08966192,0.307709426,0.209165224,0,0.320512821,0,5.769230769,0.320512821,4.807692308,0.320512821,3.205128205,3.205128205,0.800791884,1.502725244,1.204571771,1.014809473,1.411676791,1.2001305,0.962828047,1.069696606,1.012840316,0.293255132,0.265997443,0.293255132,-0.197383262,0.852507707,5.456237311,-0.320512821,0.313933378,-2.032107677,1.087830839,1.830043694,1.188782761,1.163235241,1.408578542,1.389391312,1.101870907,1.077401717,1.298297995,0,0.079487179,0,-0.169230769,-0.320512821,6.392307692,0.479487179,0.394871795,0.394871795,1.330881727,3.227222786,8.735698152,1.181076787,2.102754884,1.212409183,1.127523154,1.216729029,1.337534831,0.344827586,3.817418214,13.79310345,1.816976127,3.817418214,3.812997347,0.024314766,4.036251105,0.243147657,1.328634257,11.73326452,24.13131728,1.246853937,3.649883985,1.744941415,1.409007886,1.151626286,1.296590994,0.842696629,21.58959954,47.47191011,1.253241141,5.85926246,10.64174589,0.522183809,2.974647076,-0.115240565,100,2.655500459,0.221524887,1.215636022,2.851709531,2.582981256,0.317853642,1.11240002,0.402792773,0.803266596,1.451628844,0.805799134,0.392609747,0.271705903,1.643499964,0.376744571,1.000209369,0.097357163,1.630570755,1.774330919,1.469574946,1.931985429,1.477858787,1.942117008,4.727557052,0.304532172,0.184590394,0.089490117,0.447507956,0.304407098,1.599444011,0.462539103,1.066212509,0.893923503,3.404394884,1.14791735,0.400131191,11.15775664,3.138734011,55.74614628,7.405706789,35.81174155,30.61331584,1.092569386,1.289703938,1.070984092,1.030406561,1.109434719,1.060112621,1.066626733,1.110245873,1.095524088,0.972328379,0.68055457,-0.028632134,0.335495426,0.625596275,4.375751851,1.022678061,5.462384117,4.214720728,1.18883982,2.700265589,1.081631182,1.069015468,1.171318052,1.195706,1.192970288,1.205920209,1.150363819,1.499542723,9.013771826,0.04118515,0.788220151,1.164100305,9.644761084,3.672855128,8.936213553,6.754003923,1.41637545,2.934949693,9.383206621,1.100930591,1.43522118,1.173109527,1.398560371,1.167751209,1.072125509,4.826165774,12.68484745,27.77270184,1.363016559,4.68510925,8.222190992,8.329445839,6.578707147,2.755003935,1.078123237,9.449881768,24.64262911,1.141543891,2.394969803,1.389091553,1.484886697,1.21994408,1.007379324,0.103644373,61.92892541,78.44200704,1.861662862,17.37703128,16.4453342,9.983100895,7.584583357,-0.57050941UPN90,2.588443626,0.758952952,0.062012409,1.106599588,3.761334169,0.822340487,0.116872819,0.035619424,0.06017213,0.095768192,0.063441337,0.249574147,0.091976636,0.07955319,0.046041419,0.047216571,0.091958505,0.07710936,1.634028454,0.776710359,1.177862508,0.5877513,5.616955224,0.644657528,3.852877731,0.07016843,0.035141058,0.009256676,0.034424811,0.340579232,0.187916785,0.030535141,0.316536634,1.218609274,0.951242597,0.049225058,0.049225058,0.124471453,3.718591737,2.700417384,0.125410659,6.690216543,39.82827048,0.839552376,1.06473457,1.003201275,0.804987565,1.025288075,0.999626466,0.946047912,1.003412972,0.985234107,-0.361499008,0.07898007,-0.049225058,-0.021907351,0.024998007,-0.008109692,0.002794469,-0.049190901,-0.905193558,NA,NA,NA,NA,NA,NA,NA,NA,NA,NA,NA,NA,NA,NA,NA,NA,NA,NA,NA,NA,NA,NA,NA,NA,NA,NA,NA,NA,NA,NA,NA,NA,NA,NA,NA,NA,NA,NA,NA,NA,NA,NA,NA,NA,NA,NA,NA,NA,NA,NA,NA,NA,NA,NA,16.46645799,0.411096631,0.085614863,0.913654736,2.530194805,3.050166698,0.098834635,0.026123403,0.048441831,0.191517868,0.07118092,0.126826173,0.088719654,0.170900214,0.052982212,0.232587819,0.287629915,0.136454672,2.255682958,1.227363752,1.494561436,0.486600493,5.95303601,1.742968482,3.264103539,0.056632597,0.05280724,0.011853143,0.043850999,0.479960476,0.133969174,0.022335819,0.325804963,2.050764135,0.791357207,0.261418038,0.041007571,0.177676805,6.30698531,2.020663735,0.077757467,7.414613376,68.6900189,0.888839602,1.077856335,1.076741813,1.032548809,0.996822183,0.994309978,1.002388351,1.001558648,1.002775538,-0.289027857,0.082920629,0.003553904,0.024875352,-0.307390415,0.017010966,-0.01699182,-0.090327373,0.052132201,NA,NA,NA,NA,NA,NA,NA,NA,NA,NA,NA,NA,NA,NA,NA,NA,NA,NA,NA,NA,NA,NA,NA,NA,NA,NA,NA,NA,NA,NA,NA,NA,NA,NA,NA,NA,NA,NA,NA,NA,NA,NA,NA,NA,NA,NA,NA,NA,NA,NA,NA,NA,NA,NA,1.898337981,0.415192096,0.105262536,0.941874601,2.430447385,3.199385077,1.253251123,0.029678523,0.052601762,0.335849046,0.109161834,0.141658268,0.111087788,0.226211826,0.081268385,0.261900852,0.408977008,0.197988638,2.356607527,1.438516817,1.538372041,0.487379398,5.912285933,2.102720282,3.067309727,0.055712151,0.064141394,0.014287785,0.05333549,0.508410258,0.139726535,0.023009371,0.323592939,2.0558036,0.66117776,0.255205304,0.036655323,0.257969212,6.821707142,2.030915518,0.074692599,7.604631022,70.94614874,0.954183381,0.930395089,1.115224768,1.089642301,0.962742301,1.002018783,1.043532439,0.98773313,0.997558248,-0.012529112,0.06911902,0.03541675,0.030319076,-1.055941377,0.275390789,-0.038656563,-0.361387778,0.188986393,NA,NA,NA,NA,NA,NA,NA,NA,NA,NA,NA,NA,NA,NA,NA,NA,NA,NA,NA,NA,NA,NA,NA,NA,NA,NA,NA,NA,NA,NA,NA,NA,NA,NA,NA,NA,NA,NA,NA,NA,NA,NA,NA,NA,NA,NA,NA,NA,NA,NA,NA,NA,NA,NA,0.325246767,0.533467626,0.118465442,1.120464496,2.488762749,3.368885896,0.302371345,0.03120768,1.587051613,0.286682892,0.101552636,0.155908584,0.122478984,0.242963005,0.076086773,0.340280625,0.306401268,0.1708721,2.150407324,1.369368695,1.622254506,0.591341714,6.022346066,1.809717385,3.50205425,0.075460738,0.057814865,0.015701327,0.061087115,0.552760154,0.157888882,0.029458911,0.348095902,2.258612812,1.634170522,0.337078652,0.105042017,0.434803135,7.960768577,2.36946464,0,9.170050042,76.39363611,1.129507514,1.292413353,1.021192682,0.978151043,0.991019934,1.072638644,0.926657987,1.075793469,0.993834341,-0.024512574,0.065335835,0.096165227,-0.233595891,-0.918515056,-0.156184962,0.201207243,0.689104887,-1.142127052,NA,NA,NA,NA,NA,NA,NA,NA,NA,NA,NA,NA,NA,NA,NA,NA,NA,NA,NA,NA,NA,NA,NA,NA,NA,NA,NA,NA,NA,NA,NA,NA,NA,NA,NA,NA,NA,NA,NA,NA,NA,NA,NA,NA,NA,NA,NA,NA,NA,NA,NA,NA,NA,NA,1.125991827,0.900141062,0.211622111,1.416478822,3.533966368,2.667433044,0.243965368,0.047606954,0.090935504,0.181573188,0.118034446,1.392871337,0.156441163,0.186591916,0.094449606,0.180589887,0.223948759,0.183323102,2.052179141,1.051086562,1.614439703,0.782930607,5.836672951,1.443961739,4.418219354,0.083720144,0.061595258,0.012560784,0.051008843,0.442606991,0.250513903,0.046577953,0.352445718,1.855471906,1.073893145,0.238052592,0.089218636,0.327679917,5.425402843,4.561593732,0.267655908,8.016012799,63.69345251,0.990048037,1.086749737,1.33097431,0.962048468,0.98479206,0.974170752,1.055272629,1.040888164,0.967726878,0.260213583,0.10997525,0.026790645,-0.095661356,-0.20498521,-1.023310669,-0.093641987,0.742687897,-2.730575484,NA,NA,NA,NA,NA,NA,NA,NA,NA,NA,NA,NA,NA,NA,NA,NA,NA,NA,NA,NA,NA,NA,NA,NA,NA,NA,NA,NA,NA,NA,NA,NA,NA,NA,NA,NA,NA,NA,NA,NA,NA,NA,NA,NA,NA,NA,NA,NA,NA,NA,NA,NA,NA,NA,0.281174589,2.162798252,0.394785857,1.930134739,4.296927518,2.865583267,0.342517349,0.217145935,0.633342161,0.181004376,0.177757443,0.829636546,0.30431973,0.191937667,0.131609791,0.1587521,0.179732487,0.150650555,2.131986333,0.953181927,2.020210183,1.205316153,5.757361022,1.533095956,5.667089955,0.087846941,0.076696324,0.018135673,0.062097497,0.42930402,0.377502946,0.081487025,0.339286288,1.915375874,1.27263998,0.119331742,0.119331742,0.410876932,5.328527592,7.807357515,0.795313011,7.529380658,66.35610262,1.553301477,1.102640077,1.474528815,0.94414419,1.016079342,1.090114179,0.913591768,1.077791257,0.954021671,1.216047803,0.333156946,0.106912602,-0.184632588,-1.934862434,3.052370992,-0.342824323,1.06790441,-5.722618455,NA,NA,NA,NA,NA,NA,NA,NA,NA,NA,NA,NA,NA,NA,NA,NA,NA,NA,NA,NA,NA,NA,NA,NA,NA,NA,NA,NA,NA,NA,NA,NA,NA,NA,NA,NA,NA,NA,NA,NA,NA,NA,NA,NA,NA,NA,NA,NA,NA,NA,NA,NA,NA,NA,17.43343195,2.42041131,0.2699011,4.523111505,3.278303397,3.784455066,0.109312961,0.0649551,0.378974853,0.127038783,0.121482823,0.702089457,0.513008331,0.149025841,0.126499463,0.463734294,0.120630989,0.068849944,1.356882227,0.295694131,3.99386543,1.580174914,5.276491519,1.018561626,5.802775342,0.164389092,0.089880564,0.020986804,0.058945436,0.176127467,0.351404109,0.065591662,0.500407526,1.949898562,2.90523173,0.363804112,0.068753611,0.25227572,1.01335986,6.082164315,0.23973675,13.05773352,71.82134548,0.878109124,1.028217295,1.056388396,0.997564747,1.023034468,0.996012183,1.018752845,0.965091098,0.981558796,-0.805181126,0.084399459,-7.73E-05,-0.013715754,0.114378158,-0.403714232,0.03858321,-0.500804439,-1.290730281,NA,NA,NA,NA,NA,NA,NA,NA,NA,NA,NA,NA,NA,NA,NA,NA,NA,NA,NA,NA,NA,NA,NA,NA,NA,NA,NA,NA,NA,NA,NA,NA,NA,NA,NA,NA,NA,NA,NA,NA,NA,NA,NA,NA,NA,NA,NA,NA,NA,NA,NA,NA,NA,NA,4.949558911,2.741105322,1.085353189,4.648836282,3.231769595,3.815289887,0.161578622,0.073790581,0.569612189,0.662937601,0.243788381,0.435268341,0.735863909,0.215434268,0.192425827,0.670119357,0.162363898,0.092428557,1.437229288,0.531411524,4.161572892,1.853596199,5.135936416,1.279551392,6.386921371,0.149680945,0.089754247,0.02279676,0.081848658,0.177514134,0.411035641,0.103526034,0.327310566,2.107826248,2.741577295,0.441426447,0.106680682,0.557457444,0.985379244,7.860263834,0.377657853,7.39150098,75.82196391,0.950126854,0.944585903,0.986440757,1.020066866,0.985490049,0.987281892,1.005147005,0.964202388,0.99821208,-0.701034941,-0.078961687,-0.012708337,0.086924352,0.15571352,-0.610968627,0.011656149,-0.330150463,-0.321896792,NA,NA,NA,NA,NA,NA,NA,NA,NA,NA,NA,NA,NA,NA,NA,NA,NA,NA,NA,NA,NA,NA,NA,NA,NA,NA,NA,NA,NA,NA,NA,NA,NA,NA,NA,NA,NA,NA,NA,NA,NA,NA,NA,NA,NA,NA,NA,NA,NA,NA,NA,NA,NA,NA,5.938267249,2.683328915,0.572804259,4.983371493,1.38183567,4.114132776,0.075800249,0.058034128,0.340355065,0.338170401,0.154278123,0.114978008,0.638900836,0.141128845,0.126981995,0.599514876,0.106568921,0.045257401,1.280607815,0.292524837,4.318411788,1.577862389,5.059428112,0.868774092,5.731456715,0.110038665,0.073166331,0.018546234,0.055320965,0.119138296,0.292456927,0.05608689,0.39571099,2.139362032,1.360462182,0.265680541,0.054477796,0.221556114,0.544810652,4.287011011,0.270840877,9.101607386,77.09181685,0.824772233,1.064214179,0.921860038,0.988068567,0.999783209,0.982695216,1.031302242,0.981807586,0.997338719,-0.621973911,-0.037617987,0.021543056,0.060807048,0.106796646,-0.355646979,0.033242529,-0.196307647,-0.690861159,NA,NA,NA,NA,NA,NA,NA,NA,NA,NA,NA,NA,NA,NA,NA,NA,NA,NA,NA,NA,NA,NA,NA,NA,NA,NA,NA,NA,NA,NA,NA,NA,NA,NA,NA,NA,NA,NA,NA,NA,NA,NA,NA,NA,NA,NA,NA,NA,NA,NA,NA,NA,NA,NA,0.386308723,2.694580472,2.751401244,4.353628188,1.2154082,4.091199032,0.148135898,0.081928122,0.419403739,1.070034928,0.507134966,0.083477799,1.102484927,0.222028482,0.324010449,0.609811385,0.131564352,0.132018396,1.147978588,1.3197052,3.445320848,2.057066161,4.387714015,1.203890202,6.360471777,0.063437019,0.049178383,0.017201166,0.084479716,0.127710084,0.411347076,0.114293125,0.154336382,2.193792971,0.364299934,0.182481752,0.090909091,0.45554081,0.5464499,8.197743862,0.638022561,1.729927007,76.867286,1.111742945,0.856804974,1.199914886,0.96386802,1.075449506,1.077710754,0.807600441,1.09235357,0.991332353,0.003347125,0.001341778,0.092914439,0.095929779,0.556491276,0.809609079,-0.086551973,1.395072993,-3.337874234,NA,NA,NA,NA,NA,NA,NA,NA,NA,NA,NA,NA,NA,NA,NA,NA,NA,NA,NA,NA,NA,NA,NA,NA,NA,NA,NA,NA,NA,NA,NA,NA,NA,NA,NA,NA,NA,NA,NA,NA,NA,NA,NA,NA,NA,NA,NA,NA,NA,NA,NA,NA,NA,NA,0.145788724,2.628457489,3.447059263,2.449849666,0.582594663,3.440076617,0.129407964,0.030725872,0.111123848,5.33921043,4.465512114,0.032997128,1.693943354,0.100086399,1.35794194,0.107494345,0.042904735,0.107433375,0.221461322,3.768160733,0.450717254,1.819935216,1.609743146,0.393780975,4.917915348,0.050117925,0.020953574,0.015976618,0.058417623,0.075273586,0.782049213,0.077180491,0.248685399,0.85657831,0,0,0,0.240384615,0.51510989,20.63873626,0,1.785714286,24.69093407,0.683552527,1.692059687,1.368210798,0.64956943,0.81791413,0.914712196,0.920564495,0.914851606,0.897919045,0,0,0,-0.240384615,0.325226244,-3.411845507,0,-0.105042017,-3.262362637,NA,NA,NA,NA,NA,NA,NA,NA,NA,NA,NA,NA,NA,NA,NA,NA,NA,NA,NA,NA,NA,NA,NA,NA,NA,NA,NA,NA,NA,NA,NA,NA,NA,NA,NA,NA,NA,NA,NA,NA,NA,NA,NA,NA,NA,NA,NA,NA,NA,NA,NA,NA,NA,NA,3.784420224,2.495609221,2.99620202,1.459382143,0.449937856,1.387845215,0.14066583,0.021224363,0.160158738,3.848837766,2.80110093,0.032527273,1.638089757,0.086310219,0.757205613,0.053660007,0.047086947,0.136028248,0.228408407,3.320912417,0.465561115,1.617686564,1.316123873,0.399878955,4.832538424,0.058001582,0.023348053,0.017731391,0.072716043,0.056178921,0.907674307,0.09935722,0.247581565,0.938589252,0.198249543,0.105082506,0.08847121,0.443442056,0.329151447,25.51900357,0.447954333,2.385296403,27.82466976,0.932424909,1.033114383,0.938310311,1.089697005,1.107592511,1.041248611,1.093688545,0.923512764,1.016621568,0.02042161,-0.020978217,-0.004366921,0.111646253,0.00726571,2.235411908,-0.010612028,-0.097659734,0.955818042,NA,NA,NA,NA,NA,NA,NA,NA,NA,NA,NA,NA,NA,NA,NA,NA,NA,NA,NA,NA,NA,NA,NA,NA,NA,NA,NA,NA,NA,NA,NA,NA,NA,NA,NA,NA,NA,NA,NA,NA,NA,NA,NA,NA,NA,NA,NA,NA,NA,NA,NA,NA,NA,NA,7.468816029,0.156435903,0.099135617,0.592685589,0.417634522,3.381924485,0.266832403,0.009824337,0.034495823,0.259577462,0.063281161,0.039666035,0.046567939,0.113510463,0.038015698,0.221127748,0.273034142,0.132512373,1.803302364,1.989556162,1.235474502,0.15214864,5.92867222,1.691646819,1.402704074,0.024813615,0.0399451,0.01074946,0.039709423,0.507253423,0.064438738,0.008650302,0.25794187,1.697280598,0.240919452,0.191412004,0.046028509,0.193399969,7.43265008,0.719061452,0.036524613,5.3104383,59.55711146,0.817974171,1.02597463,1.066414023,1.003228662,0.992052715,1.018039429,1.075692842,1.007486813,0.985463836,-0.091468902,0.054741842,-0.002072465,-0.043949419,0.312404865,-0.033347166,-0.010150986,-0.193954784,-0.585682892,NA,NA,NA,NA,NA,NA,NA,NA,NA,NA,NA,NA,NA,NA,NA,NA,NA,NA,NA,NA,NA,NA,NA,NA,NA,NA,NA,NA,NA,NA,NA,NA,NA,NA,NA,NA,NA,NA,NA,NA,NA,NA,NA,NA,NA,NA,NA,NA,NA,NA,NA,NA,NA,NA,28.02261129,0.889974907,0.255270989,3.395715886,2.134676576,3.207783323,0.191771817,0.027870162,0.115093625,0.268472052,0.143579037,0.136641362,0.256338823,0.180320427,0.102393364,0.369390852,0.205912425,0.110323806,1.738349814,0.765714958,2.908105368,0.924933409,5.308063536,1.401384873,4.381951612,0.051513686,0.057421839,0.013119829,0.04977971,0.277647278,0.202190559,0.048780857,0.3051201,1.873420461,0.534971161,0.205342729,0.045099716,0.233392283,3.064880513,2.837741763,0.208609021,6.749173951,65.81064435,0.805591175,1.021062222,1.07577527,1.025594345,1.018639562,0.949974865,0.954068462,0.967073896,0.99601294,-0.254700782,0.023112957,0.042043175,0.042167669,0.091105261,-0.30353229,-0.008415893,-0.411295057,-0.658379814,NA,NA,NA,NA,NA,NA,NA,NA,NA,NA,NA,NA,NA,NA,NA,NA,NA,NA,NA,NA,NA,NA,NA,NA,NA,NA,NA,NA,NA,NA,NA,NA,NA,NA,NA,NA,NA,NA,NA,NA,NA,NA,NA,NA,NA,NA,NA,NA,NA,NA,NA,NA,NA,NA,9.178492903,0.159357017,0.072248858,1.111628637,0.449909173,1.37573678,0.198302432,0.00959776,0.040986531,0.264057903,0.056265627,0.046742089,0.052190158,0.086344973,0.037431809,0.09342712,0.280983921,0.105730433,2.016990754,1.782111009,1.227202461,0.162316783,5.678230993,1.416836853,1.089240723,0.022026642,0.033104259,0.009845155,0.036331869,0.420357974,0.078695102,0.010467141,0.257337599,1.232461709,0.173296597,0.148771922,0.046203107,0.133327266,6.24345394,0.994528196,0.028724146,4.718052492,43.15627149,0.903456898,1.109886627,1.121782726,0.951849566,0.951180724,0.924848774,1.056470758,0.999870094,0.982712424,-0.040846266,0.06733125,0.009565454,-0.000876935,-0.443523651,-0.116173368,0.040986555,-0.089261973,-1.190429731,NA,NA,NA,NA,NA,NA,NA,NA,NA,NA,NA,NA,NA,NA,NA,NA,NA,NA,NA,NA,NA,NA,NA,NA,NA,NA,NA,NA,NA,NA,NA,NA,NA,NA,NA,NA,NA,NA,NA,NA,NA,NA,NA,NA,NA,NA,NA,NA,NA,NA,NA,NA,NA,NA,100,1.214865465,0.371082428,2.710306989,2.127087178,3.077499801,0.177335298,0.036070734,0.179577597,0.395398998,0.224717611,0.246558554,0.334826987,0.154123236,0.119066463,0.330776458,0.203202798,0.106886293,1.698644633,1.026841378,2.545464233,0.936894543,5.334658757,1.332024842,4.08850331,0.075790377,0.059143851,0.014631727,0.050923523,0.310408775,0.236823944,0.044884689,0.337895889,1.818105276,1.078351943,0.24225768,0.054486287,0.238822489,3.654778207,4.156243138,0.181091135,7.623325414,63.71696452,0.895472157,1.044731572,1.064079539,1.015593709,0.989175108,1.003584575,1.013807414,0.987433023,0.994463558,-0.309743529,0.046786061,0.014675421,0.021512619,-0.089035436,-0.054823366,0.006819921,-0.171477622,-0.501858556,NA,NA,NA,NA,NA,NA,NA,NA,NA,NA,NA,NA,NA,NA,NA,NA,NA,NA,NA,NA,NA,NA,NA,NA,NA,NA,NA,NA,NA,NA,NA,NA,NA,NA,NA,NA,NA,NA,NA,NA,NA,NA,NA,NA,NA,NA,NA,NA,NA,NA,NA,NA,NA,NAUPN90-Rx,0.017166334,0.180047563,0.007858934,0.898295745,3.690832923,0.606343829,0.013979291,0.051028431,0.001421689,0.005424069,0.058957833,0.225083359,0.012854555,0.013705396,0.03344944,0.303199686,0.043105448,0.043530021,0.422355119,0.3513729,0.171057326,0.147473443,4.935987843,0.498697289,2.674789191,0.159869535,0.025551999,0.000177143,0.017525165,0.058453867,0.521497074,0.001245818,0.658447802,0.247676486,0,0,0,0,0,7.142857143,0,17.14285714,3.571428571,0.917246451,3.306607364,1.673330521,0.024953061,5.336943517,1.115484311,24.08158163,0.941963981,1.489676825,0,0,0,0,0,7.142857143,0,-17.14285714,-3.571428571,NA,NA,NA,NA,NA,NA,NA,NA,NA,NA,NA,NA,NA,NA,NA,NA,NA,NA,NA,NA,NA,NA,NA,NA,NA,NA,NA,NA,NA,NA,NA,NA,NA,NA,NA,NA,NA,NA,NA,NA,NA,NA,NA,NA,NA,NA,NA,NA,NA,NA,NA,NA,NA,NA,0.074299663,0.273624511,0.069909442,0.907343054,2.12654444,3.142926194,0.058426115,0.004985271,0.069742573,0.081806142,0.021911763,0.064404763,0.028608082,0.099911943,0.047266042,0.758583365,0.050810731,0.048269465,0.721415898,0.360949296,0.631541342,0.648277885,5.66683089,0.652951483,3.262965851,0.318902967,0.056448976,0.000110563,0.022038682,0.200402056,0.719037655,0.043565448,0.588001753,1.282700291,5.050505051,0,0,0,2.525252525,19.31818182,0,17.42424242,38.25757576,0.642914417,0.201704696,326.944677,2.551529682,1.341764782,1.836453084,1.249389492,1.097270804,1.006990267,-2.486402486,0,0,0,2.602952603,8.886946387,0,-2.03962704,5.332167832,NA,NA,NA,NA,NA,NA,NA,NA,NA,NA,NA,NA,NA,NA,NA,NA,NA,NA,NA,NA,NA,NA,NA,NA,NA,NA,NA,NA,NA,NA,NA,NA,NA,NA,NA,NA,NA,NA,NA,NA,NA,NA,NA,NA,NA,NA,NA,NA,NA,NA,NA,NA,NA,NA,0.004629178,0.177699829,0.076031169,0.999687219,1.642702575,2.544057031,2.083714801,0.0178817,0.026911896,0.177711504,0.011287188,0.005909333,0.001440143,0.181110631,0.002055345,0.885581778,0.17962727,0.131772655,0.593132826,0.691711412,0.356984009,0.099226806,4.84637234,0.654432463,2.142624806,0.241389373,0.062235731,0.224078929,0.000496208,0.045078407,0.26511425,0.001946033,0.287925671,1.907981687,12.5,0,0,0,0,12.5,0,12.5,62.5,0.00353614,1.203091189,0.004038048,59.57208792,0.06443189,7.188571766,0.761498888,3.368451189,0.172027139,-12.5,0,0,0,0,37.5,0,37.5,-62.5,NA,NA,NA,NA,NA,NA,NA,NA,NA,NA,NA,NA,NA,NA,NA,NA,NA,NA,NA,NA,NA,NA,NA,NA,NA,NA,NA,NA,NA,NA,NA,NA,NA,NA,NA,NA,NA,NA,NA,NA,NA,NA,NA,NA,NA,NA,NA,NA,NA,NA,NA,NA,NA,NA,0.008775338,0.019426473,0.036221165,0.9494083,2.148638134,3.386301377,0.083344135,0.027305328,2.493849483,0.132170476,0.017906157,0.042450785,0.000834487,0.12832205,0.006604759,0.738160519,0.019654786,0.103125593,0.068719297,0.168457102,0.424636114,0.035596223,5.933446725,0.597668994,2.679593674,0.25709129,0.029771315,0.000571354,0.132951709,0.189724208,0.165898408,0.000313671,0.197641024,2.091294255,10,0,0,0,0,10,0,0,90,0.664833837,0.003534039,0.667950611,0.000241979,0.313392976,0.929655729,236.1495096,0.425154722,0.681564566,-10,0,0,0,0,-10,0,0,-40,NA,NA,NA,NA,NA,NA,NA,NA,NA,NA,NA,NA,NA,NA,NA,NA,NA,NA,NA,NA,NA,NA,NA,NA,NA,NA,NA,NA,NA,NA,NA,NA,NA,NA,NA,NA,NA,NA,NA,NA,NA,NA,NA,NA,NA,NA,NA,NA,NA,NA,NA,NA,NA,NA,0.00645748,0.107749301,0.132852509,1.051042126,1.883989649,3.288647982,0.193987708,0.016387857,0.093657186,0.222384114,0.008169804,1.74278219,0.047947899,0.168053608,0.046514765,0.200327332,0.091805251,0.086924288,0.618982932,0.853949357,0.980043884,0.79989538,4.857599743,0.450851915,3.110150665,0.413415808,0.19584599,0.034814722,0.093251172,0.260039504,0.143972374,0.022640778,0.453985526,1.292048969,0,0,0,0,0,0,0,12.5,57.5,NA,NA,NA,NA,NA,NA,NA,NA,NA,NA,NA,NA,NA,NA,NA,NA,NA,NA,NA,NA,NA,NA,NA,NA,NA,NA,NA,NA,NA,NA,NA,NA,NA,NA,NA,NA,NA,NA,NA,NA,NA,NA,NA,NA,NA,NA,NA,NA,NA,NA,NA,NA,NA,NA,NA,NA,NA,NA,NA,NA,NA,NA,NA,NA,NA,NA,NA,NA,NA,NA,NA,NA,0.000894033,1.475478066,0.298675661,3.453392695,4.183996417,4.034456394,1.333744511,2.941313478,0.169444343,0.040202298,0.013851499,5.188376555,0.620816524,0.480894889,1.620529027,1.401006585,0.453679082,2.099319012,1.398150352,0.092474205,1.053634584,1.934568663,6.326012841,0.682352821,6.04229543,0.004989257,0.002878453,0.002538278,0.003429786,0.000724277,0.425711152,0.004150197,9.94E-05,0.001241726,0,0,0,0,0,0,0,0,0,NA,NA,NA,NA,NA,NA,NA,NA,NA,NA,NA,NA,NA,NA,NA,NA,NA,NA,NA,NA,NA,NA,NA,NA,NA,NA,NA,NA,NA,NA,NA,NA,NA,NA,NA,NA,NA,NA,NA,NA,NA,NA,NA,NA,NA,NA,NA,NA,NA,NA,NA,NA,NA,NA,NA,NA,NA,NA,NA,NA,NA,NA,NA,NA,NA,NA,NA,NA,NA,NA,NA,NA,9.059638677,2.11481703,0.271101666,5.038090088,2.513601086,4.132747993,0.20484539,0.069787061,0.505105618,0.128390392,0.111508861,0.806795973,0.576001202,0.29961778,0.139890044,0.519784653,0.182591181,0.085944893,1.928399434,0.3533193,3.358902272,2.48753167,6.206114315,1.462320559,6.022701959,0.827387595,0.335191724,0.065334915,0.097037034,0.34361663,1.022838379,0.073101506,1.366502325,2.357215579,22.96869092,3.279616457,0.278870165,0.282085044,3.358147438,31.34526484,0.175197179,47.95030841,87.4102032,1.00185387,0.99950542,0.955824379,1.017291821,1.0578774,0.844201686,0.882529362,1.002575735,1.026490345,-1.821044244,-0.421245513,-0.1499211,0.061779129,0.338392429,-6.522569805,-0.067739625,0.298133457,2.338346121,NA,NA,NA,NA,NA,NA,NA,NA,NA,NA,NA,NA,NA,NA,NA,NA,NA,NA,NA,NA,NA,NA,NA,NA,NA,NA,NA,NA,NA,NA,NA,NA,NA,NA,NA,NA,NA,NA,NA,NA,NA,NA,NA,NA,NA,NA,NA,NA,NA,NA,NA,NA,NA,NA,1.493001569,2.673149114,0.850133724,5.224343662,2.689288718,4.200323466,0.353418535,0.097478598,0.874942527,0.718855388,0.205259605,0.438858552,0.892290886,0.384395761,0.220659449,0.74393158,0.250794308,0.121584298,2.389340391,0.691126244,3.533032598,2.653401641,6.296077879,1.717219708,6.415148082,0.939174585,0.396051362,0.088115605,0.144742331,0.467190977,1.122069675,0.103502329,1.271044886,2.59166927,27.06992839,4.23819014,0.382821226,1.304504939,6.269573597,35.5685377,0.317886161,42.45745822,93.76437222,0.970727127,0.910062024,1.067105782,1.060117325,0.940409273,0.865897758,0.964633714,1.056604456,1.021025344,-3.501353152,-1.974541672,0.416113528,-0.638725977,-0.943341906,-6.80688657,0.3478928,5.079159618,0.776240295,NA,NA,NA,NA,NA,NA,NA,NA,NA,NA,NA,NA,NA,NA,NA,NA,NA,NA,NA,NA,NA,NA,NA,NA,NA,NA,NA,NA,NA,NA,NA,NA,NA,NA,NA,NA,NA,NA,NA,NA,NA,NA,NA,NA,NA,NA,NA,NA,NA,NA,NA,NA,NA,NA,24.44228356,2.321773735,0.392848872,4.825454631,0.86069221,4.44209335,0.134195306,0.028933637,0.256875667,0.165688443,0.136170678,0.086605675,0.453447805,0.16991371,0.086791878,0.516789326,0.110298982,0.055967256,1.79947109,0.293215054,3.117470611,2.508708887,6.031541004,1.307695329,6.353340182,0.481292028,0.15859228,0.031588729,0.061731887,0.21447809,0.975093636,0.063692956,0.876297412,2.05794675,10.14291187,1.058664891,0.164952208,0.247392303,1.570310811,28.61859293,0.266226622,26.17169031,74.44575518,0.952248743,1.037982725,1.051320246,1.015427558,0.996223796,0.837833732,0.905077166,1.012332321,1.041678921,-1.472293748,0.084434177,-0.054876001,0.074368917,-0.105450523,-6.340862189,-0.054541609,0.475219087,2.607589443,NA,NA,NA,NA,NA,NA,NA,NA,NA,NA,NA,NA,NA,NA,NA,NA,NA,NA,NA,NA,NA,NA,NA,NA,NA,NA,NA,NA,NA,NA,NA,NA,NA,NA,NA,NA,NA,NA,NA,NA,NA,NA,NA,NA,NA,NA,NA,NA,NA,NA,NA,NA,NA,NA,0.203225255,2.906330914,2.570327142,4.839664741,0.856073918,4.480663712,0.158113563,0.083037755,0.568127625,0.983447861,0.570472152,0.076375063,1.09193535,0.175394979,0.159933064,0.529348178,0.137705946,0.113644099,1.434442517,0.714571352,3.241916556,2.869762045,5.783174243,1.723526835,6.775981576,0.368437045,0.157680942,0.076486056,0.10017822,0.19748823,1.105799149,0.108870543,0.731962701,2.09829342,4.971651011,0.854700855,0.922399932,0.427350427,2.204451214,34.35305069,1.417449437,19.01074723,76.30955403,1.270394334,0.71719159,0.444424095,1.32492858,0.988913756,0.952783201,0.707858862,1.110248677,0.948393129,2.982894443,-0.854700855,-0.922399932,0.709013209,-1.068087578,-9.35305069,-1.417449437,4.852889135,-5.855008578,NA,NA,NA,NA,NA,NA,NA,NA,NA,NA,NA,NA,NA,NA,NA,NA,NA,NA,NA,NA,NA,NA,NA,NA,NA,NA,NA,NA,NA,NA,NA,NA,NA,NA,NA,NA,NA,NA,NA,NA,NA,NA,NA,NA,NA,NA,NA,NA,NA,NA,NA,NA,NA,NA,0.019285551,2.085835883,2.748046027,4.096857471,0.911087234,4.09319855,0.172064536,0.046860729,0.090501778,5.135216723,4.04738349,0.039401111,0.957272103,0.118050205,1.151453877,0.242353396,0.140341078,0.087098062,1.23606,2.47899389,1.766213217,2.056780335,4.770306415,0.936007653,5.856657118,0.351416545,0.010168794,0.007585189,0.013116362,0.219521302,1.111293881,0.110658152,0.530344626,1.769302972,13.80952381,0,0,0,3.333333333,41.42857143,0,3.333333333,65.71428571,0.265447539,3.909050997,5.496705857,4.638879196,0.453775981,0.621195689,0.19642351,1.259807114,0.564141368,-13.80952381,0,0,0,-3.333333333,-23.24675325,0,5.757575758,-29.35064935,NA,NA,NA,NA,NA,NA,NA,NA,NA,NA,NA,NA,NA,NA,NA,NA,NA,NA,NA,NA,NA,NA,NA,NA,NA,NA,NA,NA,NA,NA,NA,NA,NA,NA,NA,NA,NA,NA,NA,NA,NA,NA,NA,NA,NA,NA,NA,NA,NA,NA,NA,NA,NA,NA,0.105312594,3.00228892,1.073350799,3.866923464,0.341607956,1.088224458,0.055385203,0.008938713,0.067817358,0.347144832,0.764833691,0.018582049,0.41203816,0.046136768,0.070332874,0.515728385,0.02733121,0.009765963,0.733511708,0.237285892,2.56018643,1.241115593,4.149544876,0.528824323,6.01382132,0.12343657,0.046308718,0.005108618,0.01169936,0.033115715,0.598005267,0.11459346,0.382441269,0.74042023,1.111111111,0,0,0,0,17.66666667,3.111111111,10.55555556,24,0.763198747,0.263505205,13.76141209,14.97319229,1.333022866,1.151283799,0.510160597,1.173969883,1.286430347,-1.111111111,0,2.43902439,4.87804878,0,4.284552846,-3.111111111,-0.799457995,5.268292683,NA,NA,NA,NA,NA,NA,NA,NA,NA,NA,NA,NA,NA,NA,NA,NA,NA,NA,NA,NA,NA,NA,NA,NA,NA,NA,NA,NA,NA,NA,NA,NA,NA,NA,NA,NA,NA,NA,NA,NA,NA,NA,NA,NA,NA,NA,NA,NA,NA,NA,NA,NA,NA,NA,0.534256344,0.462223516,0.079942932,0.66548115,0.131854419,3.753639087,0.119542945,0.006113568,0.026859318,0.058054841,0.054134537,0.024980732,0.040656898,0.076535374,0.021582166,0.504693795,0.041622759,0.037082651,0.661448235,0.849859123,0.602862846,0.493256398,5.145469605,0.692027335,3.127914806,0.152431916,0.018808486,0.004463213,0.021138438,0.155310766,0.892488356,0.027361074,0.511131511,1.121026643,1.867073171,0.152439024,0,0,2.114634146,22.18414634,0.2,10.67804878,36.78780488,1.224019266,1.303602618,1.63806693,1.190827093,0.9562137,0.869300006,1.365880481,0.891973884,1.009370314,0.615196333,-0.152439024,0,0,-0.69619443,-3.744430029,0.509219858,0.66946895,0.800847604,NA,NA,NA,NA,NA,NA,NA,NA,NA,NA,NA,NA,NA,NA,NA,NA,NA,NA,NA,NA,NA,NA,NA,NA,NA,NA,NA,NA,NA,NA,NA,NA,NA,NA,NA,NA,NA,NA,NA,NA,NA,NA,NA,NA,NA,NA,NA,NA,NA,NA,NA,NA,NA,NA,60.59398282,0.772141227,0.120526224,4.648914484,1.230871449,4.061472729,0.093547333,0.015925586,0.096034002,0.089930275,0.084092365,0.1028783,0.192634156,0.109197546,0.053046289,0.512283919,0.073057723,0.038360765,1.330068469,0.138252746,2.717970817,1.847022415,5.971941159,0.900599334,5.908719687,0.358384499,0.091408485,0.016081273,0.035059831,0.137624087,1.000035265,0.04301961,0.833469669,1.574819046,6.573343057,0.525083971,0.077548621,0.127607083,0.864341376,28.51534532,0.182518187,24.54797131,57.06526384,1.002926284,1.10836739,1.189947894,1.078087574,1.094580916,0.797249605,0.93659034,1.018872977,1.102517996,-0.307307572,0.038642405,-0.023344162,0.078369862,0.172770611,-8.029673367,0.012617866,0.563147832,6.418998798,NA,NA,NA,NA,NA,NA,NA,NA,NA,NA,NA,NA,NA,NA,NA,NA,NA,NA,NA,NA,NA,NA,NA,NA,NA,NA,NA,NA,NA,NA,NA,NA,NA,NA,NA,NA,NA,NA,NA,NA,NA,NA,NA,NA,NA,NA,NA,NA,NA,NA,NA,NA,NA,NA,3.433526224,0.547539222,0.039881342,3.572414026,0.298138162,1.116827485,0.04118176,0.003488002,0.043882498,0.041794897,0.061190438,0.032337873,0.060469878,0.045753591,0.017408717,0.579341415,0.031137496,0.02333891,0.590417573,0.132488103,1.544012901,0.666647379,4.50374549,0.40417325,4.652541667,0.115774007,0.027858095,0.005751534,0.017028187,0.040853432,0.807153335,0.045115562,0.485633579,0.69197497,2.044485122,0.281274053,0.025188917,0.103273248,0.536519996,18.91585381,0.742227298,11.89913419,21.20217089,0.970653959,0.749152332,1.364971903,0.954557843,1.070717564,0.831845655,0.77474443,0.914474927,1.065714512,0.240110178,-0.215999902,-0.025188917,-0.037999097,-0.079600936,-4.620814643,-0.35058239,-1.912189019,1.90487872,NA,NA,NA,NA,NA,NA,NA,NA,NA,NA,NA,NA,NA,NA,NA,NA,NA,NA,NA,NA,NA,NA,NA,NA,NA,NA,NA,NA,NA,NA,NA,NA,NA,NA,NA,NA,NA,NA,NA,NA,NA,NA,NA,NA,NA,NA,NA,NA,NA,NA,NA,NA,NA,NA,100,1.2966298,0.214458,4.671159849,1.237539063,4.056001596,0.116041856,0.024868104,0.182645513,0.122352196,0.102476762,0.164682781,0.298053005,0.142901064,0.070535217,0.518530238,0.093034043,0.047959632,1.482604439,0.208593668,2.83024547,2.030953564,5.954211505,1.044641756,5.975689964,0.418937373,0.126470542,0.024001224,0.046480559,0.171190469,0.989599921,0.050797032,0.874629931,1.714793911,8.707856051,0.899667981,0.114696634,0.179884368,1.286976237,28.43072728,0.22982351,26.38993225,62.07382484,1.027332602,1.11780481,1.159269644,1.108530987,1.103091886,0.816607219,0.943339012,1.031326567,1.098651139,-0.244086699,0.042883305,-0.027265406,0.078144377,0.175897478,-7.131627185,-0.02297402,1.155169464,6.404018806,NA,NA,NA,NA,NA,NA,NA,NA,NA,NA,NA,NA,NA,NA,NA,NA,NA,NA,NA,NA,NA,NA,NA,NA,NA,NA,NA,NA,NA,NA,NA,NA,NA,NA,NA,NA,NA,NA,NA,NA,NA,NA,NA,NA,NA,NA,NA,NA,NA,NA,NA,NA,NA,NAUPN91,1.139027208,0.833295703,0.233864584,2.135086046,3.470521196,0.16500599,0.033725569,0.016144031,0.06090678,0.025791229,0.050292498,0.23326601,0.04047524,0.29880651,0.048130158,0.235488924,0.024554882,0.020830676,0.177184808,0.123591827,4.671901792,0.82847331,1.766912568,0.482019521,3.499538951,0.089852246,0.02766681,0.0029844,0.008539436,0.017524952,0.484878846,0.030845137,0.550213843,0.259899789,0.53994775,0.067499164,0,0.033738192,0.033738192,10.83328549,0.101237356,13.73602291,7.323260627,0.72391799,0.865253274,1.292616248,1.103183855,0.781034883,0.957354519,0.990389047,0.792423289,1.074029214,-0.063108513,0.068740618,0,0.034381699,0.034381699,-0.887781407,0.035002426,-4.335477953,0.714886512,NA,NA,NA,NA,NA,NA,NA,NA,NA,NA,NA,NA,NA,NA,NA,NA,NA,NA,NA,NA,NA,NA,NA,NA,NA,NA,NA,NA,NA,NA,NA,NA,NA,NA,NA,NA,NA,NA,NA,NA,NA,NA,NA,NA,NA,NA,NA,NA,NA,NA,NA,NA,NA,NA,0.127701378,0.84029218,0.568048539,0.94238919,2.216778789,1.969671413,0.034732877,0.009164686,0.062614098,0.057194501,0.086283831,0.32581961,0.154970994,0.415692536,0.088417052,0.733604445,0.029914604,0.044715013,0.224491969,0.398146525,4.741330856,1.344627848,3.296770641,1.127564727,4.587708891,0.142495207,0.049068343,0.005530496,0.028506038,0.073658766,0.636491461,0.03936179,0.700049348,1.72917935,1.480548956,0,0,0.578034682,0.902514274,14.245186,0,19.57161601,66.04134898,0.979494832,0.67019708,3.250479744,0.54850755,0.91728821,0.950948281,0.528597271,0.832051857,1.040095324,0.382805082,0,0,-0.578034682,-0.902514274,-0.580589726,0,-2.801429679,2.902750395,NA,NA,NA,NA,NA,NA,NA,NA,NA,NA,NA,NA,NA,NA,NA,NA,NA,NA,NA,NA,NA,NA,NA,NA,NA,NA,NA,NA,NA,NA,NA,NA,NA,NA,NA,NA,NA,NA,NA,NA,NA,NA,NA,NA,NA,NA,NA,NA,NA,NA,NA,NA,NA,NA,0.005297959,0.750163516,0.424749349,0.788239981,2.248295384,2.176716391,1.458194802,0.01880732,0.089534129,0.44143886,0.187505233,0.463552773,0.246836745,0.583576116,0.109043285,1.043521172,0.02998867,0.146256675,0.625952015,0.577547386,4.004561003,1.531725016,3.554337487,1.057309249,4.475648758,0.196824239,0.026714162,0.111887014,0.100836625,0.036170794,0.464239088,0.092441885,0.966282228,1.52485488,0,0,0,0,0,11.11111111,0,38.88888889,55.55555556,0.72214592,0.691995293,0.004354442,0.009041813,1.335781358,1.10471709,1.173074215,0.35779346,1.147238609,0,0,0,0,0,3.174603175,0,-38.88888889,15.87301587,NA,NA,NA,NA,NA,NA,NA,NA,NA,NA,NA,NA,NA,NA,NA,NA,NA,NA,NA,NA,NA,NA,NA,NA,NA,NA,NA,NA,NA,NA,NA,NA,NA,NA,NA,NA,NA,NA,NA,NA,NA,NA,NA,NA,NA,NA,NA,NA,NA,NA,NA,NA,NA,NA,0.003360479,0.557648889,0.529108295,0.969096593,1.928940729,2.798781748,0.205019226,0.03278513,1.920696977,0.30120973,0.178068007,0.522479218,0.135894213,0.606030562,0.153772733,0.927062191,0.032356592,0.125392448,0.405362194,0.545976879,3.61245814,1.598365072,3.351495436,1.62434693,4.837680501,0.525720831,0.448459292,0.024902084,0.026250863,0.09848903,1.112038059,0.00967595,0.964578212,2.731432163,0,7.142857143,0,0,0,32.14285714,0,32.14285714,85.71428571,0.397119552,0.042909122,0.016774899,0.004677823,2.109433195,0.908991728,14.91833911,0.280368062,0.812955475,0,-7.142857143,0,0,0,17.85714286,0,-32.14285714,-19.04761905,NA,NA,NA,NA,NA,NA,NA,NA,NA,NA,NA,NA,NA,NA,NA,NA,NA,NA,NA,NA,NA,NA,NA,NA,NA,NA,NA,NA,NA,NA,NA,NA,NA,NA,NA,NA,NA,NA,NA,NA,NA,NA,NA,NA,NA,NA,NA,NA,NA,NA,NA,NA,NA,NA,0.493702467,0.974171398,0.817066963,1.860317546,2.306086121,1.134464005,0.119814005,0.017603581,0.111102178,0.062205829,0.144796072,1.663737046,0.213628178,0.796906498,0.144186403,0.992833553,0.062012583,0.090931693,0.369434677,0.341709909,4.570981027,2.049341184,3.245202782,1.250294096,4.751607789,0.27703603,0.065578217,0.009047918,0.028689887,0.066405298,0.952292805,0.080720158,1.11798686,1.606364222,2.471274564,0.146627566,0,0.177935943,0.088967972,26.81432045,0.177935943,37.17974139,58.54979597,0.814746326,0.975211914,1.127034412,0.865300298,0.877829996,0.933360026,1.062847236,0.988067803,0.990764953,-0.51368892,-0.146627566,0.163132137,-0.177935943,0.074164166,-2.670764171,0.148328331,-1.127539109,1.482830454,NA,NA,NA,NA,NA,NA,NA,NA,NA,NA,NA,NA,NA,NA,NA,NA,NA,NA,NA,NA,NA,NA,NA,NA,NA,NA,NA,NA,NA,NA,NA,NA,NA,NA,NA,NA,NA,NA,NA,NA,NA,NA,NA,NA,NA,NA,NA,NA,NA,NA,NA,NA,NA,NA,0.043463102,2.267697591,1.29566203,1.484837716,2.899686547,1.847963313,0.2292395,0.1265624,0.785485222,0.093062485,0.178246511,1.527746325,0.315386619,0.949987122,0.210673335,1.116639062,0.081290565,0.138656864,0.563844012,0.6157467,4.80869798,2.185635232,3.490214153,1.435049405,5.151535234,0.300823846,0.061550949,0.033962357,0.025195601,0.117781803,1.190170073,0.206037671,1.062442382,1.699166334,2.678571429,0,0.714285714,0,0.714285714,33.92857143,1.25,34.10714286,59.28571429,1.245679761,1.012532388,0.255757264,1.504474874,1.070774156,0.95137538,0.665703214,1.234006567,0.961595457,2.678571429,0,-0.714285714,0,1.071428571,5.357142857,-1.25,10.53571429,-2.142857143,NA,NA,NA,NA,NA,NA,NA,NA,NA,NA,NA,NA,NA,NA,NA,NA,NA,NA,NA,NA,NA,NA,NA,NA,NA,NA,NA,NA,NA,NA,NA,NA,NA,NA,NA,NA,NA,NA,NA,NA,NA,NA,NA,NA,NA,NA,NA,NA,NA,NA,NA,NA,NA,NA,13.77647271,2.053093195,0.429131107,4.472043229,3.229220063,1.085619254,0.084068281,0.045254323,0.349631358,0.041800062,0.113542724,1.205877002,0.195861522,0.949948032,0.175321865,0.616193073,0.107129497,0.055226896,0.378628422,0.313242323,5.265706715,1.996423141,3.013514144,1.133037893,4.297132395,0.296866389,0.088035327,0.010871083,0.02829616,0.056558645,0.925772134,0.072564492,1.478327831,0.885390765,2.694461815,0.38096304,0.050028639,0.102329894,0.208511221,26.20007251,0.273127282,53.69236846,28.64197619,0.909357449,1.072896458,1.128143046,0.942131652,0.981859547,0.96555851,0.949373656,1.000162915,1.005144143,-0.722086125,-0.049471327,-0.016879468,0.035791653,-0.075914536,-1.686260357,-0.030033359,-0.244854646,0.286200602,NA,NA,NA,NA,NA,NA,NA,NA,NA,NA,NA,NA,NA,NA,NA,NA,NA,NA,NA,NA,NA,NA,NA,NA,NA,NA,NA,NA,NA,NA,NA,NA,NA,NA,NA,NA,NA,NA,NA,NA,NA,NA,NA,NA,NA,NA,NA,NA,NA,NA,NA,NA,NA,NA,8.50714225,2.406303029,1.746362111,4.703692136,2.889000605,1.172694862,0.102095053,0.042858498,0.505226262,0.176250955,0.19156303,0.934777116,0.393557019,1.057206961,0.217947982,1.036924967,0.129411523,0.070839291,0.330111905,0.388567079,5.249772941,2.137775352,3.240527575,1.242524729,4.975102988,0.328411084,0.07725981,0.013410125,0.038702937,0.060310561,1.270020216,0.111916055,1.344701973,0.985564382,3.681194246,0.33323405,0.038150917,0.195268484,0.162880957,43.00244077,0.422733139,47.66021844,32.18128645,1.059397026,1.149713673,1.086293472,1.030343535,1.037787368,1.003724444,1.001733875,1.101427795,1.031427283,0.002311303,-0.017505003,0.009686817,0.034352642,-0.009800207,1.247463551,0.180022315,6.396421437,0.941560854,NA,NA,NA,NA,NA,NA,NA,NA,NA,NA,NA,NA,NA,NA,NA,NA,NA,NA,NA,NA,NA,NA,NA,NA,NA,NA,NA,NA,NA,NA,NA,NA,NA,NA,NA,NA,NA,NA,NA,NA,NA,NA,NA,NA,NA,NA,NA,NA,NA,NA,NA,NA,NA,NA,0.929782586,2.464840491,1.128131729,4.6143251,0.718450146,2.717188679,0.062905273,0.011768088,0.251293261,0.085374196,0.093443607,0.232715338,0.231594666,0.551175787,0.155553458,0.845211301,0.068786113,0.054766841,0.249249683,0.471391329,5.257771367,1.653700974,3.608683227,1.068916768,4.382858201,0.15134147,0.049017919,0.007841659,0.023689569,0.040948191,0.673970316,0.039839184,0.815573331,1.725177878,0.844939541,0.087687095,0,0.17537419,0.134723784,15.98287559,0.134723784,23.89681757,65.17311796,0.984645833,1.143917955,1.412982029,0.864132995,0.911444823,1.09956737,0.943226258,1.147921656,1.011837018,0.320979742,0.001999004,0.089686099,-0.085688092,-0.045037685,1.236855356,0.134334512,4.713047904,1.373967243,NA,NA,NA,NA,NA,NA,NA,NA,NA,NA,NA,NA,NA,NA,NA,NA,NA,NA,NA,NA,NA,NA,NA,NA,NA,NA,NA,NA,NA,NA,NA,NA,NA,NA,NA,NA,NA,NA,NA,NA,NA,NA,NA,NA,NA,NA,NA,NA,NA,NA,NA,NA,NA,NA,0.097871757,2.550027433,2.75043712,4.731353872,0.982167215,2.913932012,0.08462493,0.025537385,0.410365439,0.562705889,0.279121448,0.248183262,0.565156603,0.675117524,0.22959102,1.068748005,0.088105147,0.086454254,0.367881067,0.927320677,5.058210812,1.729753132,3.951991847,1.257993035,5.381996889,0.170587182,0.039664906,0.014473426,0.028477691,0.061861986,0.936882098,0.072322825,0.688613413,1.791002198,0.409836066,0,0,0,0,29.25109459,0.621118012,20.80490785,63.23439568,1.4222122,1.917747213,0.63766732,2.05417015,0.977788594,1.056342483,1.691357424,1.189339259,1.032069965,2.999254844,0,0,1.136363636,1.136363636,-1.97836732,0.515245624,1.922364877,3.811058863,NA,NA,NA,NA,NA,NA,NA,NA,NA,NA,NA,NA,NA,NA,NA,NA,NA,NA,NA,NA,NA,NA,NA,NA,NA,NA,NA,NA,NA,NA,NA,NA,NA,NA,NA,NA,NA,NA,NA,NA,NA,NA,NA,NA,NA,NA,NA,NA,NA,NA,NA,NA,NA,NA,0.002865485,2.219867626,2.953038934,3.631876157,1.316746686,2.897371403,0.10693696,0.013828592,0.425817181,5.183183713,4.24642579,0.331047165,1.09703948,0.416824929,0.925579287,0.85939409,0.009822621,0.046519945,0.372254417,2.764882688,3.016114743,2.109458837,2.21796588,0.603116846,5.554437749,0.273912061,0.175343872,0.098317109,0.118312856,0.000788927,1.34351236,0.001466063,1.101043086,0.919766341,0,0,0,0,0,50,0,50,25,0.157680757,0.010149385,0.009410425,0.002152057,132.3795767,1.118215362,34.39709749,0.360029606,0.822973313,0,0,0,0,0,0,0,-25,25,NA,NA,NA,NA,NA,NA,NA,NA,NA,NA,NA,NA,NA,NA,NA,NA,NA,NA,NA,NA,NA,NA,NA,NA,NA,NA,NA,NA,NA,NA,NA,NA,NA,NA,NA,NA,NA,NA,NA,NA,NA,NA,NA,NA,NA,NA,NA,NA,NA,NA,NA,NA,NA,NA,4.260510646,2.310163886,2.190541912,3.886351249,1.303052429,0.765276203,0.055786889,0.011426245,0.152124312,0.260350687,0.223840991,0.313253202,0.269563714,0.607912593,0.140808215,0.984161499,0.054334654,0.049461202,0.179955916,0.415267997,4.795366827,1.789420652,3.146965242,0.823323867,5.117268885,0.182151079,0.037515116,0.007803772,0.023391249,0.035702085,1.122940429,0.073614751,0.867014458,1.11733171,1.599434049,0.190842866,0.018545994,0.07896976,0.088242757,36.17315225,0.279085623,26.4748652,39.34300708,0.944964078,1.114034531,1.03297925,0.869963981,1.067468797,0.967936887,0.8796964,1.067027305,1.00946248,-0.529718077,-0.061739214,-0.018545994,0.013247134,0.022417516,-0.983185453,-0.076208456,2.407466041,0.384030915,NA,NA,NA,NA,NA,NA,NA,NA,NA,NA,NA,NA,NA,NA,NA,NA,NA,NA,NA,NA,NA,NA,NA,NA,NA,NA,NA,NA,NA,NA,NA,NA,NA,NA,NA,NA,NA,NA,NA,NA,NA,NA,NA,NA,NA,NA,NA,NA,NA,NA,NA,NA,NA,NA,0.221173227,0.821110002,0.707304366,0.628010796,0.400834224,3.265799301,0.176628455,0.002634556,0.058316574,0.323162561,0.109207034,0.230608257,0.142620705,0.312495532,0.082290119,0.56331034,0.042525166,0.049210709,0.25868194,1.637145047,2.513930482,0.931820609,4.740637171,0.813140903,2.913824635,0.105072677,0.040912279,0.012259363,0.02354036,0.228972166,0.400595549,0.028348903,0.471505534,1.717577991,1.128322282,0.182481752,0,0.190839695,3.915696217,10.80124812,0,11.07427425,63.49668468,0.702152796,1.233071178,0.673100945,0.893370621,0.890800361,0.964507864,1.100496956,0.926088247,1.038188894,-1.128322282,-0.182481752,0,-0.190839695,-1.388620404,-2.859009852,0,-0.604960173,4.012340588,NA,NA,NA,NA,NA,NA,NA,NA,NA,NA,NA,NA,NA,NA,NA,NA,NA,NA,NA,NA,NA,NA,NA,NA,NA,NA,NA,NA,NA,NA,NA,NA,NA,NA,NA,NA,NA,NA,NA,NA,NA,NA,NA,NA,NA,NA,NA,NA,NA,NA,NA,NA,NA,NA,50.16929877,1.063260282,0.44049038,4.616001897,3.127646438,0.622606912,0.04829759,0.020592541,0.134251303,0.058309774,0.090220446,0.32150421,0.126392501,0.646059513,0.113272433,0.392739884,0.064617533,0.031416573,0.219737525,0.182390297,5.279581156,1.382323117,2.396247787,0.77445067,4.044296743,0.16404634,0.04716414,0.007131226,0.018987852,0.027029968,0.672750537,0.046552503,0.995596745,0.50852445,1.143470772,0.160631472,0.024626745,0.097038088,0.071794775,17.03975812,0.172944845,31.88030575,15.56803776,0.896725682,1.033937968,1.073352014,0.985559631,0.968905694,0.952876756,0.989745038,0.982996827,0.993501685,-0.237844088,0.02113163,0.005667105,-0.001373297,0.003142644,-1.573950311,0.007223844,-0.93593483,0.184764426,NA,NA,NA,NA,NA,NA,NA,NA,NA,NA,NA,NA,NA,NA,NA,NA,NA,NA,NA,NA,NA,NA,NA,NA,NA,NA,NA,NA,NA,NA,NA,NA,NA,NA,NA,NA,NA,NA,NA,NA,NA,NA,NA,NA,NA,NA,NA,NA,NA,NA,NA,NA,NA,NA,20.18561262,0.749770861,0.680618287,3.988703297,1.098915401,0.506222095,0.036394353,0.007335713,0.095633687,0.046040883,0.058576009,0.325080851,0.114919929,0.463795253,0.094972762,0.709684743,0.041786871,0.031850034,0.128798414,0.214402401,4.90270592,1.351481839,2.808200954,0.725945426,4.355796065,0.115614631,0.029982097,0.005601477,0.015937317,0.024226219,0.649025087,0.036129582,0.761687408,1.176088643,0.786837582,0.122975029,0.025013699,0.085319422,0.091194655,17.23437318,0.166749003,22.27413432,42.5589087,0.841776772,1.134475788,1.114781247,0.928632426,0.960473268,0.894398944,0.928813026,0.929189196,0.991393031,-0.261768494,0.023096823,0.022360955,-0.006361665,0.019346206,-2.903540173,-0.087791245,-2.376779404,-0.170436529,NA,NA,NA,NA,NA,NA,NA,NA,NA,NA,NA,NA,NA,NA,NA,NA,NA,NA,NA,NA,NA,NA,NA,NA,NA,NA,NA,NA,NA,NA,NA,NA,NA,NA,NA,NA,NA,NA,NA,NA,NA,NA,NA,NA,NA,NA,NA,NA,NA,NA,NA,NA,NA,NA,100,1.315110012,0.682678137,4.388848033,2.602252569,0.742536734,0.056576498,0.022687836,0.189053295,0.073317372,0.101615321,0.500977333,0.163579828,0.679745908,0.128062636,0.574637153,0.070504245,0.039512233,0.231783774,0.24121558,5.160462059,1.541770129,2.68438976,0.85833433,4.267234428,0.185519684,0.050945519,0.007863877,0.021393615,0.034266186,0.767814583,0.054231242,1.027283059,0.779033451,1.499369849,0.196302601,0.028374889,0.10566955,0.112438025,21.19313059,0.207753035,33.57612443,25.98306225,0.926935333,1.084304203,1.099533487,0.975545174,0.991970698,0.959922627,0.979107215,1.000294071,1.004354923,-0.27416982,0.005513746,0.006585424,0.003184149,-0.006762536,-1.413539463,-0.001963925,-0.102420146,0.315037978,NA,NA,NA,NA,NA,NA,NA,NA,NA,NA,NA,NA,NA,NA,NA,NA,NA,NA,NA,NA,NA,NA,NA,NA,NA,NA,NA,NA,NA,NA,NA,NA,NA,NA,NA,NA,NA,NA,NA,NA,NA,NA,NA,NA,NA,NA,NA,NA,NA,NA,NA,NA,NA,NAUPN92,11.88169285,0.121873297,0.009730446,0.816524212,2.807790913,0.213198931,0.019501854,0.104159398,0.04898049,1.225467282,0.173602517,0.226768876,0.030226869,0.087114412,0.047985286,0.037183082,0.011008464,0.016842847,0.110715971,0.052242222,5.082817766,0.301989772,2.827279632,0.32457497,4.101081615,0.022550028,0.011303159,0.002342979,0.006370909,0.015061671,0.146929408,0.021176258,0.249248595,0.412010897,0.028074116,0.028074116,0,0,0.093941126,1.504140242,0,5.435641098,8.559443492,1.128102711,1.061551656,0.589751753,0.901338104,0.90650117,0.853981833,0.936955387,1.051718275,0.940459345,0.167620601,-0.028074116,0,0,-0.093941126,-0.590898233,0.065231572,0.630895106,-0.209802265,NA,NA,NA,NA,NA,NA,NA,NA,NA,NA,NA,NA,NA,NA,NA,NA,NA,NA,NA,NA,NA,NA,NA,NA,NA,NA,NA,NA,NA,NA,NA,NA,NA,NA,NA,NA,NA,NA,NA,NA,NA,NA,NA,NA,NA,NA,NA,NA,NA,NA,NA,NA,NA,NA,1.957164802,0.174347058,0.016676133,0.50465577,2.331576178,2.011286638,0.015381824,0.197848323,0.110037903,1.077147695,0.223217084,0.251580821,0.051244885,0.137901604,0.058563686,0.13187721,0.032517886,0.020098948,0.220645392,0.146132544,4.403522119,0.409295105,4.076071361,0.726606668,4.018219915,0.049621826,0.016993916,0.003385228,0.007438293,0.051141516,0.170673748,0.028775638,0.304802563,0.663377131,0.343958748,0,0,0.155279503,0,1.753193484,0,6.179538263,17.08601899,1.031808003,1.559139008,0.235230576,1.959437779,1.174726451,0.98916379,1.352158999,0.903966328,0.903104333,0.449692045,0,0,-0.155279503,0,-0.165891897,0,-1.814458898,-4.387606287,NA,NA,NA,NA,NA,NA,NA,NA,NA,NA,NA,NA,NA,NA,NA,NA,NA,NA,NA,NA,NA,NA,NA,NA,NA,NA,NA,NA,NA,NA,NA,NA,NA,NA,NA,NA,NA,NA,NA,NA,NA,NA,NA,NA,NA,NA,NA,NA,NA,NA,NA,NA,NA,NA,0.266057301,0.189686794,0.043684875,0.694715228,2.825281351,1.802456904,0.648377186,0.47686207,0.149564615,2.643567406,0.684393716,0.528827386,0.136056747,0.262832683,0.173789554,0.214951777,0.078771287,0.057166575,0.432067895,0.34533186,5.047903903,0.799548506,3.809057386,1.09794945,4.771769716,0.060297765,0.021869446,0.017863618,0.025855419,0.044954382,0.279863358,0.082163807,0.291061188,0.864061431,0,0,0,0,0,3.696236559,0,4.737903226,29.09946237,1.288934422,0.685556083,1.760967337,0.597920597,1.9801876,1.256837973,0.778222675,1.502121372,1.020693154,0,0,0,0,0,-3.696236559,0,6.373207885,-4.099462366,NA,NA,NA,NA,NA,NA,NA,NA,NA,NA,NA,NA,NA,NA,NA,NA,NA,NA,NA,NA,NA,NA,NA,NA,NA,NA,NA,NA,NA,NA,NA,NA,NA,NA,NA,NA,NA,NA,NA,NA,NA,NA,NA,NA,NA,NA,NA,NA,NA,NA,NA,NA,NA,NA,0.076338048,0.406393478,0.090857758,0.812643002,2.672461431,2.283070983,0.059338426,0.557936159,1.830906998,1.747545788,0.478285473,0.419519875,0.091435732,0.290986548,0.15069028,0.132728409,0.012856847,0.112493432,0.26147217,0.153076226,4.225712242,0.813458816,4.415475146,1.111495608,4.153574976,0.128686943,0.106422342,0.00012805,0.065408805,0.009052733,0.137094946,0.035556707,0.250821016,1.090059144,0,0,0,0,0,0,0,7.142857143,42.85714286,0.960472871,0.24709072,140.5418694,0.00364589,3.642409779,5.491252051,2.820476995,2.250936609,1.102616272,0,0,0,0,0,9.090909091,0,11.03896104,-6.493506494,NA,NA,NA,NA,NA,NA,NA,NA,NA,NA,NA,NA,NA,NA,NA,NA,NA,NA,NA,NA,NA,NA,NA,NA,NA,NA,NA,NA,NA,NA,NA,NA,NA,NA,NA,NA,NA,NA,NA,NA,NA,NA,NA,NA,NA,NA,NA,NA,NA,NA,NA,NA,NA,NA,1.70756716,0.280159443,0.045645608,1.337074597,2.705599254,0.924864668,0.080587409,0.242957886,0.170549494,1.990531416,0.560321564,1.790731051,0.105329026,0.37195324,0.176963738,0.104713634,0.044648882,0.072210431,0.21899698,0.110683895,5.053766245,1.042211792,3.380768974,0.842636877,4.192116717,0.106645894,0.028457037,0.006471346,0.018295429,0.059318073,0.37199219,0.065904798,0.669254432,1.145780833,1.507361975,0,0,0.180505415,0.261780105,5.307426238,0,20.9046062,39.27268603,0.599067339,1.20642535,0.455703434,0.997854361,0.894246873,0.784857728,0.813469836,0.835576972,0.929618401,-1.064884099,0,0,-0.180505415,-0.261780105,-0.882647477,0.442477876,-5.417880532,-5.64436745,NA,NA,NA,NA,NA,NA,NA,NA,NA,NA,NA,NA,NA,NA,NA,NA,NA,NA,NA,NA,NA,NA,NA,NA,NA,NA,NA,NA,NA,NA,NA,NA,NA,NA,NA,NA,NA,NA,NA,NA,NA,NA,NA,NA,NA,NA,NA,NA,NA,NA,NA,NA,NA,NA,0.279971385,0.505557398,0.047120378,1.419701935,2.951619934,1.743135561,0.112672044,1.934048507,1.034620962,2.015726454,0.549292517,1.235769843,0.262637513,0.626637916,0.254972885,0.218533606,0.039177841,0.157469923,0.141217505,0.110041605,5.519763123,1.296949104,3.918373932,1.226566928,4.633496193,0.158561421,0.094200431,0.011049997,0.083536742,0.134333652,0.443699138,0.117611559,0.763959681,1.382889609,1.041666667,0,0,2.272727273,2.272727273,5.587121212,0,28.78787879,53.31439394,1.108858863,1.179447274,0.026108298,0.165151086,0.6422649,0.934172154,0.640443023,1.143626909,0.953625599,-1.041666667,0,0,-2.272727273,-0.098814229,0.934617918,0,-9.222661397,-3.314393939,NA,NA,NA,NA,NA,NA,NA,NA,NA,NA,NA,NA,NA,NA,NA,NA,NA,NA,NA,NA,NA,NA,NA,NA,NA,NA,NA,NA,NA,NA,NA,NA,NA,NA,NA,NA,NA,NA,NA,NA,NA,NA,NA,NA,NA,NA,NA,NA,NA,NA,NA,NA,NA,NA,0.098590925,1.296246904,0.090425501,3.994110661,2.656935458,2.524835937,0.02632398,0.699468239,0.370619659,0.341145466,0.135298044,1.271816792,0.300570691,0.278916167,0.057619973,0.549475325,0.0692687,0.047248499,0.595458247,0.140858029,4.980955604,1.457688715,4.15449856,0.944394202,4.753973139,0.112895832,0.028969598,0.018719046,0.081183231,0.111680876,0.273579548,0.019255447,0.756008131,1.375735356,0,0,0,0,0,5,0,21.66666667,46.66666667,1.46788898,2.740035195,0.311898582,0.107308618,2.340266237,1.6902481,1.522139525,1.40250981,1.218913958,0,0,0,0,7.142857143,-5,0,6.904761905,17.61904762,NA,NA,NA,NA,NA,NA,NA,NA,NA,NA,NA,NA,NA,NA,NA,NA,NA,NA,NA,NA,NA,NA,NA,NA,NA,NA,NA,NA,NA,NA,NA,NA,NA,NA,NA,NA,NA,NA,NA,NA,NA,NA,NA,NA,NA,NA,NA,NA,NA,NA,NA,NA,NA,NA,2.804497642,0.959915657,0.07438572,3.999648251,3.014391798,1.064674224,0.091292896,0.949942148,0.53798299,2.551685511,0.663718556,1.55410857,0.194123263,0.593257389,0.281542215,0.238840703,0.107322347,0.062927007,0.138560458,0.12340769,5.43997105,1.255591843,3.491877377,0.997196841,4.240699861,0.155414648,0.06276903,0.014175689,0.026911856,0.071341107,0.46549078,0.070044128,0.998631567,1.451612005,0.818533285,0.17921147,0.093632959,0.366477387,0.631267367,6.791913334,0.093632959,33.49643591,52.03173453,0.775755244,0.970444592,0.527602195,1.563021517,0.911049813,1.011919868,0.942405703,0.984218297,0.998123828,-0.582684228,0.292486644,-0.093632959,0.105220726,-0.631267367,0.519407421,-0.093632959,-2.600209492,0.798454154,NA,NA,NA,NA,NA,NA,NA,NA,NA,NA,NA,NA,NA,NA,NA,NA,NA,NA,NA,NA,NA,NA,NA,NA,NA,NA,NA,NA,NA,NA,NA,NA,NA,NA,NA,NA,NA,NA,NA,NA,NA,NA,NA,NA,NA,NA,NA,NA,NA,NA,NA,NA,NA,NA,0.189453459,2.119228449,0.092150817,5.274396365,0.258893919,3.83244301,0.054711251,0.483012713,0.347885267,2.322600313,0.46342615,0.077506839,0.139764918,0.139577335,0.30222454,0.225069026,0.088465787,0.046694297,0.263159515,0.221166928,3.916824243,1.541384509,3.006416957,0.422896049,5.008869552,0.021911103,0.036554304,0.004938764,0.019194452,0.126113971,0.101758729,0.015370424,0.315818499,0.772321598,0,0,0,0,2,0,0,4,21.45945946,5.758801528,0.746396084,0.034204061,0.938732659,0.270665486,0.879670683,2.332118821,0.986872961,1.190873879,0,0,0,0,-2,0,0,-4,0.762762763,NA,NA,NA,NA,NA,NA,NA,NA,NA,NA,NA,NA,NA,NA,NA,NA,NA,NA,NA,NA,NA,NA,NA,NA,NA,NA,NA,NA,NA,NA,NA,NA,NA,NA,NA,NA,NA,NA,NA,NA,NA,NA,NA,NA,NA,NA,NA,NA,NA,NA,NA,NA,NA,NA,0.016319264,1.558155915,1.564695937,4.944975139,0.625110334,3.738010208,0.124373338,0.567532847,0.391504453,3.032320612,0.819885691,0.047704206,0.434385082,0.326881618,0.195344851,0.627251241,0.031527168,0.009190635,0.262018672,1.286809094,4.05504645,1.380825495,3.306089279,0.306208805,6.426657065,4.09E-05,0.004767149,0.001005098,0.000142145,3.08E-05,0.122889852,0.161432759,0.718066233,0.866102743,0,0,0,0,0,0,0,0,50,0.570731468,0.419019675,0.11288543,1170.680643,70.52097113,4.438012435,0.676729496,0.105715558,2.532354133,0,0,0,0,0,0,0,0,50,NA,NA,NA,NA,NA,NA,NA,NA,NA,NA,NA,NA,NA,NA,NA,NA,NA,NA,NA,NA,NA,NA,NA,NA,NA,NA,NA,NA,NA,NA,NA,NA,NA,NA,NA,NA,NA,NA,NA,NA,NA,NA,NA,NA,NA,NA,NA,NA,NA,NA,NA,NA,NA,NA,0.005513654,1.720002545,3.004654705,4.201314542,1.046966221,3.651147595,0.675194226,0.001215091,0.003352099,5.065668229,2.786745359,0.002495162,0.3580173,0.224323586,0.493126384,0.000409079,0.086185211,0.292718882,0.077282992,1.556242826,3.043825475,0.484521117,2.099408141,0.131748415,2.099904718,0.000643403,0.000458039,0.001265867,0.001058866,0.001028678,0.813726229,0.000783135,0.286092896,1.160068325,0,0,0,0,0,0,0,0,50,1.813095857,3.905683017,0.957215519,0.843612702,3.472530976,0.000364408,0.978603618,0.002322267,0.001289035,0,0,0,0,0,0,0,0,-50,NA,NA,NA,NA,NA,NA,NA,NA,NA,NA,NA,NA,NA,NA,NA,NA,NA,NA,NA,NA,NA,NA,NA,NA,NA,NA,NA,NA,NA,NA,NA,NA,NA,NA,NA,NA,NA,NA,NA,NA,NA,NA,NA,NA,NA,NA,NA,NA,NA,NA,NA,NA,NA,NA,2.027758567,1.002782793,1.289769433,1.136923553,0.206282116,0.438399621,0.0973725,0.014965142,0.072251788,3.985661552,2.671943565,0.051211435,0.60501333,0.026742893,0.238047445,0.021009091,0.025090049,0.048160295,0.045563379,1.501359068,0.472972353,1.265143746,0.59509346,0.18093932,4.875414514,0.032387227,0.013801613,0.004923963,0.029223685,0.026892676,0.506564201,0.102642419,0.385565947,0.479373226,0,0,0,0.163934426,0.163934426,8.516031338,0.364737639,7.221015208,10.41345711,1.046294854,0.285213326,1.63818813,1.985001575,1.044445072,0.887372238,0.678784745,1.009317042,0.934234479,0,0,0,0.237671999,-0.163934426,-3.295147804,-0.364737639,1.212719731,-1.979722167,NA,NA,NA,NA,NA,NA,NA,NA,NA,NA,NA,NA,NA,NA,NA,NA,NA,NA,NA,NA,NA,NA,NA,NA,NA,NA,NA,NA,NA,NA,NA,NA,NA,NA,NA,NA,NA,NA,NA,NA,NA,NA,NA,NA,NA,NA,NA,NA,NA,NA,NA,NA,NA,NA,1.917362908,0.07107514,0.046228763,0.238944476,0.10659331,3.545702812,0.157822836,0.010424836,0.020828107,0.303074287,0.129424878,0.015352431,0.016537078,0.093652328,0.019080112,0.315232416,0.04636798,0.051861593,0.839820858,0.535270238,0.358456936,0.053025922,4.846274217,0.644094266,1.845149025,0.104387816,0.020188408,0.004290398,0.02556287,0.116282235,0.147090267,0.016419798,0.287194789,0.590356972,2.159642649,0,0.184501845,0.184501845,1.527481064,2.316954748,0.184501845,6.847931637,17.48883278,0.835854516,1.097134449,1.616405774,1.105505193,0.863674849,0.708634088,0.775263872,1.057082531,0.775006682,-0.093526947,0.41322314,-0.184501845,0.228721295,-1.114257924,-0.250839046,-0.184501845,0.176861751,-7.158254271,NA,NA,NA,NA,NA,NA,NA,NA,NA,NA,NA,NA,NA,NA,NA,NA,NA,NA,NA,NA,NA,NA,NA,NA,NA,NA,NA,NA,NA,NA,NA,NA,NA,NA,NA,NA,NA,NA,NA,NA,NA,NA,NA,NA,NA,NA,NA,NA,NA,NA,NA,NA,NA,NA,19.50436771,0.359524745,0.027248391,4.026560112,2.709261997,0.659235139,0.053027259,0.217345269,0.129430594,1.99927512,0.452471659,0.413538174,0.063634561,0.21085441,0.134358911,0.075801526,0.053575833,0.03291748,0.101754921,0.11361239,5.221865097,0.575060057,3.073421681,0.554883893,3.756240319,0.047131132,0.027535734,0.005306016,0.015239335,0.033695435,0.222441135,0.033286068,0.532027577,0.79162596,0.327446059,0.142115424,0.014405071,0.071057712,0.213173136,2.225902909,0.113305283,14.33855896,22.0812205,0.953243028,0.859093495,1.563068569,0.775235563,0.891540993,1.017436877,0.898148475,1.000025996,0.971154476,-0.093071059,0.014134576,0.024657429,0.007067288,-0.056923136,0.235034591,0.003882217,-0.23699646,0.184404502,NA,NA,NA,NA,NA,NA,NA,NA,NA,NA,NA,NA,NA,NA,NA,NA,NA,NA,NA,NA,NA,NA,NA,NA,NA,NA,NA,NA,NA,NA,NA,NA,NA,NA,NA,NA,NA,NA,NA,NA,NA,NA,NA,NA,NA,NA,NA,NA,NA,NA,NA,NA,NA,NA,57.262955,0.119891569,0.014299623,2.584315906,0.834999269,0.244961747,0.032733464,0.068649602,0.050167342,1.171271084,0.15404384,0.171653625,0.017861743,0.063425913,0.04183287,0.098048456,0.023334306,0.021295452,0.061627273,0.119710033,4.053907112,0.23509752,2.979694603,0.354963121,2.418795439,0.022545267,0.012687971,0.003285408,0.010007767,0.022085814,0.118252412,0.013527984,0.293976123,0.363134449,0.130569667,0.085604166,0.030794398,0.038799521,0.091157099,1.10120625,0.040025616,6.124984449,6.90205895,0.754714078,0.778088078,0.733662617,0.91244608,0.942087047,0.951784546,1.018304109,0.978144277,0.885910479,-0.028603171,-0.085604166,-0.030794398,-0.009666236,-0.003757244,-0.023274714,0.06194088,-0.342027421,-1.148235206,NA,NA,NA,NA,NA,NA,NA,NA,NA,NA,NA,NA,NA,NA,NA,NA,NA,NA,NA,NA,NA,NA,NA,NA,NA,NA,NA,NA,NA,NA,NA,NA,NA,NA,NA,NA,NA,NA,NA,NA,NA,NA,NA,NA,NA,NA,NA,NA,NA,NA,NA,NA,NA,NA,100,0.217843529,0.045976488,2.549060031,1.544328536,0.474944158,0.042506245,0.139385272,0.086910949,1.435867674,0.289822229,0.291282878,0.049216716,0.11941746,0.074781071,0.095542405,0.031215747,0.026509693,0.099363234,0.147726133,4.330437967,0.379965551,3.010729967,0.430546127,3.049952312,0.036831958,0.018624808,0.004210341,0.012588602,0.029040286,0.173065684,0.024710968,0.375600752,0.536789808,0.250342005,0.083272909,0.027234359,0.070479732,0.169685483,1.897172786,0.05873311,9.157848723,13.44695953,0.860714396,0.864173101,0.933342695,0.960751363,0.933859957,0.944462941,0.908577091,0.982053686,0.918449254,-0.050037542,-0.02718766,-0.01922218,-0.006382304,-0.065527162,-0.150517871,0.037413032,-0.464635039,-1.236399475,NA,NA,NA,NA,NA,NA,NA,NA,NA,NA,NA,NA,NA,NA,NA,NA,NA,NA,NA,NA,NA,NA,NA,NA,NA,NA,NA,NA,NA,NA,NA,NA,NA,NA,NA,NA,NA,NA,NA,NA,NA,NA,NA,NA,NA,NA,NA,NA,NA,NA,NA,NA,NA,NAUPN93,1.617018262,0.585432559,0.008300718,1.599491351,2.763882243,0.294768531,0.012335795,0.016591812,0.056040346,0.07541924,0.035425665,0.412745815,0.013339711,0.1479564,0.014266132,0.054412117,0.017010429,0.024096335,0.022149451,0.028720024,2.962389734,0.669626824,0.549499011,0.129842287,3.06335619,0.026052083,0.015901534,0.002834325,0.008849486,0.01306481,0.685159753,0.029938333,0.602134518,0.258435336,0.061050061,0.11627907,0,0.11627907,0,19.42208308,0.122100122,16.08768492,3.941988244,1.314699976,1.820247672,0.217986112,1.079079933,1.203007688,0.936650848,1.010526717,0.930952004,1.094557748,-0.061050061,-0.11627907,0,-0.11627907,0.136239782,-2.392110333,0.01413966,-2.463706723,0.281444998,NA,NA,NA,NA,NA,NA,NA,NA,NA,NA,NA,NA,NA,NA,NA,NA,NA,NA,NA,NA,NA,NA,NA,NA,NA,NA,NA,NA,NA,NA,NA,NA,NA,NA,NA,NA,NA,NA,NA,NA,NA,NA,NA,NA,NA,NA,NA,NA,NA,NA,NA,NA,NA,NA,0.444231074,0.684862499,0.019055149,1.280775849,2.451455261,1.821020418,0.013988783,0.030745455,0.064427151,0.089701388,0.05696627,0.396345704,0.013992501,0.153934779,0.022901817,0.071845994,0.02749737,0.028611275,0.038755716,0.088878185,2.976498377,0.695118783,0.641619978,0.17380459,3.521401513,0.043950121,0.027121365,0.009722611,0.011403911,0.032661009,0.709653581,0.041145912,0.595757614,0.371386645,0.229357798,0.229357798,0.229357798,0,0,20.29746159,0.229357798,16.69105645,6.355884505,1.137807837,1.791298349,0.358329393,0.426708169,0.510730427,1.141024729,1.158135737,0.963183939,0.964354888,0.683884211,-0.229357798,-0.229357798,0,0,4.36007266,0.683884211,-5.275531339,-0.87643245,NA,NA,NA,NA,NA,NA,NA,NA,NA,NA,NA,NA,NA,NA,NA,NA,NA,NA,NA,NA,NA,NA,NA,NA,NA,NA,NA,NA,NA,NA,NA,NA,NA,NA,NA,NA,NA,NA,NA,NA,NA,NA,NA,NA,NA,NA,NA,NA,NA,NA,NA,NA,NA,NA,0.00549225,0.985266476,0.000453855,1.050480598,2.774509116,2.138931767,0.900820101,0.062637688,0.145056965,1.949668967,0.183357902,0.323414986,0.013180061,0.06229164,0.018296593,0.210722353,0.007962444,0.031663438,0.013490288,0.306129939,2.625804766,0.52313918,0.833564482,0.20248479,3.604304151,0.001482913,0.034840394,0.000319601,0.008264128,0.001236182,1.811725251,0.242356822,0.452483218,0.582164857,0,0,0,0,0,33.33333333,0,0,16.66666667,0.608770587,0.010330836,326.183714,0.15273827,0.109552275,0.131249767,0.221814763,0.663187004,1.333990489,0,0,0,0,0,-33.33333333,0,0,8.333333333,NA,NA,NA,NA,NA,NA,NA,NA,NA,NA,NA,NA,NA,NA,NA,NA,NA,NA,NA,NA,NA,NA,NA,NA,NA,NA,NA,NA,NA,NA,NA,NA,NA,NA,NA,NA,NA,NA,NA,NA,NA,NA,NA,NA,NA,NA,NA,NA,NA,NA,NA,NA,NA,NA,0.007223085,0.483884484,0.003883079,1.433972509,2.178935235,2.284261251,0.044734135,0.013813797,2.056006203,0.328163809,0.133755307,0.333970769,0.063802243,0.145618003,0.000730741,0.304721301,0.002361445,0.044478163,0.037496503,0.098110179,2.257643725,0.697292438,1.725211631,0.272569934,3.553898214,0.031560101,0.001261954,0.000330207,0.001766396,0.000538195,0.686447515,0.001231946,1.168496599,0.937079802,0,0,0,0,0,25,0,50,25,3.56229744,26.25217709,1.449976691,26.82056714,269.5688068,0.482263536,16.39161439,0.793999938,0.73603677,0,0,0,0,0,-25,0,-10,-5,NA,NA,NA,NA,NA,NA,NA,NA,NA,NA,NA,NA,NA,NA,NA,NA,NA,NA,NA,NA,NA,NA,NA,NA,NA,NA,NA,NA,NA,NA,NA,NA,NA,NA,NA,NA,NA,NA,NA,NA,NA,NA,NA,NA,NA,NA,NA,NA,NA,NA,NA,NA,NA,NA,1.828492362,0.814249174,0.048911473,2.06788928,2.59775879,0.752616128,0.0439455,0.039030768,0.100539384,0.238144293,0.105249063,2.017768413,0.035559684,0.470525303,0.045087477,0.202264651,0.046145474,0.085563988,0.055624861,0.094618285,3.329355049,1.630264789,0.807159524,0.289874245,3.635131366,0.095818571,0.046763949,0.008506441,0.017937193,0.038835448,1.053931945,0.069961028,1.364387586,0.779701801,0.716702279,0.05787037,0.118920431,0,0.118920431,34.15305759,0.183150183,49.1529304,20.60566748,0.90353342,1.85195456,0.642457246,1.013561396,1.101878483,1.000276257,0.803835205,0.989972541,0.983137884,-0.137328003,0.753253616,-0.118920431,0,-0.003045576,0.261774391,0.048599527,-1.760114644,-0.443442683,NA,NA,NA,NA,NA,NA,NA,NA,NA,NA,NA,NA,NA,NA,NA,NA,NA,NA,NA,NA,NA,NA,NA,NA,NA,NA,NA,NA,NA,NA,NA,NA,NA,NA,NA,NA,NA,NA,NA,NA,NA,NA,NA,NA,NA,NA,NA,NA,NA,NA,NA,NA,NA,NA,0.217254932,1.923246271,0.209687469,1.643132265,2.707585865,1.419807139,0.141464654,0.778118784,1.147229736,0.391137993,0.173545987,2.212788154,0.117014451,0.978838385,0.120783025,0.545604374,0.155206949,0.168129742,0.184768168,0.615513029,4.05681359,2.32399478,1.18140313,0.528858423,4.161843076,0.309114442,0.103789632,0.012560267,0.038522254,0.073538458,1.468444768,0.107624474,1.627359608,1.577898567,5.655274158,1.11261372,0,0,0,51.18023113,0.510204082,57.94811901,56.97688714,0.87189584,1.347303225,1.076721972,1.591359389,1.711010027,1.02886279,1.882949985,1.093617732,0.996386977,-3.635072138,-1.11261372,0,0,0,6.395526447,1.509997939,11.74885069,0.598870435,NA,NA,NA,NA,NA,NA,NA,NA,NA,NA,NA,NA,NA,NA,NA,NA,NA,NA,NA,NA,NA,NA,NA,NA,NA,NA,NA,NA,NA,NA,NA,NA,NA,NA,NA,NA,NA,NA,NA,NA,NA,NA,NA,NA,NA,NA,NA,NA,NA,NA,NA,NA,NA,NA,33.43887513,1.777108156,0.04210247,4.061184424,2.940973381,1.417856675,0.059698877,0.210117741,0.429939492,0.063202615,0.117295101,2.190418881,0.092271376,1.068543417,0.10913734,0.300898509,0.135588769,0.128796009,0.124792954,0.2295594,4.010773901,2.110674454,1.37008141,0.581473102,3.816885951,0.247620891,0.135739234,0.018826049,0.038147638,0.087844027,1.362910482,0.110166541,2.049999211,1.466205633,2.302681907,0.625542653,0.048178733,0.159536432,0.252473749,48.34306372,0.417288727,78.15289679,53.71974751,0.974684462,1.919050108,1.010423143,1.020950037,1.025328069,0.964956486,0.985166089,1.00107339,1.008413433,-0.299495018,1.961907077,-0.002651758,-0.015367678,-0.009663217,-2.20147483,4.19E-05,-0.354884798,0.525642884,NA,NA,NA,NA,NA,NA,NA,NA,NA,NA,NA,NA,NA,NA,NA,NA,NA,NA,NA,NA,NA,NA,NA,NA,NA,NA,NA,NA,NA,NA,NA,NA,NA,NA,NA,NA,NA,NA,NA,NA,NA,NA,NA,NA,NA,NA,NA,NA,NA,NA,NA,NA,NA,NA,6.323012125,2.598489945,0.35820978,3.983126488,3.175775058,1.512501114,0.097271504,0.286267101,0.668727689,2.082953632,0.361324384,2.657528519,0.255031107,1.569631354,0.262846733,1.01851155,0.170549613,0.235299029,0.286295409,0.752663565,4.250221467,3.125213847,1.503106012,0.816249257,5.000242115,0.466183975,0.184367658,0.027077602,0.061206472,0.106849646,1.798523609,0.187604343,2.190742353,2.276341077,8.759959974,1.933482833,0.101913325,0.367031485,0.263682994,66.44853509,0.746121668,78.6813013,79.10976451,1.047331803,1.495344644,0.953097133,1.020245832,1.022627658,1.004797791,0.977242655,1.015055587,1.004589763,0.735807417,1.820657764,0.045307875,0.001021515,-0.042851194,0.426694942,0.137205531,1.112589023,0.13204631,NA,NA,NA,NA,NA,NA,NA,NA,NA,NA,NA,NA,NA,NA,NA,NA,NA,NA,NA,NA,NA,NA,NA,NA,NA,NA,NA,NA,NA,NA,NA,NA,NA,NA,NA,NA,NA,NA,NA,NA,NA,NA,NA,NA,NA,NA,NA,NA,NA,NA,NA,NA,NA,NA,0.045784315,2.406652424,0.119084167,3.80126124,0.781787583,3.107858397,0.028205426,0.300555569,0.207624862,1.054602621,0.323495866,0.42497329,0.10015742,0.517854613,0.098587557,0.328124727,0.04919445,0.066519258,0.138533306,0.458128376,4.090712296,1.639073337,1.476865615,0.408576371,4.003803096,0.022981536,0.005639789,7.79E-05,0.000380027,0.029993121,1.001143416,0.02814686,1.461427972,1.619047689,0,0,0,0,0,26.38888889,0,49.72222222,62.77777778,7.847674622,18.98472596,8.912715473,36.71239474,0.731633071,1.217253179,4.063061423,0.703382741,1.021368122,0,0,0,0,0,9.611111111,0,-13.72222222,-10.77777778,NA,NA,NA,NA,NA,NA,NA,NA,NA,NA,NA,NA,NA,NA,NA,NA,NA,NA,NA,NA,NA,NA,NA,NA,NA,NA,NA,NA,NA,NA,NA,NA,NA,NA,NA,NA,NA,NA,NA,NA,NA,NA,NA,NA,NA,NA,NA,NA,NA,NA,NA,NA,NA,NA,0.003155867,2.407812141,2.094354125,3.788367212,2.642575086,3.780719588,0.017555889,0.001701049,0.66926128,3.197374143,2.346186805,1.060573844,1.384664191,0.949281849,0.049506614,0.959716153,0.331646792,0.090500255,0.152333597,1.716296634,3.702187049,2.406477149,2.379468657,0.247078728,5.62530555,0.106771285,0.000481414,0.00024989,0.021964015,0.03587862,1.224293265,0.028982959,0.508700889,1.006233717,0,0,0,0,0,50,0,0,25,0.010792928,6.574879949,10.40315216,0.09378525,0.012649133,1.220169971,0.10169756,4.220746593,1.406120107,0,0,0,0,0,50,0,100,75,NA,NA,NA,NA,NA,NA,NA,NA,NA,NA,NA,NA,NA,NA,NA,NA,NA,NA,NA,NA,NA,NA,NA,NA,NA,NA,NA,NA,NA,NA,NA,NA,NA,NA,NA,NA,NA,NA,NA,NA,NA,NA,NA,NA,NA,NA,NA,NA,NA,NA,NA,NA,NA,NA,0.006470031,2.65541064,1.669717436,3.406578128,2.041891758,2.991557535,0.044689806,0.087826767,0.489726382,6.118065425,4.856405215,1.43381726,0.677629452,0.797873814,1.255920563,0.375734929,0.063675794,0.072325246,0.43159863,2.654494891,2.848944376,2.514302867,1.098601932,0.79835052,5.310937339,0.504226812,0.326587997,0.012743703,0.162067181,0.199089975,1.58164965,0.012476169,1.789616137,1.847577564,0,0,0,0,0,41.66666667,0,75,58.33333333,0.297795983,0.000450125,0.09602502,0.006218746,1.548689467,0.525440441,0.027597983,0.642058289,0.4071547,0,0,0,0,0,8.333333333,0,-25,-8.333333333,NA,NA,NA,NA,NA,NA,NA,NA,NA,NA,NA,NA,NA,NA,NA,NA,NA,NA,NA,NA,NA,NA,NA,NA,NA,NA,NA,NA,NA,NA,NA,NA,NA,NA,NA,NA,NA,NA,NA,NA,NA,NA,NA,NA,NA,NA,NA,NA,NA,NA,NA,NA,NA,NA,1.725869039,1.623280597,1.034466392,1.043104856,0.378755069,0.440250578,0.024355543,0.024372266,0.118202781,4.289662622,2.375648615,0.157747478,0.397249178,0.120999437,0.263684469,0.075790746,0.018689784,0.056558662,0.077192147,1.545296184,0.589252996,1.804186043,0.234186932,0.142497996,4.024738144,0.087183544,0.034842126,0.009985191,0.03451961,0.074356788,1.200167954,0.094958568,0.597064883,0.517885302,0.522473904,0.227367702,0.07256894,0.217706821,0.304767083,39.43211996,0.527304345,13.7777638,12.20551164,0.911887032,0.739371143,1.147079271,0.727625216,1.158913484,1.035243934,1.058601351,0.968600447,1.03895568,-0.390373508,-0.227367702,-0.07256894,-0.085606425,-0.04056629,2.179504878,-0.131003156,-0.303523375,0.4761264,NA,NA,NA,NA,NA,NA,NA,NA,NA,NA,NA,NA,NA,NA,NA,NA,NA,NA,NA,NA,NA,NA,NA,NA,NA,NA,NA,NA,NA,NA,NA,NA,NA,NA,NA,NA,NA,NA,NA,NA,NA,NA,NA,NA,NA,NA,NA,NA,NA,NA,NA,NA,NA,NA,0.183065417,0.366451872,0.145943468,0.228941914,0.134013496,3.319178455,0.026580815,0.035513761,0.050900414,0.47058451,0.200564126,0.071650787,0.039806918,0.06877614,0.026970238,0.296747293,0.011284996,0.047686439,0.029926946,1.123838662,0.531931208,0.327875394,2.632588435,0.299210172,1.455872135,0.04945958,0.028165765,0.008363845,0.022248041,0.177043206,0.541865365,0.020349747,0.618072685,0.74889679,0,0,0,0.714285714,3.612836439,16.54244306,0,17.24637681,25.19668737,1.502338329,1.095246591,0.092292563,0.641944918,0.36068486,0.968806601,1.168835357,0.928608481,1.177332866,0,0,0,-0.714285714,-3.612836439,-0.917443064,0,-3.183876812,-0.196687371,NA,NA,NA,NA,NA,NA,NA,NA,NA,NA,NA,NA,NA,NA,NA,NA,NA,NA,NA,NA,NA,NA,NA,NA,NA,NA,NA,NA,NA,NA,NA,NA,NA,NA,NA,NA,NA,NA,NA,NA,NA,NA,NA,NA,NA,NA,NA,NA,NA,NA,NA,NA,NA,NA,18.88705068,0.700842064,0.011534093,3.852257381,2.628206826,0.957604884,0.02578434,0.03447185,0.11200729,0.135372886,0.095066122,0.694022343,0.026637729,0.333317874,0.033024428,0.061705588,0.054186835,0.045331049,0.044256308,0.054293516,3.424437527,1.02918001,0.931399414,0.276027522,3.051123413,0.066409474,0.044151031,0.006092101,0.015542575,0.036128841,0.97693938,0.052446138,1.156982989,0.639644206,0.184130721,0.152244717,0.012099214,0.057722401,0.091748649,31.48549657,0.176945417,38.89789726,14.97497282,0.91688377,1.82533439,1.146390298,1.001598409,0.97113813,0.912139114,1.003625113,0.976428785,0.968541478,-0.07140527,0.261081937,0.025475937,0.042478,0.020976802,-3.917861299,-0.014119766,-1.42294736,-1.02206701,NA,NA,NA,NA,NA,NA,NA,NA,NA,NA,NA,NA,NA,NA,NA,NA,NA,NA,NA,NA,NA,NA,NA,NA,NA,NA,NA,NA,NA,NA,NA,NA,NA,NA,NA,NA,NA,NA,NA,NA,NA,NA,NA,NA,NA,NA,NA,NA,NA,NA,NA,NA,NA,NA,35.24859446,0.410957159,0.010814251,3.362059377,1.016488949,0.309504976,0.011690581,0.06500853,0.079018712,0.093125209,0.039824048,0.544483132,0.016600327,0.201630163,0.014788154,0.085314504,0.025053288,0.025504203,0.020309501,0.045844183,3.092998382,0.781238248,0.618421242,0.149313889,2.599270094,0.027810538,0.020049037,0.003526938,0.008642962,0.01480817,0.58394891,0.023076907,0.861100215,0.386447145,0.084858883,0.065915949,0.012468489,0.034312366,0.04117113,15.32474261,0.075291336,26.72950648,7.79868019,1.117969315,2.326303068,1.274011049,1.121746341,1.164730566,0.970321379,1.028815301,1.04945138,1.064197292,0.046578565,0.167086799,0.011429228,0.019457499,-0.005324553,-1.027932951,-0.003598183,1.380184044,0.607342035,NA,NA,NA,NA,NA,NA,NA,NA,NA,NA,NA,NA,NA,NA,NA,NA,NA,NA,NA,NA,NA,NA,NA,NA,NA,NA,NA,NA,NA,NA,NA,NA,NA,NA,NA,NA,NA,NA,NA,NA,NA,NA,NA,NA,NA,NA,NA,NA,NA,NA,NA,NA,NA,NA,100,1.097530525,0.062421935,3.613089849,2.155225378,0.903405632,0.037059582,0.121501774,0.243596729,0.294257093,0.139641608,1.275035645,0.066325211,0.607167701,0.070907012,0.213825305,0.077059753,0.078604171,0.078490479,0.183299102,3.488165381,1.450850006,0.983185068,0.363315615,3.295635121,0.127994924,0.068688177,0.010101933,0.022334709,0.047264145,0.97885478,0.066372093,1.337773659,0.86960604,1.307635893,0.364106177,0.032626719,0.101114648,0.134755273,31.88560826,0.248804208,46.89693696,27.05242594,1.030840221,1.929571145,1.067992628,1.052361677,1.067052873,0.978643383,1.018379673,1.027215447,1.037634082,-0.008036833,0.83871423,0.006545593,0.007185274,-0.003412814,-1.086953943,0.016184962,1.144447438,1.128596227,NA,NA,NA,NA,NA,NA,NA,NA,NA,NA,NA,NA,NA,NA,NA,NA,NA,NA,NA,NA,NA,NA,NA,NA,NA,NA,NA,NA,NA,NA,NA,NA,NA,NA,NA,NA,NA,NA,NA,NA,NA,NA,NA,NA,NA,NA,NA,NA,NA,NA,NA,NA,NA,NAUPN94,12.3026931,0.217631104,0.006504215,0.520180975,2.534623388,0.16710112,0.008186337,0.013679834,0.035459667,0.067642678,0.042692167,0.691353128,0.012278182,0.026127576,0.010090749,0.157354804,0.00915363,0.023717721,0.027672455,0.034752304,1.880574772,1.174243338,0.764057981,0.51366666,3.276336081,0.035626339,0.010614831,0.002653919,0.007344853,0.017303954,0.34362436,0.021649172,0.69736176,0.156118851,0.21833913,0.022007042,0.02027575,0.060827251,0.064289835,7.824047896,0.082834293,19.33485544,3.211760935,0.962874871,1.513287907,1.234678058,0.655599457,0.894144137,0.937025002,0.939259538,0.988802787,0.900376622,-0.060061194,0.009648545,-0.02027575,-0.060827251,-0.032634247,-0.321673727,-0.051178706,0.734786849,-0.236135737,NA,NA,NA,NA,NA,NA,NA,NA,NA,NA,NA,NA,NA,NA,NA,NA,NA,NA,NA,NA,NA,NA,NA,NA,NA,NA,NA,NA,NA,NA,NA,NA,NA,NA,NA,NA,NA,NA,NA,NA,NA,NA,NA,NA,NA,NA,NA,NA,NA,NA,NA,NA,NA,NA,1.863718494,0.185921288,0.016569283,0.578484584,2.329889466,1.955982717,0.007895243,0.072370212,0.058487552,0.090034473,0.05292591,0.508926505,0.021280297,0.066921546,0.015898019,0.466915465,0.018271899,0.039613478,0.088647375,0.187403606,1.477489679,1.312572404,1.50251002,0.671599591,3.244569199,0.135712356,0.037467377,0.005135035,0.00888456,0.044064669,0.441004873,0.03475982,0.847529244,0.562974618,2.990738411,0.141643059,0,0,0.143266476,11.69265485,0.143266476,25.35045496,13.81730075,0.86243424,0.779160071,0.970812117,1.476000062,0.863274042,0.997384141,0.638040559,1.053480292,1.063616539,-0.741249658,0.062855918,0,0,-0.143266476,-2.490200866,-0.143266476,4.710894731,0.702126657,NA,NA,NA,NA,NA,NA,NA,NA,NA,NA,NA,NA,NA,NA,NA,NA,NA,NA,NA,NA,NA,NA,NA,NA,NA,NA,NA,NA,NA,NA,NA,NA,NA,NA,NA,NA,NA,NA,NA,NA,NA,NA,NA,NA,NA,NA,NA,NA,NA,NA,NA,NA,NA,NA,0.032216889,0.508210944,0.118392197,0.88539105,2.647551746,1.874054391,1.458774293,0.033404309,0.079506536,2.26941188,0.450146081,0.579553635,0.050316427,0.127260941,0.083413374,1.040603371,0.069490413,0.073223386,0.261574312,0.580898784,1.505145419,1.814237096,1.991801627,0.881692734,4.182924085,0.298738849,0.000107597,0.009564212,0.021764979,0.047037686,0.564117466,0.101164506,1.267318008,0.66994899,12.5,0,0,0,0,0,0,47.5,22.5,0.621289296,113.5572888,0.049364804,0.049527976,1.173429633,0.680716968,0.453538012,0.571031395,1.112227623,-12.5,0,0,0,0,10,0,-27.5,-2.5,NA,NA,NA,NA,NA,NA,NA,NA,NA,NA,NA,NA,NA,NA,NA,NA,NA,NA,NA,NA,NA,NA,NA,NA,NA,NA,NA,NA,NA,NA,NA,NA,NA,NA,NA,NA,NA,NA,NA,NA,NA,NA,NA,NA,NA,NA,NA,NA,NA,NA,NA,NA,NA,NA,0.053844409,0.314868125,0.015615304,0.412524761,2.523352054,2.151764618,0.017799869,0.570520218,2.015620099,0.259089504,0.130969719,0.574118548,0.013006065,0.118758901,0.016446109,0.670202337,0.032848459,0.03798869,0.098065028,0.152042868,2.275762137,1.841926701,1.859248001,0.737382263,4.012044052,0.172391494,0.041819086,0.000420796,0.020872182,0.034975858,0.253084893,0.05255915,1.027559201,1.024793527,3.846153846,0,0,0,0,0,0,39.23076923,35.38461538,1.455490947,0.452181676,254.1278663,3.408884186,4.126796903,2.868493553,0.004866492,1.121065612,0.760749573,6.153846154,0,0,0,0,30,0,0.769230769,-25.38461538,NA,NA,NA,NA,NA,NA,NA,NA,NA,NA,NA,NA,NA,NA,NA,NA,NA,NA,NA,NA,NA,NA,NA,NA,NA,NA,NA,NA,NA,NA,NA,NA,NA,NA,NA,NA,NA,NA,NA,NA,NA,NA,NA,NA,NA,NA,NA,NA,NA,NA,NA,NA,NA,NA,35.64961463,0.697520667,0.027522108,1.295552154,2.855304312,0.583169311,0.037096642,0.055922852,0.098687394,0.174060164,0.109406435,2.740024313,0.036706063,0.166501849,0.041981085,0.585466384,0.036078291,0.105814557,0.073896446,0.094928829,2.792936597,2.623276907,1.437140172,1.039301823,4.007105246,0.212655599,0.058815026,0.006763516,0.024474201,0.061183568,0.795150471,0.0710954,1.709070389,0.519514304,3.064454976,0.289286216,0.016124354,0.145119183,0.168829639,22.63539405,0.261767164,62.55569101,16.90765755,1.04012835,1.451369875,1.153961964,0.725163134,0.980454738,0.979240534,1.013663965,1.013013623,0.981558285,0.158522441,0.127289096,0.038688187,-0.079344133,-0.004392015,-0.633640047,-0.053479508,0.730868958,-0.639295347,NA,NA,NA,NA,NA,NA,NA,NA,NA,NA,NA,NA,NA,NA,NA,NA,NA,NA,NA,NA,NA,NA,NA,NA,NA,NA,NA,NA,NA,NA,NA,NA,NA,NA,NA,NA,NA,NA,NA,NA,NA,NA,NA,NA,NA,NA,NA,NA,NA,NA,NA,NA,NA,NA,3.244725043,1.990338804,0.190282465,1.521695098,3.677594979,1.53673757,0.092473196,0.713860753,1.076734328,0.383932306,0.187481335,3.29756118,0.152318696,0.636488936,0.12449874,1.055571637,0.083860991,0.230259154,0.26278944,0.543691335,3.510312452,3.488783887,2.20930685,1.451223639,4.990833166,0.617552553,0.142925326,0.02142635,0.040213273,0.131049126,1.30765623,0.151192399,2.161656967,1.53768402,14.15457578,1.206915485,0.095057034,0.185309742,0.36101083,42.8487598,0.460872191,75.42003541,51.53429603,0.991302448,1.595648823,0.961127575,1.172864064,1.061459334,0.940122616,0.939164204,1.067026875,0.775475885,-0.62800573,0.966997558,0.025715913,0.297782046,-0.119464937,-2.510595546,-0.340099244,5.739384875,-11.55845062,NA,NA,NA,NA,NA,NA,NA,NA,NA,NA,NA,NA,NA,NA,NA,NA,NA,NA,NA,NA,NA,NA,NA,NA,NA,NA,NA,NA,NA,NA,NA,NA,NA,NA,NA,NA,NA,NA,NA,NA,NA,NA,NA,NA,NA,NA,NA,NA,NA,NA,NA,NA,NA,NA,11.11428475,1.572774535,0.101678335,3.139539599,3.119754592,1.96372236,0.065375708,0.165348288,0.39115309,0.109089992,0.142766762,2.986340143,0.1206107,0.592836819,0.123314539,1.130814364,0.097791774,0.202439709,0.228392544,0.512598675,3.45219742,3.25275089,2.027922246,1.27634103,4.52477172,0.43782274,0.136290747,0.016181333,0.049043781,0.114405758,1.043802274,0.11919915,1.949713069,1.680042689,8.851726777,1.072294169,0.132466115,0.212367844,0.281718076,31.54486607,0.552981205,70.02362432,57.31158061,0.99478499,1.301265961,0.864466055,1.056210191,1.001620971,0.981626718,0.970435308,1.03451225,0.935265604,0.486936014,0.744566297,-0.096128906,0.114667039,-0.027357611,0.577226954,-0.116934693,1.706026844,-3.823208513,NA,NA,NA,NA,NA,NA,NA,NA,NA,NA,NA,NA,NA,NA,NA,NA,NA,NA,NA,NA,NA,NA,NA,NA,NA,NA,NA,NA,NA,NA,NA,NA,NA,NA,NA,NA,NA,NA,NA,NA,NA,NA,NA,NA,NA,NA,NA,NA,NA,NA,NA,NA,NA,NA,6.630227114,2.809005496,0.500054429,3.089229413,3.420668552,1.675762041,0.113926975,0.111253075,0.558482525,2.629236141,0.333664771,3.227450081,0.335125562,1.621850659,0.35808166,1.685146092,0.152226798,0.303026909,0.382186901,1.071693441,3.874926878,3.963820746,1.871068598,1.210314034,5.629574042,0.651220868,0.19051161,0.027242951,0.064568129,0.115565044,1.750963816,0.196740288,2.326650143,2.523960034,15.85289475,2.49655139,0.072577381,0.367097342,0.398122988,62.27294569,0.763115112,78.94890163,80.98317352,0.943895442,1.101704789,0.908153243,0.987148468,1.201503866,0.982327834,0.970219663,1.01111151,0.981858684,-1.257965873,0.904809154,-0.072577381,0.12764601,0.220306202,-0.430026703,0.35005743,2.621908513,-1.329493867,NA,NA,NA,NA,NA,NA,NA,NA,NA,NA,NA,NA,NA,NA,NA,NA,NA,NA,NA,NA,NA,NA,NA,NA,NA,NA,NA,NA,NA,NA,NA,NA,NA,NA,NA,NA,NA,NA,NA,NA,NA,NA,NA,NA,NA,NA,NA,NA,NA,NA,NA,NA,NA,NA,0.028570659,2.458374746,0.06804191,3.715337747,0.617688487,3.594149078,0.038903937,0.433371654,0.290597653,0.927850075,0.097748987,0.335445681,0.034823202,0.25773161,0.070711186,0.544662314,0.06013869,0.123174356,0.192328923,0.832940783,3.425455368,3.166009283,2.095341575,0.653694935,4.375407801,0.028079569,0.052477942,0.003887375,0.004717167,0.053571137,0.521206309,0.045381647,1.093157973,1.240037829,0,0,0,0,0,10,0,20,38.33333333,7.550952901,1.924205491,0.174470195,3.789163026,0.28224138,1.286596894,2.760639523,0.925696172,1.005837595,0,0,0,0,0,17.27272727,0,7.272727273,-1.96969697,NA,NA,NA,NA,NA,NA,NA,NA,NA,NA,NA,NA,NA,NA,NA,NA,NA,NA,NA,NA,NA,NA,NA,NA,NA,NA,NA,NA,NA,NA,NA,NA,NA,NA,NA,NA,NA,NA,NA,NA,NA,NA,NA,NA,NA,NA,NA,NA,NA,NA,NA,NA,NA,NA,0.00436537,3.612778078,2.778061485,2.680835742,1.573799865,3.873925685,0.461286172,0.001744978,1.178161133,1.99807666,0.485126244,0.718132423,1.200752347,0.527520205,0.550019289,1.757707942,0.053362212,0.292514373,0.001712128,3.76231089,2.502831524,3.840595729,2.05533346,0.31956378,6.167608752,0.086675505,0.023230804,0.001645039,0.043356379,0.493228182,1.567071367,0.000930954,1.214656004,1.891349629,0,0,0,0,0,50,0,50,50,NA,NA,NA,NA,NA,NA,NA,NA,NA,NA,NA,NA,NA,NA,NA,NA,NA,NA,NA,NA,NA,NA,NA,NA,NA,NA,NA,NA,NA,NA,NA,NA,NA,NA,NA,NA,NA,NA,NA,NA,NA,NA,NA,NA,NA,NA,NA,NA,NA,NA,NA,NA,NA,NA,NA,NA,NA,NA,NA,NA,NA,NA,NA,NA,NA,NA,NA,NA,NA,NA,NA,NA,0.005738456,3.017517615,1.701565616,2.350410526,2.525237683,3.726506769,0.022427222,0.294119347,0.149893023,6.180873117,4.376010358,1.851604503,0.582151898,1.483984913,0.835611354,1.528090307,0.001960689,0.159621625,1.080489046,3.18318362,3.071315733,3.739918814,1.547559433,0.565077022,5.958275101,0.296869727,0.068126898,0.000987807,0.00026329,0.024637798,0.23696683,0.014252004,0.474348092,1.821170761,0,0,0,0,0,0,0,0,50,1.09637894,3.117941842,0.0330825,6.12302176,0.854239347,6.375849735,10.38084894,3.60973462,0.798375015,0,0,0,0,0,50,0,50,0,NA,NA,NA,NA,NA,NA,NA,NA,NA,NA,NA,NA,NA,NA,NA,NA,NA,NA,NA,NA,NA,NA,NA,NA,NA,NA,NA,NA,NA,NA,NA,NA,NA,NA,NA,NA,NA,NA,NA,NA,NA,NA,NA,NA,NA,NA,NA,NA,NA,NA,NA,NA,NA,NA,0.619132168,1.977532946,1.207547213,0.988316031,1.184818288,0.603815906,0.020530263,0.026137976,0.151022175,4.137007074,2.310050703,0.72371428,0.4018463,0.261463302,0.403435294,0.381954892,0.029420491,0.063722777,0.166149385,1.615183181,1.534081523,2.328062899,0.687777649,0.415098231,4.784139125,0.140005537,0.078801757,0.02128208,0.024103091,0.081264823,1.519183777,0.153931691,0.911460588,0.988061277,1.458885942,1.803713528,0.344827586,0,0.384615385,55.1193634,1.074270557,24.8806366,30.21220159,1.466761101,0.526129179,1.09428574,0.187513624,0.715632296,0.987034716,1.000389498,1.084235081,0.922054854,0.831190394,-1.803713528,-0.344827586,0,-0.384615385,-3.974325227,0.452447,3.363638204,-1.967926782,NA,NA,NA,NA,NA,NA,NA,NA,NA,NA,NA,NA,NA,NA,NA,NA,NA,NA,NA,NA,NA,NA,NA,NA,NA,NA,NA,NA,NA,NA,NA,NA,NA,NA,NA,NA,NA,NA,NA,NA,NA,NA,NA,NA,NA,NA,NA,NA,NA,NA,NA,NA,NA,NA,1.1219159,0.116949065,0.02614584,0.118616888,0.099934325,3.402762912,0.009905217,0.020014209,0.032940891,0.441667394,0.166063989,0.066921107,0.012906583,0.053019294,0.011156365,0.143355976,0.012073783,0.030342923,0.060272478,1.237757185,0.258261184,0.317318518,3.935817402,0.304120767,0.817863974,0.071943088,0.020681285,0.007408415,0.014727225,0.127936852,0.171791462,0.013537018,0.48750509,0.574486104,1.396436381,0.23923445,0,0,0.226244344,2.340384074,0.23923445,10.99720713,15.3867804,0.76871674,0.915779966,0.798902926,0.842049079,1.063936534,0.858116911,1.626835259,1.01048323,1.03323196,-0.351140214,-0.23923445,0,0,1.167483879,0.098640316,-0.23923445,-0.195813399,1.337958274,NA,NA,NA,NA,NA,NA,NA,NA,NA,NA,NA,NA,NA,NA,NA,NA,NA,NA,NA,NA,NA,NA,NA,NA,NA,NA,NA,NA,NA,NA,NA,NA,NA,NA,NA,NA,NA,NA,NA,NA,NA,NA,NA,NA,NA,NA,NA,NA,NA,NA,NA,NA,NA,NA,2.505640333,0.314448527,0.032879759,3.149658541,2.190139914,1.722601787,0.046770701,0.064238863,0.098635396,0.263170234,0.17693175,0.722149921,0.043680486,0.093248744,0.0500411,0.688218262,0.044398942,0.061932509,0.059037756,0.164145521,2.686126362,1.75892753,1.189061482,0.957490012,3.476602374,0.055056337,0.029425839,0.012816583,0.017886941,0.045679039,0.360039529,0.045860755,0.744193111,0.714205674,0.338501292,0,0.227390181,0.227390181,0.338501292,7.49870801,0.11627907,24.32041344,21.7881137,0.820515034,0.956153771,0.510757666,0.843799836,0.722670342,1.033880344,0.566503238,0.969030826,0.974278105,-0.338501292,0.161812298,-0.227390181,-0.227390181,-0.176688994,0.430094579,-0.11627907,-2.152128647,-1.885201074,NA,NA,NA,NA,NA,NA,NA,NA,NA,NA,NA,NA,NA,NA,NA,NA,NA,NA,NA,NA,NA,NA,NA,NA,NA,NA,NA,NA,NA,NA,NA,NA,NA,NA,NA,NA,NA,NA,NA,NA,NA,NA,NA,NA,NA,NA,NA,NA,NA,NA,NA,NA,NA,NA,24.79082244,0.072888926,0.005575975,0.853731656,0.564200436,0.286387164,0.007637536,0.017953273,0.028801719,0.071580064,0.027387499,0.490181724,0.007458894,0.019871386,0.008097856,0.183176708,0.008137655,0.018852667,0.018769859,0.074531529,1.279272323,0.992372175,0.72175181,0.277590747,2.347472509,0.021610074,0.009696824,0.002354738,0.006379802,0.011441439,0.255954568,0.011007181,0.524120839,0.162913917,0.07090573,0.026302358,0.008658009,0.04427504,0.070249066,6.011676797,0.02663069,13.28127013,2.902987978,1.179660095,1.294946751,1.662819487,1.051809725,1.434990775,0.980903796,1.21767437,1.134717653,1.143212487,0.03900451,0.028652762,0.009660365,0.01068008,0.076297921,-0.552801545,0.010006056,2.967127011,0.614139701,NA,NA,NA,NA,NA,NA,NA,NA,NA,NA,NA,NA,NA,NA,NA,NA,NA,NA,NA,NA,NA,NA,NA,NA,NA,NA,NA,NA,NA,NA,NA,NA,NA,NA,NA,NA,NA,NA,NA,NA,NA,NA,NA,NA,NA,NA,NA,NA,NA,NA,NA,NA,NA,NA,100,0.745865675,0.071989037,1.438497347,2.273954094,0.802423512,0.036074039,0.078966212,0.168186889,0.328256572,0.118623923,1.871454549,0.061287593,0.266930948,0.064116539,0.575869789,0.041535388,0.09847636,0.09849048,0.233822038,2.408180573,2.152392858,1.314302534,0.815656799,3.642629981,0.192771253,0.05658548,0.008001962,0.02224673,0.052524203,0.670306939,0.062246004,1.258689148,0.667105216,3.543405178,0.443215015,0.039081242,0.125135749,0.165016434,19.67014443,0.248755995,42.56737678,20.82521777,1.080724779,1.413264071,1.077211821,0.961869055,1.110504495,1.024828075,1.047049789,1.092210466,1.008759086,0.244195329,0.238389817,-0.006429513,0.001389699,0.030893937,0.500460854,-0.024275362,4.883747665,0.202495385,NA,NA,NA,NA,NA,NA,NA,NA,NA,NA,NA,NA,NA,NA,NA,NA,NA,NA,NA,NA,NA,NA,NA,NA,NA,NA,NA,NA,NA,NA,NA,NA,NA,NA,NA,NA,NA,NA,NA,NA,NA,NA,NA,NA,NA,NA,NA,NA,NA,NA,NA,NA,NA,NAUPN95,0.299743555,0.389405572,0.00453549,0.696545261,2.450882503,0.246722405,0.03152653,0.001076682,0.000708086,0.074399094,0.051590556,0.27964971,0.008597617,0.025970182,0.012110116,0.328712328,0.008070612,0.057907001,0.090057237,0.077184531,0.302277016,0.758159672,0.97625002,0.418458684,3.173630007,0.165466226,0.055039856,0.000963413,0.000578606,0.02125215,0.60707129,0.003569904,0.219996575,0.148559639,0,0,0,0,0,10,0,0,0,0.000647597,0.002073671,0.788863002,1.045476428,0.037909677,0.740839763,9.553514084,2.014638196,1.810900329,0,0,0,0,0,-10,0,0,0,NA,NA,NA,NA,NA,NA,NA,NA,NA,NA,NA,NA,NA,NA,NA,NA,NA,NA,NA,NA,NA,NA,NA,NA,NA,NA,NA,NA,NA,NA,NA,NA,NA,NA,NA,NA,NA,NA,NA,NA,NA,NA,NA,NA,NA,NA,NA,NA,NA,NA,NA,NA,NA,NA,0.489162478,0.1512541,0.00201215,0.370108182,1.945818339,1.953005211,0.029344418,0.008844222,0.045059676,0.231800617,0.182187685,0.294763379,0.003019082,0.028269744,0.01340888,0.486671868,0.067176756,0.261570634,0.037451432,0.073850233,0.236408777,0.195479026,2.022724512,0.649016469,3.747989465,0.000226212,0.000257579,0.001540709,0.000599257,0.025082879,0.491372499,0.005108678,0.165024403,0.434647873,0,0,0,0,0,10,0,0,10,0.959407472,0.693149476,0.660047384,68.53837447,0.004926676,2.456579411,0.178094171,0.398705538,0.604524611,0,0,0,0,0,23.33333333,0,0,-10,NA,NA,NA,NA,NA,NA,NA,NA,NA,NA,NA,NA,NA,NA,NA,NA,NA,NA,NA,NA,NA,NA,NA,NA,NA,NA,NA,NA,NA,NA,NA,NA,NA,NA,NA,NA,NA,NA,NA,NA,NA,NA,NA,NA,NA,NA,NA,NA,NA,NA,NA,NA,NA,NA,0.096385575,0.343167981,0.024363845,0.170882295,0.125980149,0.509516272,7.687124798,0.017793512,0.104084516,0.729574675,0.174694305,0.061738064,0.022507692,0.006387671,0.084106779,0.214726059,0.606372904,1.023799517,0.100694402,0.183602301,0.078993618,0.014790288,0.710448364,0.191344511,0.500160554,0.165624352,0.081882234,0.006946802,0.030559338,0.001096554,0.000256511,0.001400113,0.000733503,0.000280235,0,0,0,0,0,0,0,0,0,0.005392782,0.01945019,0.001616346,7.402955048,2.819034419,0.257668009,0.04363143,111.5259661,654.7509385,0,0,0,0,0,0,0,0,0,NA,NA,NA,NA,NA,NA,NA,NA,NA,NA,NA,NA,NA,NA,NA,NA,NA,NA,NA,NA,NA,NA,NA,NA,NA,NA,NA,NA,NA,NA,NA,NA,NA,NA,NA,NA,NA,NA,NA,NA,NA,NA,NA,NA,NA,NA,NA,NA,NA,NA,NA,NA,NA,NA,0.374370078,0.025000739,0.017602618,0.477722698,0.526177856,1.867526792,0.243158173,0.329199699,3.269099301,0.472906053,0.153625105,0.133480995,0.000525567,0.082959184,0.025707694,0.56719293,0.048048548,0.217451691,0.036830941,0.106176069,0.589088669,0.104971077,1.399354136,0.513532588,3.054361161,0.000478875,0.131805198,0.000718205,0.073119925,0.043487244,0.118232503,0.032796567,0.109972511,0.354043412,0,0,0,0,0,0,0,0,12.5,6.579951909,0.000613441,45.20924974,0.01138729,0.004089528,2.263291548,0.006985367,1.370815732,0.328913122,0,0,0,0,0,9.090909091,0,9.090909091,-12.5,NA,NA,NA,NA,NA,NA,NA,NA,NA,NA,NA,NA,NA,NA,NA,NA,NA,NA,NA,NA,NA,NA,NA,NA,NA,NA,NA,NA,NA,NA,NA,NA,NA,NA,NA,NA,NA,NA,NA,NA,NA,NA,NA,NA,NA,NA,NA,NA,NA,NA,NA,NA,NA,NA,1.661224729,0.152452806,0.082852517,0.850040545,0.520204172,1.557790194,0.202826234,0.143947462,0.206138582,0.768894096,0.373206893,2.429096869,0.020926587,0.048057752,0.005742032,0.614352663,0.052072084,0.717046748,0.053526628,0.176363808,0.374493948,0.744453498,0.676374844,0.450565095,3.064963739,0.03168599,0.083322309,0.009712284,0.049882944,0.0201295,0.631129467,0.066370569,0.317064965,0.500048359,0,1.315789474,0,0,0,14.33873144,0,5.229419703,7.827260459,0.251428758,0.919882362,0.142291206,0.610089673,4.207390286,0.723615058,0.773235371,0.556909924,1.075400695,0,0.725026853,0,0,0,-6.175466138,0,-5.229419703,4.4176375,NA,NA,NA,NA,NA,NA,NA,NA,NA,NA,NA,NA,NA,NA,NA,NA,NA,NA,NA,NA,NA,NA,NA,NA,NA,NA,NA,NA,NA,NA,NA,NA,NA,NA,NA,NA,NA,NA,NA,NA,NA,NA,NA,NA,NA,NA,NA,NA,NA,NA,NA,NA,NA,NA,1.216105351,0.174861167,0.033971447,1.179309295,0.518318489,1.900409864,0.255793785,1.778382864,2.307174814,0.316064246,0.147916624,1.948354321,0.029866385,0.034125432,0.008773538,0.691569517,0.033307297,0.419542167,0.013335516,0.104131292,0.884197032,0.789170797,0.796118501,0.576771115,3.27791603,0.01021593,0.028145815,0.000278932,0.064612703,0.004928054,0.315885248,0.014937946,0.123096084,0.435535035,0,0,0,1.666666667,0,6.896551724,0,1.724137931,10.11494253,0.550753366,0.693328016,2.560574258,0.320585271,1.890407235,1.680330446,6.918831174,1.268440429,0.913883351,0,0,0,-1.666666667,0,3.629764065,2.631578947,6.170598911,-7.483363581,NA,NA,NA,NA,NA,NA,NA,NA,NA,NA,NA,NA,NA,NA,NA,NA,NA,NA,NA,NA,NA,NA,NA,NA,NA,NA,NA,NA,NA,NA,NA,NA,NA,NA,NA,NA,NA,NA,NA,NA,NA,NA,NA,NA,NA,NA,NA,NA,NA,NA,NA,NA,NA,NA,3.328766071,0.372431937,0.021771553,3.449221078,0.74048602,2.425372541,0.055228441,1.246340602,1.591919129,0.114352414,0.161506541,2.262095659,0.025546158,0.03475164,0.038908493,0.890351376,0.066331555,0.346534249,0.027685417,0.11559233,1.488406178,1.309821541,0.741091987,0.985216113,3.810982148,0.015555575,0.057282447,0.023712838,0.059580194,0.026456344,0.640737802,0.076890289,0.434035426,0.676709459,0,0.714285714,0.675675676,0.675675676,0,13.8996139,1.38996139,12.62548263,19.26640927,2.372604615,0.277123734,1.492855355,0.649683538,1.204504282,1.030619789,0.557051628,0.99396045,1.005755008,0,-0.714285714,-0.675675676,0.276705277,0,1.338481338,-1.38996139,-1.196911197,2.638352638,NA,NA,NA,NA,NA,NA,NA,NA,NA,NA,NA,NA,NA,NA,NA,NA,NA,NA,NA,NA,NA,NA,NA,NA,NA,NA,NA,NA,NA,NA,NA,NA,NA,NA,NA,NA,NA,NA,NA,NA,NA,NA,NA,NA,NA,NA,NA,NA,NA,NA,NA,NA,NA,NA,1.633668764,0.72854588,0.0757452,3.707002194,1.012456012,2.631372447,0.210985199,1.882802945,2.605233969,1.457373057,0.363303623,1.847665323,0.069281258,0.072975525,0.028626343,0.885582975,0.222954843,0.405275697,0.027510476,0.198345837,1.832396943,1.322896098,1.091227485,1.20776119,4.027948656,0.02792426,0.058474437,0.062283494,0.062706968,0.064611217,0.577156048,0.091155225,0.343402442,0.929538935,0,0,0,1.086956522,1.086956522,17.06815511,0,5.963572268,29.25969448,0.118161124,0.789659068,0.765946365,1.513126112,0.439823018,0.825105618,1.335037284,1.144606796,0.962730695,0,0,1.886792453,-1.086956522,-1.086956522,-5.747400395,1.886792453,3.470389996,-0.957807685,NA,NA,NA,NA,NA,NA,NA,NA,NA,NA,NA,NA,NA,NA,NA,NA,NA,NA,NA,NA,NA,NA,NA,NA,NA,NA,NA,NA,NA,NA,NA,NA,NA,NA,NA,NA,NA,NA,NA,NA,NA,NA,NA,NA,NA,NA,NA,NA,NA,NA,NA,NA,NA,NA,1.05354553,2.131038005,0.054184442,4.659916534,0.010112583,3.955507074,0.035137651,0.252749938,0.448485887,1.651103297,0.223131948,0.459764951,0.024537004,0.024781845,0.065734905,2.493318729,0.357046836,0.025635353,0.037022053,0.192345883,0.443967427,1.40996667,1.539410837,1.02448783,4.36295768,NA,NA,NA,NA,NA,NA,NA,NA,NA,NA,NA,NA,NA,NA,NA,NA,NA,NA,NA,NA,NA,NA,NA,NA,NA,NA,NA,NA,NA,NA,NA,NA,NA,NA,NA,NA,NA,NA,NA,NA,NA,NA,NA,NA,NA,NA,NA,NA,NA,NA,NA,NA,NA,NA,NA,NA,NA,NA,NA,NA,NA,NA,NA,NA,NA,NA,NA,NA,NA,NA,NA,NA,NA,NA,NA,NA,NA,NA,NA,NA,NA,NA,NA,NA,NA,NA,NA,NA,NA,NA,0.16491508,0.890313437,2.360206789,4.066071376,1.175942451,4.904347892,0.076580389,0.319190662,0.284955114,2.926651145,1.897473039,0.019925094,1.052089282,0.03545829,0.088217276,1.492868982,0.042149513,0.05382526,0.045317215,0.738370331,0.14031942,1.16932826,3.021868619,0.206541651,4.888859956,0.002994873,0.000575281,0.000954783,0.001635659,7.16E-05,0.44363728,0.000527216,0.004255753,0.000370698,0,0,0,0,0,0,0,0,0,NA,NA,NA,NA,NA,NA,NA,NA,NA,NA,NA,NA,NA,NA,NA,NA,NA,NA,NA,NA,NA,NA,NA,NA,NA,NA,NA,NA,NA,NA,NA,NA,NA,NA,NA,NA,NA,NA,NA,NA,NA,NA,NA,NA,NA,NA,NA,NA,NA,NA,NA,NA,NA,NA,NA,NA,NA,NA,NA,NA,NA,NA,NA,NA,NA,NA,NA,NA,NA,NA,NA,NA,0.619378924,1.574901104,2.279232984,2.480874315,0.130774082,4.330826976,0.040688022,0.014845149,0.06303968,6.204649853,4.428155453,0.014529809,0.154609047,0.038263055,1.094271601,0.064829958,0.020721088,0.043113194,0.247182075,1.898410925,0.06808481,1.214930406,0.392421256,0.173698725,4.024323729,NA,NA,NA,NA,NA,NA,NA,NA,NA,NA,NA,NA,NA,NA,NA,NA,NA,NA,NA,NA,NA,NA,NA,NA,NA,NA,NA,NA,NA,NA,NA,NA,NA,NA,NA,NA,NA,NA,NA,NA,NA,NA,NA,NA,NA,NA,NA,NA,NA,NA,NA,NA,NA,NA,NA,NA,NA,NA,NA,NA,NA,NA,NA,NA,NA,NA,NA,NA,NA,NA,NA,NA,NA,NA,NA,NA,NA,NA,NA,NA,NA,NA,NA,NA,NA,NA,NA,NA,NA,NA,10.82396356,1.328860427,0.624132277,0.387560477,0.079048928,0.858065771,0.334640882,0.109025,0.261777972,3.905298006,1.966534474,0.424645674,0.176406238,0.063491729,0.133189285,0.427020351,0.055059441,0.633832046,0.109445811,0.77618727,0.071722471,0.630206938,0.195006431,0.201861014,2.325297304,0.021898352,0.27483478,0.00133498,0.165049827,0.050298922,0.707137638,0.058526693,0.310610021,0.322071887,0,2.173913043,0,2.938808374,0,18.43800322,0,5.877616747,4.790660225,0.628630173,0.892653497,5.680832356,0.909020588,2.535342801,0.806148673,1.158840868,1.031765008,0.984407435,0,-0.21312873,0,-2.938808374,3.921568627,-4.712513025,0,-3.916832433,-2.829875912,NA,NA,NA,NA,NA,NA,NA,NA,NA,NA,NA,NA,NA,NA,NA,NA,NA,NA,NA,NA,NA,NA,NA,NA,NA,NA,NA,NA,NA,NA,NA,NA,NA,NA,NA,NA,NA,NA,NA,NA,NA,NA,NA,NA,NA,NA,NA,NA,NA,NA,NA,NA,NA,NA,6.818303375,0.127016215,0.13814633,0.224420945,0.03118316,3.04233754,0.422745583,0.034484492,0.06342699,1.733130948,0.796126615,0.247007815,0.041434721,0.040190914,0.021023061,0.245292548,0.034498767,0.408952437,0.094686551,0.475700054,0.085593125,0.215912267,1.843538497,0.440943257,1.456363756,0.008986556,0.063349149,0.025411408,0.117065915,0.081580275,0.337258098,0.025302145,0.19665639,0.316269946,0,0,0,2.380952381,0,5,0,1.666666667,6.666666667,2.403353011,3.519853461,0.014530415,0.589952518,0.725213455,1.394480833,1.223636513,1.71918855,0.37405073,0,8.695652174,0,-2.380952381,0,16.73913043,0,2.68115942,-6.666666667,NA,NA,NA,NA,NA,NA,NA,NA,NA,NA,NA,NA,NA,NA,NA,NA,NA,NA,NA,NA,NA,NA,NA,NA,NA,NA,NA,NA,NA,NA,NA,NA,NA,NA,NA,NA,NA,NA,NA,NA,NA,NA,NA,NA,NA,NA,NA,NA,NA,NA,NA,NA,NA,NA,3.498668032,0.209684656,0.024535537,3.455803642,0.611193339,2.78897551,0.23433321,0.126969044,0.249030735,1.422415933,0.463146482,0.298525808,0.034520317,0.022912367,0.033034819,0.476938451,0.054337647,0.22090103,0.018004377,0.343075924,0.82666088,0.663830017,1.226577612,0.921170979,3.017571037,0.014771486,0.025741358,0.023910184,0.038056486,0.031002564,0.300521745,0.039867715,0.162916037,0.363090149,0,0,0,0,0,6.039035591,0.746268657,3.008036739,7.554535017,0.929601938,1.965629515,0.150727862,1.051587167,1.981445628,1.46139796,1.074423147,1.484763201,1.308040813,0,1.492537313,0,0,1.492537313,4.408725603,-0.746268657,-0.022962113,4.38576349,NA,NA,NA,NA,NA,NA,NA,NA,NA,NA,NA,NA,NA,NA,NA,NA,NA,NA,NA,NA,NA,NA,NA,NA,NA,NA,NA,NA,NA,NA,NA,NA,NA,NA,NA,NA,NA,NA,NA,NA,NA,NA,NA,NA,NA,NA,NA,NA,NA,NA,NA,NA,NA,NA,67.90421673,0.076710445,0.026546473,0.780115748,0.076031041,0.481075232,0.065556501,0.052670567,0.081505949,0.678362241,0.20198117,0.176211088,0.008781083,0.015084535,0.006284343,0.445516547,0.014933774,0.21909165,0.026724588,0.248009626,0.157176565,0.167121795,0.830602774,0.346233123,1.908370926,0.004661816,0.032732626,0.008581757,0.027029251,0.015477258,0.351025178,0.025041401,0.095885803,0.143865321,0.067521945,0.305942815,0.103376981,0.137835975,0.170200905,6.411978793,0.272181843,1.296877378,1.467776304,1.112192224,1.050020839,0.847148238,0.808012827,1.137060717,1.097224713,1.03580544,1.043006595,1.041168202,-0.067521945,-0.016925474,0.012229955,0.035574429,-0.054593968,0.58224086,-0.04096797,0.090405859,0.208524274,NA,NA,NA,NA,NA,NA,NA,NA,NA,NA,NA,NA,NA,NA,NA,NA,NA,NA,NA,NA,NA,NA,NA,NA,NA,NA,NA,NA,NA,NA,NA,NA,NA,NA,NA,NA,NA,NA,NA,NA,NA,NA,NA,NA,NA,NA,NA,NA,NA,NA,NA,NA,NA,NA,100,0.327978947,0.146912844,1.031701029,0.167775819,0.949088015,0.101296235,0.152648473,0.260829033,1.247588916,0.50538818,0.316385255,0.052532512,0.022809742,0.04753206,0.46633719,0.025237716,0.255068911,0.039114509,0.39202741,0.275621652,0.397976373,0.741847951,0.413720946,2.382501698,0.007751398,0.042151802,0.010929939,0.035649897,0.019569426,0.381349564,0.030751638,0.130350773,0.212240846,0.054585153,0.359587361,0.112359551,0.305799519,0.165350081,7.423642118,0.303407585,2.129434277,3.546072322,0.952241419,0.9886433,0.850892038,0.808903252,1.237423331,1.081307396,1.056675374,1.070586444,1.044566003,-0.054585153,0.108139487,0.027958504,-0.11870878,0.068513343,0.62125966,-0.022771477,0.162427276,0.336060512,NA,NA,NA,NA,NA,NA,NA,NA,NA,NA,NA,NA,NA,NA,NA,NA,NA,NA,NA,NA,NA,NA,NA,NA,NA,NA,NA,NA,NA,NA,NA,NA,NA,NA,NA,NA,NA,NA,NA,NA,NA,NA,NA,NA,NA,NA,NA,NA,NA,NA,NA,NA,NA,NAUPN95-Rx,1.096205903,0.142310608,0.013286032,0.424399731,2.342015979,0.351039691,0.00502531,0.01902956,0.015406502,0.094989739,0.053083611,0.277191017,0.008130428,0.015311562,0.003524964,0.129966722,0.008155776,0.026903685,0.06283591,0.066772521,1.190044749,0.403171097,1.552773646,0.213570125,3.159113227,0.016400938,0.00013527,0.001624296,0.001609396,0.000255614,0.054130883,0.013167087,0.26911935,0.144485403,0,0,0,0,0,0,0,0,2,0.896913189,3.493043129,0.28839191,1.75246832,143.308169,5.694304274,3.252810775,0.708128933,1.57779371,0,0,0,0,0,4.166666667,0,0,-2,NA,NA,NA,NA,NA,NA,NA,NA,NA,NA,NA,NA,NA,NA,NA,NA,NA,NA,NA,NA,NA,NA,NA,NA,NA,NA,NA,NA,NA,NA,NA,NA,NA,NA,NA,NA,NA,NA,NA,NA,NA,NA,NA,NA,NA,NA,NA,NA,NA,NA,NA,NA,NA,NA,0.494930695,0.175579368,0.013332673,0.345722541,1.785493386,2.528375156,0.013777031,0.030079075,0.063076673,0.098728587,0.139616749,0.239228182,0.01270907,0.061501128,0.008181375,0.294842404,0.017424313,0.102388421,0.10070784,0.12531596,1.074653585,0.421566351,2.645610449,0.531919662,3.925064708,0.170025074,0.030970096,0.008331889,0.015662654,0.057479847,0.13655728,0.047193056,0.415727489,0.987199298,3.179895901,0.431034483,0,0,0,1.805465192,0.943396226,10.32042941,34.49089135,0.60319729,0.496178318,0.145476487,2.226749602,0.67141256,0.901350631,0.411948435,0.82518088,0.96690385,-1.540551639,-0.431034483,0,0,0,-1.805465192,-0.943396226,-0.484363834,-4.982694625,NA,NA,NA,NA,NA,NA,NA,NA,NA,NA,NA,NA,NA,NA,NA,NA,NA,NA,NA,NA,NA,NA,NA,NA,NA,NA,NA,NA,NA,NA,NA,NA,NA,NA,NA,NA,NA,NA,NA,NA,NA,NA,NA,NA,NA,NA,NA,NA,NA,NA,NA,NA,NA,NA,0.025969092,0.336297303,0.007007809,0.277101816,1.506173503,0.941905853,4.172497924,0.031951298,0.042893499,1.427945147,0.292183829,0.188904313,0.005742253,0.032274323,0.048121101,0.495518674,0.173438135,0.487242721,0.038181206,0.649537708,0.696977714,0.448962195,1.122344724,0.492231748,3.464883389,0.030431191,0.000356298,0.000753184,0.00065151,0.078758173,0.086645978,0.000701895,0.217174551,0.376189594,0,0,0,0,0,0,0,0,16.66666667,9.189089449,177.4389851,2.386176785,0.289867181,0.436680509,5.340356862,3.949161503,4.174705231,2.416064906,0,0,0,0,0,33.33333333,0,33.33333333,16.66666667,NA,NA,NA,NA,NA,NA,NA,NA,NA,NA,NA,NA,NA,NA,NA,NA,NA,NA,NA,NA,NA,NA,NA,NA,NA,NA,NA,NA,NA,NA,NA,NA,NA,NA,NA,NA,NA,NA,NA,NA,NA,NA,NA,NA,NA,NA,NA,NA,NA,NA,NA,NA,NA,NA,0.114268192,0.149291202,0.018066805,0.217942903,0.890325935,2.409713553,0.024939068,0.043562006,2.872653032,0.188014107,0.185583665,0.249716809,0.005550339,0.098778072,0.014508151,0.407480912,0.023790504,0.20519534,0.122562927,0.305941775,1.105024161,0.448958284,3.494979194,0.556722184,3.713535222,0.250387624,0.049095871,0.000186235,0.066969856,0.018738837,0.163812557,0.112790546,0.541049682,1.275715067,0,0,0,0,0,0,0,5.882352941,41.91176471,1.077455595,1.257489193,1.006644343,1.157099138,3.800584263,1.003562258,0.801975183,0.960171064,1.042324089,8,4,0,0,0,0,0,10.11764706,10.08823529,NA,NA,NA,NA,NA,NA,NA,NA,NA,NA,NA,NA,NA,NA,NA,NA,NA,NA,NA,NA,NA,NA,NA,NA,NA,NA,NA,NA,NA,NA,NA,NA,NA,NA,NA,NA,NA,NA,NA,NA,NA,NA,NA,NA,NA,NA,NA,NA,NA,NA,NA,NA,NA,NA,5.563840943,0.283130968,0.021892467,1.000255941,0.845774342,1.956420455,0.065366771,0.152836607,0.106381396,0.14551834,0.114953683,2.482444518,0.035782927,0.046229626,0.021154054,0.367456245,0.02111189,0.192469121,0.104249662,0.190696086,1.338627924,0.961041626,1.264691906,0.368124692,3.667500752,0.035029623,0.050190883,0.007843349,0.00610938,0.039650832,0.158603436,0.026307215,0.159247776,0.693436821,0,1.020408163,0,0,0,3.203607024,0,4.508780256,16.72994779,1.467369571,1.280159486,0.028019139,0.141749379,0.38475541,1.936054286,0.543266554,0.432384288,0.753602663,0,0.831443689,0,0,0,0.500096679,0,-4.508780256,-3.76698483,NA,NA,NA,NA,NA,NA,NA,NA,NA,NA,NA,NA,NA,NA,NA,NA,NA,NA,NA,NA,NA,NA,NA,NA,NA,NA,NA,NA,NA,NA,NA,NA,NA,NA,NA,NA,NA,NA,NA,NA,NA,NA,NA,NA,NA,NA,NA,NA,NA,NA,NA,NA,NA,NA,0.156296086,0.744870163,0.080549854,1.282520367,1.155664824,2.762831334,0.454108128,1.203140639,1.25205394,0.162093184,0.164044663,2.68181392,0.076774606,0.132402814,0.045455571,0.809828175,0.054861897,0.164267407,0.138884214,0.094417657,1.563324981,1.463662684,1.619345013,0.519443918,3.868839604,0.190083579,0.022379576,0.000287484,0.053578512,0.071469932,0.146912289,0.087643482,0.189515958,1.474377694,0,0,0,0,0,0,0,3.846153846,51.92307692,0.756358767,4.17927181,2.220649912,0.42506067,2.20649361,1.62150125,0.201860587,1.096589488,0.470156521,0,0,0,0,0,7.142857143,0,3.296703297,-30.49450549,NA,NA,NA,NA,NA,NA,NA,NA,NA,NA,NA,NA,NA,NA,NA,NA,NA,NA,NA,NA,NA,NA,NA,NA,NA,NA,NA,NA,NA,NA,NA,NA,NA,NA,NA,NA,NA,NA,NA,NA,NA,NA,NA,NA,NA,NA,NA,NA,NA,NA,NA,NA,NA,NA,6.540793931,0.56876452,0.023109639,3.215182166,1.067204868,2.628631854,0.059508159,0.79277589,0.553883586,0.069835261,0.125362313,2.802214441,0.028388471,0.059564185,0.031794353,0.636161784,0.07337464,0.144754223,0.096605712,0.051320384,1.97681602,1.539418703,1.02399912,0.485107436,3.688696996,0.066663793,0.033285889,0.000109614,0.00807752,0.033298974,0.127118668,0.015672447,0.205627279,0.933281809,0,0,0,0,0,0.393700787,0,2.279028502,26.78828879,0.627005564,2.029141395,40.65892255,0.335931036,0.838609145,0.812863789,0.606500992,0.776049221,0.777731278,0,0.934579439,0,0,0,1.475458091,0,-1.344449062,-8.096700003,NA,NA,NA,NA,NA,NA,NA,NA,NA,NA,NA,NA,NA,NA,NA,NA,NA,NA,NA,NA,NA,NA,NA,NA,NA,NA,NA,NA,NA,NA,NA,NA,NA,NA,NA,NA,NA,NA,NA,NA,NA,NA,NA,NA,NA,NA,NA,NA,NA,NA,NA,NA,NA,NA,0.208770688,1.1461812,0.120353751,3.491220639,1.307686783,2.463465642,0.210230222,1.026924726,0.891595377,1.878360293,0.46044463,2.437052706,0.080644589,0.245182617,0.030592152,0.728717,0.159653388,0.220697029,0.204200669,0.287986372,2.307913063,2.154874722,1.977581819,0.812237522,4.687489923,0.166114082,0.130537552,3.41E-05,0.053607711,0.114959009,0.35866697,0.020649671,0.700895456,1.5657804,0,0,0,0,0,7.142857143,0,21.42857143,57.14285714,1.651975676,0.972609797,12.67742917,1.325503702,0.235311102,2.444768896,12.23402288,1.410501142,1.005936534,0,0,0,0,0,26.19047619,0,11.9047619,-7.142857143,NA,NA,NA,NA,NA,NA,NA,NA,NA,NA,NA,NA,NA,NA,NA,NA,NA,NA,NA,NA,NA,NA,NA,NA,NA,NA,NA,NA,NA,NA,NA,NA,NA,NA,NA,NA,NA,NA,NA,NA,NA,NA,NA,NA,NA,NA,NA,NA,NA,NA,NA,NA,NA,NA,1.504398242,2.012012489,0.096281084,4.207667952,0.087373022,4.095790215,0.038610532,0.178891531,0.365365908,1.729213858,0.401785156,0.095236416,0.029430125,0.033201143,0.068917087,0.580695468,0.093705288,0.054730455,0.043267523,0.314084511,1.44387804,2.486741884,1.162784861,0.352695351,4.492270031,0.065127986,0.023067829,0.004900438,0.037575296,0.098613274,0.374783778,0.045837265,0.393102415,1.109789479,0.152905199,0.152905199,0,0.305810398,0.242718447,6.735251329,0.152905199,7.922122265,38.02811674,0.681910863,0.931388747,1.106045559,0.617289671,0.801116257,1.163743275,1.02637925,1.077606905,0.930256417,-0.152905199,-0.152905199,0,-0.305810398,-0.242718447,2.15363756,0.291539246,2.300099957,-4.694783409,NA,NA,NA,NA,NA,NA,NA,NA,NA,NA,NA,NA,NA,NA,NA,NA,NA,NA,NA,NA,NA,NA,NA,NA,NA,NA,NA,NA,NA,NA,NA,NA,NA,NA,NA,NA,NA,NA,NA,NA,NA,NA,NA,NA,NA,NA,NA,NA,NA,NA,NA,NA,NA,NA,0.174430075,2.057350192,2.176621909,2.523644656,0.149412227,3.625460743,0.076284675,0.140337959,0.674009001,3.652833403,1.004470598,0.016299501,0.483908177,0.106494435,0.403510987,0.115811096,0.060810142,0.100943944,0.062699666,1.428511396,0.208933158,2.242462252,0.634188741,0.421200741,5.496897246,0.040334481,0.013783847,0.005501855,0.047459039,0.071155609,1.360591401,0.156421002,0.49754147,0.963146252,0,0,0,0,0,51.08695652,0,11.95652174,26.08695652,1.631793422,3.477221997,0.05255188,0.729630665,0.962937596,1.056592851,1.28150851,1.350947661,1.201934374,0,0,0,0,0,5.434782609,0,-7.608695652,21.73913043,NA,NA,NA,NA,NA,NA,NA,NA,NA,NA,NA,NA,NA,NA,NA,NA,NA,NA,NA,NA,NA,NA,NA,NA,NA,NA,NA,NA,NA,NA,NA,NA,NA,NA,NA,NA,NA,NA,NA,NA,NA,NA,NA,NA,NA,NA,NA,NA,NA,NA,NA,NA,NA,NA,0.900939744,1.730108998,1.856000276,2.031587047,0.050409574,4.429130852,0.019483143,0.012271067,0.159968056,5.842475945,3.861913467,0.009572776,0.085395324,0.104294769,0.618918357,0.024884181,0.018654234,0.027490912,0.132175222,1.787467322,0.04851427,1.838456449,0.371030988,0.417852013,4.414546596,0.022324231,0.018861564,0.00549572,0.004951448,0.039127223,0.853430678,0.045827416,0.465038521,0.281059748,0,0,0,0,0.420168067,24.26470588,0.260416667,8.107930672,5.225840336,0.812512198,1.802058074,0.630844092,1.07258812,2.184454841,0.945197654,1.634739624,0.990316302,1.063474632,0,0,0,0,0.289051791,-2.988110138,0.448803191,2.5303672,3.284797962,NA,NA,NA,NA,NA,NA,NA,NA,NA,NA,NA,NA,NA,NA,NA,NA,NA,NA,NA,NA,NA,NA,NA,NA,NA,NA,NA,NA,NA,NA,NA,NA,NA,NA,NA,NA,NA,NA,NA,NA,NA,NA,NA,NA,NA,NA,NA,NA,NA,NA,NA,NA,NA,NA,16.53709756,1.733649023,0.864656907,0.363491166,0.07757274,0.789847909,0.046718696,0.006204545,0.094535494,4.711877518,2.073922886,0.059469197,0.362832094,0.02389934,0.172941907,0.033768492,0.013139881,0.086360785,0.065948111,1.459602507,0.2001308,1.352609395,0.124895422,0.116103375,5.285703758,0.025860513,0.019151927,0.005953005,0.023467929,0.025314946,0.846948788,0.085011407,0.269663502,0.204438764,0.017331023,0.134161051,0.017331023,0.194510882,0.058415014,26.28358657,0.467320113,3.515809927,2.626740821,0.972916643,0.620632317,0.827758744,0.61627028,1.030672616,0.947811865,0.993868086,0.988467406,0.925083279,0.089203068,-0.098649687,-0.017331023,-0.123488155,-0.022903651,-0.999495666,-0.112206477,0.035326437,-0.318502185,NA,NA,NA,NA,NA,NA,NA,NA,NA,NA,NA,NA,NA,NA,NA,NA,NA,NA,NA,NA,NA,NA,NA,NA,NA,NA,NA,NA,NA,NA,NA,NA,NA,NA,NA,NA,NA,NA,NA,NA,NA,NA,NA,NA,NA,NA,NA,NA,NA,NA,NA,NA,NA,NA,9.662804393,0.063567502,0.051619027,0.082644393,0.021469647,3.403284037,0.060878058,0.005395653,0.015508797,0.431168475,0.149462347,0.025776208,0.00785641,0.038713694,0.008276865,0.176869412,0.013705018,0.104910344,0.089687955,1.154403601,0.084036102,0.103043642,3.30230457,0.435229832,1.454946092,0.07691344,0.021828554,0.006966673,0.015175828,0.088557759,0.169088064,0.021672601,0.388527813,0.599662378,0.981044806,0.17045406,0.02513826,0.075414781,0.665274948,2.518867198,0.095039278,9.173394583,17.43499273,0.907760892,1.159807568,1.005353974,0.827958367,0.919466052,1.043515473,1.030236204,0.966175334,0.904931192,-0.099688874,0.168528991,-0.02513826,0.060178439,-0.055105456,0.057403988,0.040553942,-0.495428482,-1.706179169,NA,NA,NA,NA,NA,NA,NA,NA,NA,NA,NA,NA,NA,NA,NA,NA,NA,NA,NA,NA,NA,NA,NA,NA,NA,NA,NA,NA,NA,NA,NA,NA,NA,NA,NA,NA,NA,NA,NA,NA,NA,NA,NA,NA,NA,NA,NA,NA,NA,NA,NA,NA,NA,NA,5.07122188,0.356608208,0.042354616,3.457844396,0.841077466,2.605073558,0.173198446,0.040326084,0.086340228,1.084150089,0.26032738,0.373005505,0.019386149,0.027802281,0.019430141,0.202816935,0.051786566,0.112143775,0.089753643,0.235651084,1.335862124,1.034869307,1.21033802,0.543198005,3.247908878,0.02062692,0.016089518,0.004273047,0.026985362,0.031960588,0.174557613,0.021015139,0.165237545,0.440085551,0.185873606,0.092936803,0.09765625,0.09765625,0.29296875,1.812993727,0.278810409,1.994147886,10.33304775,0.784066418,1.006267643,1.126949746,2.020020804,0.511381598,0.826920855,0.836586941,0.865761284,0.81162242,-0.185873606,0.247199251,-0.09765625,0.582615859,-0.29296875,0.057754573,-0.278810409,-0.293467614,-3.190190603,NA,NA,NA,NA,NA,NA,NA,NA,NA,NA,NA,NA,NA,NA,NA,NA,NA,NA,NA,NA,NA,NA,NA,NA,NA,NA,NA,NA,NA,NA,NA,NA,NA,NA,NA,NA,NA,NA,NA,NA,NA,NA,NA,NA,NA,NA,NA,NA,NA,NA,NA,NA,NA,NA,51.9358146,0.162754083,0.018048431,1.053542358,0.262932061,0.532565502,0.050383924,0.007756195,0.032674479,0.348921322,0.072567549,0.323685584,0.010982037,0.020138775,0.007318273,0.100671131,0.01830055,0.110858021,0.064251339,0.35343612,1.098139263,0.445566435,1.509751524,0.307324474,2.754033079,0.034763892,0.010726972,0.003363582,0.014531873,0.02338497,0.10239397,0.01373694,0.178865288,0.23416923,0.270694009,0.061338816,0.019445226,0.143586842,0.10319482,1.245996035,0.050865419,2.871624072,5.198556299,0.908218939,1.065700554,1.017215057,0.890500237,0.924523786,0.963513992,0.941623308,0.900512536,0.888483026,-0.028563258,0.059726559,0.015144881,-0.005226413,-0.034014606,-0.018047228,0.018314796,-0.502201727,-1.18610386,NA,NA,NA,NA,NA,NA,NA,NA,NA,NA,NA,NA,NA,NA,NA,NA,NA,NA,NA,NA,NA,NA,NA,NA,NA,NA,NA,NA,NA,NA,NA,NA,NA,NA,NA,NA,NA,NA,NA,NA,NA,NA,NA,NA,NA,NA,NA,NA,NA,NA,NA,NA,NA,NA,100,0.53495975,0.161051653,1.227574785,0.46258941,1.103000244,0.058621106,0.029813971,0.077714386,1.262910938,0.548607424,0.516234847,0.067419643,0.032253042,0.05170436,0.132005764,0.026662375,0.111391454,0.092828421,0.547495258,1.167437762,0.791240363,1.3645508,0.350204881,3.363766208,0.040375889,0.015755229,0.004684183,0.017948062,0.036859353,0.315345861,0.034437681,0.24398574,0.334590384,0.316772302,0.108181147,0.023575394,0.142780684,0.188603151,8.050025422,0.177579008,4.218657947,8.165028513,0.884372537,0.965652818,0.923765809,0.874808374,0.887027148,0.972159003,0.997703744,0.927201388,0.861985833,-0.025869622,0.050493042,-0.005944928,-0.00173696,-0.05637466,-0.081055041,-0.018904819,-0.436923109,-1.694647695,NA,NA,NA,NA,NA,NA,NA,NA,NA,NA,NA,NA,NA,NA,NA,NA,NA,NA,NA,NA,NA,NA,NA,NA,NA,NA,NA,NA,NA,NA,NA,NA,NA,NA,NA,NA,NA,NA,NA,NA,NA,NA,NA,NA,NA,NA,NA,NA,NA,NA,NA,NA,NA,NAUPN96,0.442492539,1.367930899,0.276313965,0.950032839,3.430255674,0.502443719,0.046708311,0.041732415,0.126732779,0.742945334,0.155160172,0.6611792,0.151677887,0.55136976,0.138212157,0.310884818,0.044486425,0.170390141,0.381664196,1.465488964,2.399135287,1.369656022,2.159580709,0.649597866,3.93068582,0.339316268,0.075809108,0.024566875,0.033574555,0.132153163,0.947957914,0.110755173,0.953466344,1.606829505,6.556675496,0.478586511,0.074682599,0.182596268,1.39978831,28.36235567,0.621101327,30.18694828,58.318755,1.029730882,2.218729118,1.550186098,1.161165933,1.135555688,1.011012419,1.109769245,0.945412563,0.964690168,0.353262392,1.540047029,0.158236656,-0.027316765,0.463565728,0.75255116,-0.232902569,-2.236637717,-1.020618358,NA,NA,NA,NA,NA,NA,NA,NA,NA,NA,NA,NA,NA,NA,NA,NA,NA,NA,NA,NA,NA,NA,NA,NA,NA,NA,NA,NA,NA,NA,NA,NA,NA,NA,NA,NA,NA,NA,NA,NA,NA,NA,NA,NA,NA,NA,NA,NA,NA,NA,NA,NA,NA,NA,0.412277346,0.613428514,0.145207408,0.697444806,2.394955497,2.71608711,0.031820562,0.036324323,0.133931311,0.396208107,0.132856688,0.287813757,0.103724918,0.505770419,0.109514569,0.912640132,0.059287769,0.229837068,0.513496335,2.20080059,1.184916461,0.64904716,3.742133746,0.842744196,3.155062065,0.659158644,0.143421022,0.055197589,0.057538197,0.401842408,0.632770637,0.065951281,0.910394107,2.188366121,22.16996186,1.653299483,0.508798765,0.254237654,6.146197073,13.47987878,0.042444822,29.6296842,72.36134093,1.000924378,1.37519458,1.379502176,1.016682271,1.093608491,0.993310569,1.089053608,1.061255822,1.001671628,-0.350316128,0.440098263,0.296354214,-0.093207058,1.905332717,-0.194854628,0.27961637,2.737465554,-0.622210491,NA,NA,NA,NA,NA,NA,NA,NA,NA,NA,NA,NA,NA,NA,NA,NA,NA,NA,NA,NA,NA,NA,NA,NA,NA,NA,NA,NA,NA,NA,NA,NA,NA,NA,NA,NA,NA,NA,NA,NA,NA,NA,NA,NA,NA,NA,NA,NA,NA,NA,NA,NA,NA,NA,0.036951927,1.128110985,0.251421264,0.825713876,2.642529969,2.009193146,0.662233801,0.030533377,0.101907121,2.575006581,0.607083466,0.437632141,0.237448957,0.654108432,0.325406583,1.133164009,0.060534692,0.324483632,0.471586276,1.652117265,1.906318057,1.537737767,1.656429448,0.809784957,4.121233225,0.268076875,0.074799845,0.035684616,0.053455757,0.151881052,0.520868872,0.093599952,0.51713403,1.620584656,4.722744361,1.127819549,0,0.446428571,3.148496241,10.10338346,0.822368421,11.23120301,56.27349624,0.905241436,1.50673081,1.275434216,1.145035431,1.170574595,1.119210807,1.346302867,1.074182352,0.964327401,0.731801094,-0.21872864,0.909090909,0.462662338,2.306049214,3.532980178,0.086722488,2.405160629,0.999231032,NA,NA,NA,NA,NA,NA,NA,NA,NA,NA,NA,NA,NA,NA,NA,NA,NA,NA,NA,NA,NA,NA,NA,NA,NA,NA,NA,NA,NA,NA,NA,NA,NA,NA,NA,NA,NA,NA,NA,NA,NA,NA,NA,NA,NA,NA,NA,NA,NA,NA,NA,NA,NA,NA,0.066004173,0.354295103,0.085464147,0.647362279,2.954531844,3.345076519,0.060837206,0.078501319,2.305996994,0.381817523,0.131633655,0.353179679,0.093983796,0.730230384,0.110566545,1.665625399,0.07376503,0.224903036,0.443129705,1.288359433,0.815271338,0.456494438,4.464966834,0.717782821,3.663691641,1.028134014,0.123781816,0.042209204,0.110600039,0.350718293,0.741396717,0.08243267,1.066505359,2.607152557,38.380024,0.541553233,0.824039109,1.106524985,2.707766166,14.29115073,0.564971751,35.90644302,76.83030356,1.010052134,1.12644371,0.593433824,0.864552402,0.967597931,0.982190388,0.64616985,1.090266717,0.991879334,1.619975996,1.897471157,-0.336234231,-0.618720107,-0.756546654,1.31860537,-0.564971751,1.166727712,-0.244937709,NA,NA,NA,NA,NA,NA,NA,NA,NA,NA,NA,NA,NA,NA,NA,NA,NA,NA,NA,NA,NA,NA,NA,NA,NA,NA,NA,NA,NA,NA,NA,NA,NA,NA,NA,NA,NA,NA,NA,NA,NA,NA,NA,NA,NA,NA,NA,NA,NA,NA,NA,NA,NA,NA,6.753859527,1.924035276,0.470835887,1.263949139,3.275059299,1.00999886,0.103639238,0.036623406,0.146997993,1.467066777,0.306764168,2.817688226,0.310482524,1.623513123,0.365128722,1.005945145,0.10960097,0.347195393,0.582065094,1.553758511,3.098539305,3.375009589,1.397442823,0.743979011,4.94671259,0.575878747,0.081919821,0.027231683,0.074606169,0.107321582,1.311842467,0.173549623,1.807398214,2.325673849,13.06227082,0.273690629,0.164876339,0.605709774,0.221829781,44.6308014,0.737303585,62.05130532,79.66055195,0.938427834,5.015211605,1.018604207,0.916183314,1.060037651,0.986260792,1.000069927,0.98401101,0.9828176,-1.909750555,8.624101228,-0.006486327,-0.191100625,0.039047886,-0.365451548,0.012719708,-0.679834156,-0.712447976,NA,NA,NA,NA,NA,NA,NA,NA,NA,NA,NA,NA,NA,NA,NA,NA,NA,NA,NA,NA,NA,NA,NA,NA,NA,NA,NA,NA,NA,NA,NA,NA,NA,NA,NA,NA,NA,NA,NA,NA,NA,NA,NA,NA,NA,NA,NA,NA,NA,NA,NA,NA,NA,NA,8.628856114,3.139260173,0.810422997,1.065973775,3.966150393,1.961725971,0.121552594,0.067853845,0.58400367,1.06587266,0.203247892,3.256122102,0.461730379,1.974748335,0.338373628,1.305138528,0.130387497,0.347530115,0.806451742,2.197159071,3.501081387,3.970620377,1.743482861,0.853860293,5.835722629,0.967654587,0.096394114,0.034365983,0.085928229,0.128104825,1.847493249,0.233068051,2.011882754,2.825021999,29.32013208,0.311642111,0.104051116,0.892114143,0.368812312,65.38456503,1.264384785,68.02200131,88.41771749,0.957611953,5.545924826,1.038758032,0.979445624,1.092636501,0.995315888,1.007384539,0.990746784,0.993264106,-2.176500643,12.54833982,-0.028170357,-0.042972318,0.043111807,0.277584925,-0.064746122,-0.426698688,-0.453851184,NA,NA,NA,NA,NA,NA,NA,NA,NA,NA,NA,NA,NA,NA,NA,NA,NA,NA,NA,NA,NA,NA,NA,NA,NA,NA,NA,NA,NA,NA,NA,NA,NA,NA,NA,NA,NA,NA,NA,NA,NA,NA,NA,NA,NA,NA,NA,NA,NA,NA,NA,NA,NA,NA,26.46610686,2.827974036,0.335579667,2.99131424,3.296933871,2.965549199,0.095914707,0.044185108,0.668381997,0.088559902,0.13666676,3.014376126,0.390326073,1.756475592,0.325374682,1.305145562,0.145484795,0.389751474,0.753532667,1.969822212,3.539135775,3.777477699,2.006702369,0.808697146,5.454286482,0.767291188,0.102826772,0.029537699,0.091609051,0.12293847,1.127114253,0.146985297,1.836270723,2.799166861,20.20662757,0.344945254,0.082879205,0.940966245,0.273698185,35.76093466,0.556205732,65.18057822,89.12845272,0.984107872,5.863944443,1.064327242,0.960044248,1.094539834,1.007840809,1.027213961,1.012097079,1.001130252,-0.781108477,14.45622271,0.006340298,-0.132197242,0.087814607,0.362535865,0.054426452,0.869662784,-0.019025581,NA,NA,NA,NA,NA,NA,NA,NA,NA,NA,NA,NA,NA,NA,NA,NA,NA,NA,NA,NA,NA,NA,NA,NA,NA,NA,NA,NA,NA,NA,NA,NA,NA,NA,NA,NA,NA,NA,NA,NA,NA,NA,NA,NA,NA,NA,NA,NA,NA,NA,NA,NA,NA,NA,51.19764972,3.208827473,0.673216157,3.034471921,3.375553414,1.573101415,0.119044422,0.04864413,0.534568063,2.997952312,0.367515947,3.17073468,0.533260936,2.209147294,0.53888923,1.875824628,0.156021725,0.341240975,0.508157198,1.78944522,3.81862543,4.06232495,1.54397194,0.976065394,5.434788145,0.869709044,0.115723103,0.041458196,0.083375009,0.11094769,1.890558606,0.20395061,2.309922835,2.94708117,25.4566799,0.459194004,0.126882531,0.753126077,0.27502114,66.90945784,1.041695317,76.21720353,87.12522116,0.985318937,5.310831745,1.048500167,0.952548794,1.081865315,0.991080918,0.997918185,1.007958872,0.996116374,-0.92492057,16.10778694,-0.013791145,-0.107839931,0.035828981,0.228120553,0.009994099,0.598457513,-0.199069229,NA,NA,NA,NA,NA,NA,NA,NA,NA,NA,NA,NA,NA,NA,NA,NA,NA,NA,NA,NA,NA,NA,NA,NA,NA,NA,NA,NA,NA,NA,NA,NA,NA,NA,NA,NA,NA,NA,NA,NA,NA,NA,NA,NA,NA,NA,NA,NA,NA,NA,NA,NA,NA,NA,0.076108418,3.000733463,0.274976429,3.482086611,1.055554674,4.241073255,0.090294277,0.018608735,0.476383241,1.446537322,0.198735965,0.56804616,0.23095405,0.800548531,0.338592901,1.046293775,0.071679868,0.262692396,0.450601301,2.296040494,3.384354407,2.231018656,2.564243118,0.621994103,4.34258425,0.343758698,0.095086837,0.027753722,0.037756913,0.154878994,0.684095711,0.070425703,0.796146135,2.722749776,5.654846336,0.43498818,0.222222222,0.43498818,1.111111111,15.75413712,0.638297872,24.34042553,88.51536643,0.921135757,2.60978953,0.634160499,0.809174486,1.1910911,1.08709755,1.114174444,0.992494255,0.942425906,-0.09929078,3.411165666,-0.222222222,-0.43498818,0.598290598,1.767230406,-0.210947445,-2.972904164,-2.190580105,NA,NA,NA,NA,NA,NA,NA,NA,NA,NA,NA,NA,NA,NA,NA,NA,NA,NA,NA,NA,NA,NA,NA,NA,NA,NA,NA,NA,NA,NA,NA,NA,NA,NA,NA,NA,NA,NA,NA,NA,NA,NA,NA,NA,NA,NA,NA,NA,NA,NA,NA,NA,NA,NA,0.024403704,3.607691704,2.134393804,2.790468752,1.500406065,3.600639387,0.104192155,0.034615452,0.794152055,3.387303202,0.494553295,0.81204531,0.717192092,1.283266758,0.722783853,1.532272124,0.081201061,0.270905132,0.46414835,2.881079074,3.026203104,3.373555288,1.889865466,0.693755416,5.494560237,0.482722477,0.090989496,0.038762301,0.080375617,0.149425726,2.097824585,0.139557566,0.98915763,2.938934471,10.54997356,0,0,0.819672131,1.639344262,71.61554733,0.806451613,31.76890534,88.64357483,0.700524309,1.836080042,1.392381643,1.051713595,1.390447635,0.891599844,1.348193283,1.145953354,0.95332961,-5.055468064,2.197802198,0,0.279228968,0.558457936,-6.780382494,1.391350585,3.395929824,-1.830388015,NA,NA,NA,NA,NA,NA,NA,NA,NA,NA,NA,NA,NA,NA,NA,NA,NA,NA,NA,NA,NA,NA,NA,NA,NA,NA,NA,NA,NA,NA,NA,NA,NA,NA,NA,NA,NA,NA,NA,NA,NA,NA,NA,NA,NA,NA,NA,NA,NA,NA,NA,NA,NA,NA,0.006208779,3.400099309,2.166895444,2.527261613,2.284636473,3.855325588,0.076489799,0.05212144,0.310101751,6.123710238,4.361521663,1.484486982,0.983763874,1.139138904,1.195653387,1.525714202,0.064436594,0.215376727,1.013597735,3.754211722,2.018619126,2.942919091,1.687202336,0.496592674,5.291052575,0.563901488,0.18758465,0.147452767,0.011799915,0.128893485,1.956174241,0.168727898,1.088303246,1.843869721,9.761904762,4.761904762,0,0,0,70.95238095,0,36.66666667,58.45238095,0.701769828,1.144307456,0.53471891,8.997158589,0.850511432,0.818695524,1.078738083,0.9211238,0.804401729,-9.761904762,1.488095238,0,0,0,-20.95238095,0,0.833333333,-2.202380952,NA,NA,NA,NA,NA,NA,NA,NA,NA,NA,NA,NA,NA,NA,NA,NA,NA,NA,NA,NA,NA,NA,NA,NA,NA,NA,NA,NA,NA,NA,NA,NA,NA,NA,NA,NA,NA,NA,NA,NA,NA,NA,NA,NA,NA,NA,NA,NA,NA,NA,NA,NA,NA,NA,3.129304696,2.721085249,1.954272743,1.09583978,0.845657919,0.632081534,0.055793395,0.022744182,0.225495978,3.957849657,2.181085087,0.364852715,0.836793431,0.448366074,0.834385033,0.342046487,0.0351367,0.128791315,0.279053256,3.065695103,0.888559417,2.5000187,0.49944159,0.358703373,4.668501422,0.252512527,0.056322954,0.044598948,0.052138752,0.109584829,2.025720882,0.185845159,0.846970917,1.44853146,3.028382792,0.224685858,0.129609228,0.174838841,0.583794217,74.11176985,0.892111129,22.44666632,47.04878756,0.963360235,2.007948545,1.117933084,1.006981226,1.029439051,1.006990642,1.023851559,1.000559027,0.989829285,-0.395511194,1.35700193,0.017752989,0.100237296,-0.122059272,1.072432925,-0.066882718,0.001511302,-0.118833738,NA,NA,NA,NA,NA,NA,NA,NA,NA,NA,NA,NA,NA,NA,NA,NA,NA,NA,NA,NA,NA,NA,NA,NA,NA,NA,NA,NA,NA,NA,NA,NA,NA,NA,NA,NA,NA,NA,NA,NA,NA,NA,NA,NA,NA,NA,NA,NA,NA,NA,NA,NA,NA,NA,0.736581578,0.423723408,0.082311679,0.298595045,0.283820212,3.727133664,0.051972877,0.01547746,0.067101095,0.501656515,0.08708131,0.072663189,0.046407311,0.303038245,0.058181504,0.786881425,0.039634572,0.185246546,0.317704669,3.777462544,0.346094936,0.174497118,4.883105918,0.854422108,1.543510763,0.448181369,0.159866481,0.080389977,0.053433276,0.600805016,0.28008353,0.024461805,0.852519356,2.19745789,13.19179182,1.159463248,0.399470245,0.205529854,9.955789863,4.899391402,0,26.57680238,78.12310163,1.033550513,1.252458721,1.060931263,0.930361088,1.009971592,0.955239982,1.289461307,1.009753061,1.00166396,0.877117125,1.055467022,-0.153366882,-0.041460945,-0.480810371,-0.63359977,0.164068909,-0.900018127,-1.543938385,NA,NA,NA,NA,NA,NA,NA,NA,NA,NA,NA,NA,NA,NA,NA,NA,NA,NA,NA,NA,NA,NA,NA,NA,NA,NA,NA,NA,NA,NA,NA,NA,NA,NA,NA,NA,NA,NA,NA,NA,NA,NA,NA,NA,NA,NA,NA,NA,NA,NA,NA,NA,NA,NA,0.645472261,1.201044438,0.146116237,3.022891207,2.465670251,1.668080345,0.088700548,0.023555073,0.177081284,1.25834883,0.311390147,0.629653061,0.195537599,0.679042856,0.245219857,0.556524941,0.083150483,0.258369781,0.342894138,1.307067924,2.862078591,1.702841703,1.655349326,0.911715909,3.811443367,0.205384157,0.076914697,0.031359001,0.038990822,0.101942235,0.562186561,0.076328414,0.803631146,1.723284523,3.894689459,0.285222244,0.258268066,0.183042389,1.13713107,13.15845109,0.43755255,25.79155256,61.30074861,1.076058883,2.366836514,1.101708449,0.879031804,1.096246929,0.975806049,0.89212328,0.969883539,0.967634343,0.769880771,1.549159308,-0.04862446,-0.130631487,0.120730565,-0.370191136,-0.385141648,-1.053607063,-2.443306259,NA,NA,NA,NA,NA,NA,NA,NA,NA,NA,NA,NA,NA,NA,NA,NA,NA,NA,NA,NA,NA,NA,NA,NA,NA,NA,NA,NA,NA,NA,NA,NA,NA,NA,NA,NA,NA,NA,NA,NA,NA,NA,NA,NA,NA,NA,NA,NA,NA,NA,NA,NA,NA,NA,1.310922094,0.281512835,0.06440441,0.827389468,0.503706228,0.790744457,0.056054149,0.013083703,0.069512362,0.622875019,0.106160824,0.244409247,0.055769998,0.332904364,0.097408989,0.207161664,0.049220642,0.198853105,1.018979525,3.68106831,0.73487092,0.488448703,4.642351217,0.885711211,2.539656574,0.460843273,0.194332855,0.172555237,0.04698252,0.629049075,0.30251106,0.038120836,0.7939786,1.919806938,8.699704551,1.244242392,1.742735748,0.160517093,13.7256396,5.959005202,0.175468173,22.07331927,67.99960143,0.987074516,1.320381,1.237323345,0.99066323,1.101475627,0.909753928,0.963540559,0.994494289,1.014617082,-0.770399559,0.881384548,-0.166428129,-0.04109985,1.965786239,-0.489695433,-0.008284031,0.114404634,0.593663439,NA,NA,NA,NA,NA,NA,NA,NA,NA,NA,NA,NA,NA,NA,NA,NA,NA,NA,NA,NA,NA,NA,NA,NA,NA,NA,NA,NA,NA,NA,NA,NA,NA,NA,NA,NA,NA,NA,NA,NA,NA,NA,NA,NA,NA,NA,NA,NA,NA,NA,NA,NA,NA,NA,100,2.907409771,0.602906673,2.6020038,3.247670242,1.91723766,0.108054915,0.046539749,0.524086574,1.904641864,0.338436672,2.918960056,0.467779465,1.908647044,0.447452809,1.518232543,0.140278256,0.343365334,0.600257172,1.933953247,3.484678603,3.76231515,1.721002001,0.880900443,5.322902741,0.795505311,0.107340894,0.038654304,0.082839293,0.126833371,1.597508894,0.183638199,2.024524161,2.77080789,22.2957546,0.41458917,0.141472083,0.766511298,0.568127353,55.16926358,0.885021336,68.08220324,85.33871991,0.980450147,5.221593775,1.068596378,0.957575206,1.084655996,0.995203729,1.005843758,1.005703041,0.997091572,-0.991828206,13.84913804,-0.009859316,-0.104731336,0.080955848,0.257053404,0.012732576,0.431687322,-0.21653681,NA,NA,NA,NA,NA,NA,NA,NA,NA,NA,NA,NA,NA,NA,NA,NA,NA,NA,NA,NA,NA,NA,NA,NA,NA,NA,NA,NA,NA,NA,NA,NA,NA,NA,NA,NA,NA,NA,NA,NA,NA,NA,NA,NA,NA,NA,NA,NA,NA,NA,NA,NA,NA,NAUPN97,1.249112126,0.75367422,0.234874422,0.967330001,2.340764423,0.290803304,0.03125557,0.059388076,0.073018806,0.151290406,0.086601338,0.459611908,0.041943796,0.09566112,0.024825958,0.111562993,0.015867534,0.039213352,0.039828207,0.106788049,1.897856181,1.388018001,0.782468601,0.233358432,4.6281874,0.058812011,0.023609121,0.007551962,0.019002846,0.037381113,1.639729142,0.07118705,1.03737399,0.716337592,1.047120419,0,0,0,0.261780105,59.81370997,0,31.92651893,18.26068428,0.51706786,2.914333185,0.418285446,0.628682911,1.035859776,0.943880103,1.184962343,0.898962408,0.947238156,-1.047120419,1.129943503,0,0,0.303191647,-6.706365339,0.564971751,-3.677931363,-5.266333999,NA,NA,NA,NA,NA,NA,NA,NA,NA,NA,NA,NA,NA,NA,NA,NA,NA,NA,NA,NA,NA,NA,NA,NA,NA,NA,NA,NA,NA,NA,NA,NA,NA,NA,NA,NA,NA,NA,NA,NA,NA,NA,NA,NA,NA,NA,NA,NA,NA,NA,NA,NA,NA,NA,0.614906067,0.687130519,0.193175978,0.88248721,1.991353929,1.778038299,0.0129829,0.131031226,0.115369916,0.104527389,0.091310046,0.393259238,0.046326552,0.097122577,0.023831555,0.212178868,0.022786433,0.068863037,0.086014071,0.179371159,2.007051447,1.412009366,1.179146741,0.295045817,4.431761714,0.0711282,0.037683056,0.004807229,0.008863709,0.045592392,1.596300549,0.074182131,1.045819692,0.876145704,0.581395349,0,0,0,0,55.89700997,0,34.77297896,25.94130676,0.796966581,2.188574685,0.589877557,2.076805382,0.90904876,1.032258241,1.465701775,0.863530611,1.089327938,0.529715762,1.111111111,0,0,0,-0.341454411,0,-3.661867848,-1.496862311,NA,NA,NA,NA,NA,NA,NA,NA,NA,NA,NA,NA,NA,NA,NA,NA,NA,NA,NA,NA,NA,NA,NA,NA,NA,NA,NA,NA,NA,NA,NA,NA,NA,NA,NA,NA,NA,NA,NA,NA,NA,NA,NA,NA,NA,NA,NA,NA,NA,NA,NA,NA,NA,NA,0.013771403,0.854150069,0.0757179,0.666097269,1.695852732,3.216155549,2.094701489,0.001177533,0.094934969,1.63327098,0.322762058,0.155990091,0.017670427,0.048020194,0.004713915,0.191996588,0.030874848,0.784175961,0.70443193,1.293780197,1.377560955,0.606291945,1.730911437,0.233587274,3.844253121,0.000706651,0.027291241,0.000887849,0.001388003,0.000938358,0.25632612,4.45E-05,0.144655801,0.472445056,0,0,0,0,0,0,0,0,25,628.548621,0.041712721,0.03708491,0.28683913,0.065623677,2.615295584,26.00655735,3.252376086,1.346512053,25,0,0,0,0,0,0,0,0,NA,NA,NA,NA,NA,NA,NA,NA,NA,NA,NA,NA,NA,NA,NA,NA,NA,NA,NA,NA,NA,NA,NA,NA,NA,NA,NA,NA,NA,NA,NA,NA,NA,NA,NA,NA,NA,NA,NA,NA,NA,NA,NA,NA,NA,NA,NA,NA,NA,NA,NA,NA,NA,NA,0.04606545,0.376473033,0.165493156,0.845956159,1.47033587,2.725262946,0.008352814,0.249260943,2.176751881,0.340165715,0.271677192,0.247038696,0.032837378,0.21104505,0.037706983,1.203300287,0.007655658,0.040343618,0.123130369,0.268735148,1.171120171,1.060306201,2.039990863,0.470833882,4.236580152,0.248713974,0.039901593,0.000611351,0.001032861,0.101305831,0.768601591,0.110312148,0.642607625,1.01823307,0,0,0,0,0,22.91666667,0,22.91666667,39.58333333,0.022724222,2.207949792,0.412518394,44.96849775,0.251644251,0.961968024,0.384608942,0.746799387,1.011990575,0,0,0,0,0,-6.25,0,-22.91666667,-6.25,NA,NA,NA,NA,NA,NA,NA,NA,NA,NA,NA,NA,NA,NA,NA,NA,NA,NA,NA,NA,NA,NA,NA,NA,NA,NA,NA,NA,NA,NA,NA,NA,NA,NA,NA,NA,NA,NA,NA,NA,NA,NA,NA,NA,NA,NA,NA,NA,NA,NA,NA,NA,NA,NA,3.923891569,1.095087907,0.276404302,1.434909943,1.833390846,1.022474556,0.050225889,0.124199821,0.16510915,0.498672867,0.160314069,2.134512168,0.100554992,0.399899642,0.082443267,0.509942675,0.044192041,0.111222929,0.111830568,0.27539848,2.507066216,2.524344873,1.03004261,0.411297755,5.061849571,0.141995693,0.051963574,0.012141823,0.033207827,0.051430057,1.769924893,0.157072994,1.601604774,1.330576092,1.411567007,0.352891752,0,0.36036036,0.086355786,62.10521402,0.889697988,57.25108528,46.70541007,1.018997787,2.469349993,0.390021039,0.850797294,1.067235024,0.945000371,0.885217314,1.000921733,1.000651359,0.080970306,0.542630636,0,-0.211106629,0.212151677,-4.493273724,-0.292683063,1.704138598,-1.481529476,NA,NA,NA,NA,NA,NA,NA,NA,NA,NA,NA,NA,NA,NA,NA,NA,NA,NA,NA,NA,NA,NA,NA,NA,NA,NA,NA,NA,NA,NA,NA,NA,NA,NA,NA,NA,NA,NA,NA,NA,NA,NA,NA,NA,NA,NA,NA,NA,NA,NA,NA,NA,NA,NA,1.610324135,1.859718537,0.490588165,1.348705774,2.202352875,1.678411505,0.079266268,1.157401901,1.188484023,0.426332351,0.151872319,2.114969655,0.184662091,0.659587252,0.113584038,0.724702693,0.071707029,0.163703973,0.269748113,0.672454497,2.96041889,2.790043168,1.341233636,0.588828406,5.104299663,0.298117542,0.096310383,0.012723898,0.04427397,0.088047564,2.045142573,0.198744882,1.707706929,1.752452753,5.039308176,0.652515723,0,0.235849057,0,72.98742138,0.88836478,60.66037736,60.81367925,1.065474406,2.286357171,0.839226132,0.819375123,0.846536361,0.941222565,0.828506326,1.008848473,0.994268252,2.382566824,3.253734277,0,0.545400943,0,-6.971796384,0.28351022,3.402122642,0.123820755,NA,NA,NA,NA,NA,NA,NA,NA,NA,NA,NA,NA,NA,NA,NA,NA,NA,NA,NA,NA,NA,NA,NA,NA,NA,NA,NA,NA,NA,NA,NA,NA,NA,NA,NA,NA,NA,NA,NA,NA,NA,NA,NA,NA,NA,NA,NA,NA,NA,NA,NA,NA,NA,NA,20.86832762,1.966380195,0.236463556,3.368906409,1.931221324,2.076397247,0.069252914,0.642759639,0.815202507,0.059492016,0.156900879,2.282038915,0.187696468,0.527045881,0.117363997,0.612151676,0.101700092,0.170003282,0.186211133,0.399215039,3.135538712,2.906684914,1.60824574,0.725463939,4.705906659,0.242478877,0.129017254,0.014191578,0.05569964,0.108918527,1.947235081,0.206449529,1.984807388,1.842899041,3.87856182,1.211455476,0.015898251,0.179969077,0.295073071,66.71584824,1.038480101,72.58742946,67.96291646,1.061778686,2.558121204,1.143106283,0.925162455,1.010921968,0.999892767,0.966282934,1.01603018,1.028663669,0.606022422,3.989416526,-0.015898251,0.038031546,0.047499337,1.14463136,-0.259906448,1.875354717,1.95299759,NA,NA,NA,NA,NA,NA,NA,NA,NA,NA,NA,NA,NA,NA,NA,NA,NA,NA,NA,NA,NA,NA,NA,NA,NA,NA,NA,NA,NA,NA,NA,NA,NA,NA,NA,NA,NA,NA,NA,NA,NA,NA,NA,NA,NA,NA,NA,NA,NA,NA,NA,NA,NA,NA,12.47141527,2.936496952,0.683349242,3.368821322,3.001141595,1.865936082,0.121121497,0.385776081,0.803940389,2.453756289,0.357333369,2.966455834,0.391411775,1.593803596,0.363620505,1.539598266,0.154386181,0.305066354,0.386603775,1.040182433,3.775429952,3.866908792,1.738515158,0.959772099,5.763776819,0.609143132,0.212271359,0.029394433,0.07355477,0.133853591,2.303720109,0.27212147,2.360138228,2.687506035,14.10746028,3.046433528,0.058055392,0.464679066,0.348450317,81.56747199,2.060907437,81.91721992,87.31519174,0.966454329,1.395918939,1.078528077,0.956684415,1.071498192,1.001783091,0.979736169,1.010448058,1.001158849,0.540007448,1.620895171,0.041249474,-0.017807169,0.346683745,-0.782963553,-0.323072283,-1.182363912,-0.572391342,NA,NA,NA,NA,NA,NA,NA,NA,NA,NA,NA,NA,NA,NA,NA,NA,NA,NA,NA,NA,NA,NA,NA,NA,NA,NA,NA,NA,NA,NA,NA,NA,NA,NA,NA,NA,NA,NA,NA,NA,NA,NA,NA,NA,NA,NA,NA,NA,NA,NA,NA,NA,NA,NA,0.310889516,2.279151484,0.187448532,3.369325987,0.34628193,3.614573048,0.043337764,0.326033385,0.428576596,0.415571721,0.172029609,0.401126803,0.084792685,0.196289409,0.078759773,0.336061252,0.064597776,0.063812108,0.239944435,0.301387423,2.061371826,2.322617419,1.732246168,0.512587326,4.078769164,0.082616671,0.044156996,0.002996406,0.020547246,0.102477233,1.354237605,0.066044974,1.151790184,1.715078582,0,0,0,0,0,42.71012007,0,39.87993139,57.46140652,1.853869574,1.784276813,2.203626808,1.362474161,1.155393848,1.030937613,0.933348564,0.971286825,0.98681703,2,0,0,0,0,5.289879931,0,-5.879931389,8.538593482,NA,NA,NA,NA,NA,NA,NA,NA,NA,NA,NA,NA,NA,NA,NA,NA,NA,NA,NA,NA,NA,NA,NA,NA,NA,NA,NA,NA,NA,NA,NA,NA,NA,NA,NA,NA,NA,NA,NA,NA,NA,NA,NA,NA,NA,NA,NA,NA,NA,NA,NA,NA,NA,NA,0.021180025,2.693201385,2.046322631,3.64681695,1.066416737,2.805730269,0.042048773,1.187115657,1.665589126,4.359528343,2.368226963,1.717229015,0.720693242,0.324829719,0.518859688,0.418265106,0.206756585,0.108634368,0.09535977,1.815734396,2.158254745,2.978965664,1.154968918,0.799129915,4.903555989,0.022207724,0.241999672,0.099548006,0.069987166,0.000683141,2.244265907,0.067747127,1.653470786,2.056195856,0,0,0,0,0,83.33333333,0,83.33333333,58.33333333,0.148943509,0.000260869,0.014088145,0.048904374,845.5816858,1.315288195,5.746872525,0.620202465,0.646127222,0,0,0,0,0,16.66666667,0,-83.33333333,-58.33333333,NA,NA,NA,NA,NA,NA,NA,NA,NA,NA,NA,NA,NA,NA,NA,NA,NA,NA,NA,NA,NA,NA,NA,NA,NA,NA,NA,NA,NA,NA,NA,NA,NA,NA,NA,NA,NA,NA,NA,NA,NA,NA,NA,NA,NA,NA,NA,NA,NA,NA,NA,NA,NA,NA,0.019280149,2.814540503,1.499126829,2.60016454,1.870798991,3.932978876,0.197689279,0.035965018,0.617225486,5.699656914,4.032328356,1.141318119,0.465722713,0.75657378,0.551982676,0.472748754,0.243944225,0.133831589,0.538829946,2.535329159,2.252324458,3.129618105,1.880440695,0.355579597,5.028303973,0.087889125,0.283564332,0.045723961,0.070663159,0.046771054,2.350233198,0.223398025,1.698031183,2.097243012,0,0,0,0,0,100,0,66.66666667,66.66666667,13.27395709,0.005277434,0.000352894,0.027805585,5.585645143,0.195034795,0.682808658,0.725176688,1.618471379,0,0,0,0,0,-100,0,-66.66666667,33.33333333,NA,NA,NA,NA,NA,NA,NA,NA,NA,NA,NA,NA,NA,NA,NA,NA,NA,NA,NA,NA,NA,NA,NA,NA,NA,NA,NA,NA,NA,NA,NA,NA,NA,NA,NA,NA,NA,NA,NA,NA,NA,NA,NA,NA,NA,NA,NA,NA,NA,NA,NA,NA,NA,NA,2.377914514,2.101824992,1.039381745,1.62146859,0.751858257,0.652433638,0.03660735,0.063790832,0.161349886,2.711529543,1.414747111,0.514323655,0.271856888,0.193644754,0.23402601,0.226185383,0.027447147,0.069460231,0.0955816,0.905712765,1.577001176,2.229121824,0.621148435,0.304940531,4.673411275,0.115969798,0.043241222,0.013520939,0.040864792,0.059387968,1.961603578,0.151002329,1.005565748,1.015361538,1.240384615,0.466346154,0,0.466346154,0,70.54567308,0.615384615,33.78125,32.85576923,0.771095481,1.583849422,0.762016636,0.684907492,0.995543287,0.988327543,0.941965796,0.895299664,1.002263213,-0.473121188,-0.210591678,0,-0.210591678,0,-1.747719113,0.407633287,-4.880994246,-2.165232146,NA,NA,NA,NA,NA,NA,NA,NA,NA,NA,NA,NA,NA,NA,NA,NA,NA,NA,NA,NA,NA,NA,NA,NA,NA,NA,NA,NA,NA,NA,NA,NA,NA,NA,NA,NA,NA,NA,NA,NA,NA,NA,NA,NA,NA,NA,NA,NA,NA,NA,NA,NA,NA,NA,1.103373128,0.575656446,0.101851584,0.486588633,0.142527053,3.281830639,0.025428657,0.099995768,0.110773187,0.170955221,0.080514517,0.166022142,0.033338799,0.044817554,0.018169576,0.275297529,0.01013484,0.037081264,0.131283703,0.338329417,0.708097263,0.947368232,1.513963385,0.278506658,3.025273735,0.06755045,0.02206997,0.008151999,0.01163731,0.047689209,0.807192237,0.046943761,0.516477192,0.885187665,0.373134328,0.373134328,0,0,0.373134328,25.73618395,0,15.1714401,26.07099637,0.871549942,2.127962658,2.122025096,1.880641836,1.48122507,0.91007857,0.739331023,0.94619022,0.945908073,1.562349543,-0.373134328,0,0.64516129,1.562349543,-3.155538784,0,-2.26821429,1.025777824,NA,NA,NA,NA,NA,NA,NA,NA,NA,NA,NA,NA,NA,NA,NA,NA,NA,NA,NA,NA,NA,NA,NA,NA,NA,NA,NA,NA,NA,NA,NA,NA,NA,NA,NA,NA,NA,NA,NA,NA,NA,NA,NA,NA,NA,NA,NA,NA,NA,NA,NA,NA,NA,NA,4.535497412,0.801602341,0.146011306,3.105767467,1.287705913,2.206799227,0.039104709,0.172225441,0.199080053,0.169898566,0.139067839,0.570657578,0.06169035,0.109239602,0.044024241,0.169717945,0.040475661,0.051510502,0.062397882,0.123356187,2.069897752,1.705113983,1.182854681,0.395996392,3.615622773,0.06323507,0.035402349,0.006164595,0.016856893,0.052077069,1.3103032,0.096473831,1.112011699,1.06657378,0.310711275,0,0,0,0.448262857,44.78790434,0.528908018,39.3567245,34.81962994,0.653081896,3.147096582,1.266369798,1.462979142,1.097563303,1.034621576,1.105090837,1.056681145,0.979352032,-0.310711275,1.044776119,0,0.149253731,-0.149755394,2.376274769,0.217360639,0.195514308,-1.834555315,NA,NA,NA,NA,NA,NA,NA,NA,NA,NA,NA,NA,NA,NA,NA,NA,NA,NA,NA,NA,NA,NA,NA,NA,NA,NA,NA,NA,NA,NA,NA,NA,NA,NA,NA,NA,NA,NA,NA,NA,NA,NA,NA,NA,NA,NA,NA,NA,NA,NA,NA,NA,NA,NA,50.79479986,0.443408136,0.067161037,2.023082533,0.337616853,0.45364897,0.012491576,0.121329253,0.113951255,0.069861259,0.050956276,0.450000827,0.024615338,0.034278954,0.013877028,0.084021636,0.014220318,0.024629976,0.016776629,0.046137159,1.435267758,1.11832892,0.603995216,0.161121919,3.579797235,0.019550822,0.018062256,0.004052147,0.01155168,0.019113359,1.137260368,0.051149831,0.860891321,0.468570832,0.07057306,0.048134542,0.013674055,0.062359293,0.045931759,37.88538435,0.183773703,26.78609297,10.47418637,0.964305502,3.170773547,0.733133794,0.973673005,0.989773176,0.963968786,0.932917114,0.970622799,0.965339903,-0.021402808,0.210009281,-0.001381492,0.011396085,0.027823619,-1.327301988,-0.04855551,-1.070051178,-0.566380593,NA,NA,NA,NA,NA,NA,NA,NA,NA,NA,NA,NA,NA,NA,NA,NA,NA,NA,NA,NA,NA,NA,NA,NA,NA,NA,NA,NA,NA,NA,NA,NA,NA,NA,NA,NA,NA,NA,NA,NA,NA,NA,NA,NA,NA,NA,NA,NA,NA,NA,NA,NA,NA,NA,100,1.19067827,0.226003272,2.444065621,1.179506241,1.144597372,0.043009022,0.280675717,0.372539519,0.462343968,0.157886503,1.243844927,0.118589506,0.365904993,0.091007066,0.415258994,0.053879269,0.098914641,0.113085028,0.294402226,2.184652581,1.978090213,1.030544469,0.41385819,4.212798753,0.152651242,0.069164668,0.010121082,0.030706598,0.057604909,1.520833598,0.122334908,1.336349652,1.135075534,2.754662196,0.685022047,0.017327944,0.153389895,0.159540353,52.0761884,0.660721836,45.59241634,36.2611788,1.010486757,2.190926183,0.99520589,0.953692107,1.034573524,0.985123066,0.963325681,0.998390988,1.005354388,0.289035707,1.266228269,0.001616234,0.023422432,0.086733959,-0.737466498,-0.098711227,-0.341090248,-0.096743333,NA,NA,NA,NA,NA,NA,NA,NA,NA,NA,NA,NA,NA,NA,NA,NA,NA,NA,NA,NA,NA,NA,NA,NA,NA,NA,NA,NA,NA,NA,NA,NA,NA,NA,NA,NA,NA,NA,NA,NA,NA,NA,NA,NA,NA,NA,NA,NA,NA,NA,NA,NA,NA,NAUPN98,1.978131952,0.302157706,0.009389786,0.830432171,2.89939228,0.263272367,0.017871438,0.017822561,0.033444372,0.051387323,0.09990413,0.486419399,0.017152454,0.040249084,0.010220177,0.118905705,0.0153782,0.055959346,0.104101902,0.080513606,2.361567523,0.727071709,1.472972026,0.405300486,4.387462267,0.035804003,0.019068061,0.003929498,0.010790761,0.020549329,0.458135484,0.040474232,1.12209312,0.501542066,0.140718428,0.042485276,0.027873938,0.095535674,0.084970553,9.122645327,0.148586072,37.29173223,11.72571146,1.052925165,1.020234204,0.82208417,0.846845493,0.855534634,0.947867763,1.034320498,1.028109148,0.913355322,0.109094212,0.05743978,-0.027873938,-0.07055441,-0.035008024,-0.579053021,-0.023679752,1.978814859,-1.558336991,NA,NA,NA,NA,NA,NA,NA,NA,NA,NA,NA,NA,NA,NA,NA,NA,NA,NA,NA,NA,NA,NA,NA,NA,NA,NA,NA,NA,NA,NA,NA,NA,NA,NA,NA,NA,NA,NA,NA,NA,NA,NA,NA,NA,NA,NA,NA,NA,NA,NA,NA,NA,NA,NA,0.705783718,0.286382666,0.027264888,0.596039998,2.126141618,2.216915209,0.01713561,0.028481924,0.067965331,0.11969755,0.14772991,0.373034928,0.035097201,0.090534927,0.014049637,0.311282113,0.024530221,0.142026876,0.154066345,0.272431036,1.832501902,0.823394806,2.675238026,0.641110615,4.399881287,0.103920987,0.024227577,0.002033461,0.012881273,0.032718008,0.618112047,0.055441135,1.130627865,0.914867371,1.50310559,0,0,0,0,15.52795031,0,39.32919255,30.47204969,1.005982826,0.80553205,3.099839724,1.552277173,1.340336556,0.71634933,1.046500742,0.92051957,0.914856259,1.170691201,0,0,0,0,-4.832763145,0,-4.569834258,-6.942637925,NA,NA,NA,NA,NA,NA,NA,NA,NA,NA,NA,NA,NA,NA,NA,NA,NA,NA,NA,NA,NA,NA,NA,NA,NA,NA,NA,NA,NA,NA,NA,NA,NA,NA,NA,NA,NA,NA,NA,NA,NA,NA,NA,NA,NA,NA,NA,NA,NA,NA,NA,NA,NA,NA,0.025305122,0.337160603,0.053356033,0.627590451,1.660696936,1.752468473,3.677840065,0.024358844,0.040575316,0.833757967,0.31384596,0.279835903,0.019916716,0.168525544,0.014919907,0.183808999,0.1471366,0.284625949,0.268349913,0.527229292,1.585237561,0.510240766,2.208469213,0.509151625,3.940740724,0.207247706,0.048725522,0.000730455,0.128281947,0.00704239,0.270911856,0.013947593,0.593786999,0.80736592,6.25,0,0,0,0,5.555555556,0,17.36111111,24.30555556,0.282206679,1.653392784,23.93504143,0.626400413,0.038660938,0.121052777,4.75459522,0.328146517,0.905355015,-6.25,0,0,0,0,-5.555555556,0,-17.36111111,5.694444444,NA,NA,NA,NA,NA,NA,NA,NA,NA,NA,NA,NA,NA,NA,NA,NA,NA,NA,NA,NA,NA,NA,NA,NA,NA,NA,NA,NA,NA,NA,NA,NA,NA,NA,NA,NA,NA,NA,NA,NA,NA,NA,NA,NA,NA,NA,NA,NA,NA,NA,NA,NA,NA,NA,0.047606735,0.369910902,0.004279857,0.52220591,1.382328569,2.415280245,0.041548161,0.032654452,2.898449087,0.386022108,0.199652126,0.27503798,0.017749834,0.161387747,0.008818636,0.518706865,0.06718215,0.083454075,0.162483766,0.606367455,1.563595551,0.47920306,2.444617349,0.731848152,3.40343297,0.000656307,0.263941354,5.59E-05,0.001176099,0.130873676,0.270622162,0.020657523,0.832852437,1.061688514,0,16.66666667,0,0,0,0,0,36.66666667,43.33333333,141.7966744,0.085616625,7.666276038,0.018224305,0.037405198,1.694393144,0.034519324,0.945952537,0.671450503,0,-16.66666667,0,0,0,11.11111111,0,-14.44444444,-32.22222222,NA,NA,NA,NA,NA,NA,NA,NA,NA,NA,NA,NA,NA,NA,NA,NA,NA,NA,NA,NA,NA,NA,NA,NA,NA,NA,NA,NA,NA,NA,NA,NA,NA,NA,NA,NA,NA,NA,NA,NA,NA,NA,NA,NA,NA,NA,NA,NA,NA,NA,NA,NA,NA,NA,11.32606892,0.469397136,0.030761374,1.322429138,1.805286413,1.165071967,0.101784306,0.05362757,0.102083961,0.144623934,0.186586147,2.662621305,0.037685288,0.132995828,0.030364646,0.316658333,0.054965707,0.280629078,0.259760283,0.299978435,2.58955945,1.50301511,1.922923648,0.632206692,4.694361345,0.09564772,0.040026941,0.009613515,0.029732011,0.050050349,0.730402785,0.084498346,1.832726288,1.006957435,0.622777015,0.158178233,0.056784882,0.251492356,0.133671883,18.71483092,0.344614575,64.51673646,31.32764272,0.965638581,1.124010414,0.920306113,0.924435403,0.978498629,0.964830152,0.962925002,0.976288062,0.928208558,-0.077589345,0.068284338,0.006121387,-0.062773547,-0.020440598,-1.063331652,0.02024179,-1.19528542,-3.200152685,NA,NA,NA,NA,NA,NA,NA,NA,NA,NA,NA,NA,NA,NA,NA,NA,NA,NA,NA,NA,NA,NA,NA,NA,NA,NA,NA,NA,NA,NA,NA,NA,NA,NA,NA,NA,NA,NA,NA,NA,NA,NA,NA,NA,NA,NA,NA,NA,NA,NA,NA,NA,NA,NA,0.206840772,1.032350546,0.090328915,1.482991592,1.958837065,1.807425997,0.324728745,0.997908294,1.41209458,0.150181726,0.282513222,3.247584803,0.097057948,0.226195932,0.06577142,0.907961054,0.075755052,0.338742068,0.148308079,0.160770843,2.917283496,2.003330945,1.871762728,0.832362957,5.26805698,0.333635452,0.096453014,0.012257696,0.034409718,0.09677825,1.10358441,0.145712283,1.960661485,1.713638442,4.936859801,0.884549222,0,0.143678161,0.287356322,34.9509344,0.22675737,69.4258738,62.56059895,0.861621273,1.005415899,0.904056337,0.882505888,1.291910977,0.879005925,0.806720437,0.954167477,0.963555547,-1.015291174,-0.557751836,0,-0.143678161,0.693035835,-5.865967076,0.100040016,-2.432409746,-0.142298299,NA,NA,NA,NA,NA,NA,NA,NA,NA,NA,NA,NA,NA,NA,NA,NA,NA,NA,NA,NA,NA,NA,NA,NA,NA,NA,NA,NA,NA,NA,NA,NA,NA,NA,NA,NA,NA,NA,NA,NA,NA,NA,NA,NA,NA,NA,NA,NA,NA,NA,NA,NA,NA,NA,14.67506196,1.098846762,0.04085981,3.655022143,1.997560185,1.601457542,0.067620073,0.552868741,0.656635805,0.088530688,0.183727114,3.247524392,0.060754024,0.122835064,0.07362151,0.528698285,0.10189522,0.212106271,0.175484342,0.110523372,3.074929281,1.634873902,1.264648528,0.649231718,4.688258755,0.135723249,0.069814782,0.013820374,0.043082212,0.070731329,0.871233437,0.10095952,2.050851693,1.213032906,1.131938039,0.3135113,0.073657262,0.272545448,0.208512606,23.96447999,0.395211217,72.18009136,41.4960528,0.860135517,1.008905761,0.978530129,0.933371353,1.030277799,0.987217684,0.977872872,0.961206752,0.960236779,-0.299549261,0.015902132,-0.020526064,-0.010431535,0.000470109,-0.742604104,-0.055171546,-1.841468516,-2.501295074,NA,NA,NA,NA,NA,NA,NA,NA,NA,NA,NA,NA,NA,NA,NA,NA,NA,NA,NA,NA,NA,NA,NA,NA,NA,NA,NA,NA,NA,NA,NA,NA,NA,NA,NA,NA,NA,NA,NA,NA,NA,NA,NA,NA,NA,NA,NA,NA,NA,NA,NA,NA,NA,NA,0.422539736,1.45592408,0.196632539,3.707551382,1.99369171,1.722895218,0.152782954,0.713917885,0.982342112,1.386058042,0.46146524,3.029169637,0.120688109,0.200732043,0.095419615,0.575218091,0.210281436,0.292836261,0.224969739,0.232234013,3.076513404,1.779016331,1.469360631,0.820916172,4.894484279,0.175955784,0.102406521,0.022092226,0.074947054,0.099843101,1.034542308,0.145337113,1.92908657,1.337873118,2.355661599,0.868164314,0.180072029,0.740067337,0.29207109,30.43017623,0.90404145,68.19800685,47.45334724,1.023840695,1.074878529,0.819371089,0.897103488,0.941339737,0.975151342,1.014371553,0.976713786,0.924600607,0.57688972,-0.428281616,-0.033444463,-0.153557073,0.001184042,-1.251290598,0.268979078,-0.749326502,-5.22460824,NA,NA,NA,NA,NA,NA,NA,NA,NA,NA,NA,NA,NA,NA,NA,NA,NA,NA,NA,NA,NA,NA,NA,NA,NA,NA,NA,NA,NA,NA,NA,NA,NA,NA,NA,NA,NA,NA,NA,NA,NA,NA,NA,NA,NA,NA,NA,NA,NA,NA,NA,NA,NA,NA,0.607802001,2.335583412,0.181857754,4.230280094,0.121880475,3.633769545,0.048926814,0.221583388,0.327360725,1.274683799,0.552230013,0.201261267,0.073806292,0.077891654,0.11508704,0.673508004,0.107130612,0.074173693,0.071564971,0.568552485,2.129461442,2.302661322,1.044851379,0.348523691,4.956335245,0.091767591,0.02343719,0.000314815,0.027763546,0.054652021,0.766434171,0.083989417,0.989352269,1.07460312,0,0,0,0,0,22.99651568,1.428571429,30.55749129,34.21602787,0.194070166,0.594672364,75.24251152,0.437867139,1.190906373,1.096159382,0.315538405,0.666304969,0.799391356,0,0,0,0,0,0.080407397,-1.428571429,-11.32672206,-3.446797105,NA,NA,NA,NA,NA,NA,NA,NA,NA,NA,NA,NA,NA,NA,NA,NA,NA,NA,NA,NA,NA,NA,NA,NA,NA,NA,NA,NA,NA,NA,NA,NA,NA,NA,NA,NA,NA,NA,NA,NA,NA,NA,NA,NA,NA,NA,NA,NA,NA,NA,NA,NA,NA,NA,0.171701039,2.198656106,1.980019427,3.538126215,0.260530796,4.099219601,0.116435134,0.448586305,0.794228049,3.177829094,1.01532653,0.027089022,1.082716895,0.148276917,0.125727817,0.385963282,0.116585471,0.0631062,0.040945802,1.498544441,1.020248997,1.571414361,1.116725871,0.244446129,5.802078359,0.095000418,0.001666723,0.000428611,0.035050475,0.113430957,1.815361647,0.000242936,0.745850786,0.554340855,0,0,0,0,0,75,0,25,25,NA,NA,NA,NA,NA,NA,NA,NA,NA,NA,NA,NA,NA,NA,NA,NA,NA,NA,NA,NA,NA,NA,NA,NA,NA,NA,NA,NA,NA,NA,NA,NA,NA,NA,NA,NA,NA,NA,NA,NA,NA,NA,NA,NA,NA,NA,NA,NA,NA,NA,NA,NA,NA,NA,NA,NA,NA,NA,NA,NA,NA,NA,NA,NA,NA,NA,NA,NA,NA,NA,NA,NA,0.510622065,2.20217861,2.413695469,2.404021366,0.423824297,3.770244463,0.020002385,0.008196566,0.017605356,6.128381547,4.580236043,0.410891624,0.295315327,0.225938926,1.376965907,0.143916018,0.138950566,0.017420784,0.231050848,2.389333758,0.345278056,1.599319264,0.24166368,0.591505694,5.438068136,0.020958403,0.002834305,0.005047161,0.00123069,0.00068309,1.117012551,0.349660923,0.62964928,0.001118222,0,0,0,0,0,50,0,0,0,0.074289044,79.69236151,0.280240264,3.229947537,1.564567649,2.751729656,1.097094628,3.218202172,381.1514725,0,0,0,0,0,50,0,100,0,NA,NA,NA,NA,NA,NA,NA,NA,NA,NA,NA,NA,NA,NA,NA,NA,NA,NA,NA,NA,NA,NA,NA,NA,NA,NA,NA,NA,NA,NA,NA,NA,NA,NA,NA,NA,NA,NA,NA,NA,NA,NA,NA,NA,NA,NA,NA,NA,NA,NA,NA,NA,NA,NA,7.344963307,2.126083444,1.218692125,0.612810822,0.131918936,0.786877154,0.06399347,0.009804313,0.123263136,3.963208979,1.656497557,0.097347584,0.598379388,0.059708306,0.310753423,0.04977349,0.020572249,0.109302358,0.070356506,1.847403394,0.370293336,1.677281053,0.187243926,0.1727675,5.7753443,0.038136922,0.024444009,0.009021841,0.039317969,0.061921015,1.612375183,0.209688178,0.449101134,0.638233126,0.148918648,0.265262981,0.059168804,0.261276431,0.114351058,56.95238695,1.809631716,11.45614007,16.39841377,1.115820497,1.311006552,1.083644047,0.942711742,0.849890367,0.94005458,0.884157332,1.006316492,0.954578776,-0.089816993,0.148448603,-0.059168804,0.093333499,0.122055562,-3.169881037,-0.213887035,-0.226825654,-0.14545869,NA,NA,NA,NA,NA,NA,NA,NA,NA,NA,NA,NA,NA,NA,NA,NA,NA,NA,NA,NA,NA,NA,NA,NA,NA,NA,NA,NA,NA,NA,NA,NA,NA,NA,NA,NA,NA,NA,NA,NA,NA,NA,NA,NA,NA,NA,NA,NA,NA,NA,NA,NA,NA,NA,15.26155471,0.049591204,0.026560372,0.0778595,0.022255499,3.433030916,0.074119785,0.004621453,0.013209995,0.325373387,0.12705966,0.028422824,0.011128885,0.063183389,0.013667927,0.119089813,0.024761203,0.148776197,0.234003079,1.872390967,0.105254654,0.065975461,4.106567779,0.609121837,1.096406203,0.00741696,0.017289549,0.004258802,0.025162838,0.083015346,0.078372037,0.008830272,0.1914156,0.938406598,0.083645088,0.105224716,0.020242915,0.186196376,0.419562152,1.235770113,0.043159258,3.25280142,30.51785867,0.848408795,0.900741841,0.626777819,0.615382035,0.82038259,1.031221284,0.696434859,0.890375589,0.826333809,0.001606404,0.107904013,0.022382831,-0.14357063,0.049321054,0.426633979,-0.043159258,-0.268999204,-7.414704367,NA,NA,NA,NA,NA,NA,NA,NA,NA,NA,NA,NA,NA,NA,NA,NA,NA,NA,NA,NA,NA,NA,NA,NA,NA,NA,NA,NA,NA,NA,NA,NA,NA,NA,NA,NA,NA,NA,NA,NA,NA,NA,NA,NA,NA,NA,NA,NA,NA,NA,NA,NA,NA,NA,3.715751058,0.441847008,0.046974777,3.454137563,1.737422109,1.546812155,0.093121132,0.035161047,0.083467287,0.629335846,0.377189119,0.692114597,0.030606467,0.072109775,0.031231168,0.213144406,0.074221913,0.124408353,0.291929696,0.501233144,2.523406629,0.99032271,1.779282925,0.724879492,3.967910661,0.057848454,0.036601785,0.009585997,0.023989377,0.037521567,0.611453172,0.065356526,1.550192188,0.773290413,0.24522011,0.172606145,0.053402987,0.145597051,0.152656925,12.93057301,0.371360102,55.52699645,19.2301902,0.942070055,0.960159181,1.033495985,1.025994186,1.063168965,0.957956471,0.94694833,0.992088195,0.952288697,0.021695678,-0.012456672,-1.98E-05,0.081281369,-0.019199031,-0.679138334,-0.011023788,-0.555689894,-1.093262399,NA,NA,NA,NA,NA,NA,NA,NA,NA,NA,NA,NA,NA,NA,NA,NA,NA,NA,NA,NA,NA,NA,NA,NA,NA,NA,NA,NA,NA,NA,NA,NA,NA,NA,NA,NA,NA,NA,NA,NA,NA,NA,NA,NA,NA,NA,NA,NA,NA,NA,NA,NA,NA,NA,42.98995879,0.314089594,0.014002737,1.803431436,0.546896357,0.480769714,0.039840393,0.012093833,0.047143362,0.179518047,0.129744401,0.691237079,0.01431641,0.049994469,0.014946785,0.134032749,0.029207389,0.161497883,0.16629671,0.582494933,2.226158396,0.872071881,1.578015356,0.566597719,3.799854334,0.034497303,0.021138651,0.008905716,0.024501158,0.023091462,0.468350112,0.045755949,1.234401687,0.603120606,0.139524249,0.106697972,0.060412258,0.291584904,0.067125198,9.635727989,0.22051586,42.55877632,14.53861562,0.913736546,0.96958078,0.938926408,0.948974096,0.928594495,0.874670284,0.903135629,0.941684297,0.84669885,-0.013505598,0.024121389,0.007997867,-0.013143695,-0.001115429,-1.721756721,-0.020086197,-2.499247509,-3.130927287,NA,NA,NA,NA,NA,NA,NA,NA,NA,NA,NA,NA,NA,NA,NA,NA,NA,NA,NA,NA,NA,NA,NA,NA,NA,NA,NA,NA,NA,NA,NA,NA,NA,NA,NA,NA,NA,NA,NA,NA,NA,NA,NA,NA,NA,NA,NA,NA,NA,NA,NA,NA,NA,NA,100,0.624197439,0.123175889,1.896638984,0.974200581,1.023677697,0.05698136,0.037706665,0.102143801,0.568898539,0.363310506,1.082095833,0.090009087,0.07596643,0.078392148,0.154270147,0.042018763,0.158846675,0.241528973,0.659264439,2.338063948,1.173041922,1.685898631,0.615791314,4.009002433,0.073110529,0.038017921,0.010165606,0.030250906,0.042519094,0.634334513,0.069413834,1.53433104,0.845961986,0.506985065,0.177410857,0.061692157,0.267841398,0.126357594,15.59335478,0.312258055,53.48117332,25.011722,0.809607929,0.918067848,0.91617407,0.894371399,0.887539911,0.882672021,0.878593824,0.919076647,0.850431707,-0.151461637,0.011851153,-0.0005763,-0.017463532,-0.012668957,-2.525733036,-0.037565277,-4.173162539,-5.070866377,NA,NA,NA,NA,NA,NA,NA,NA,NA,NA,NA,NA,NA,NA,NA,NA,NA,NA,NA,NA,NA,NA,NA,NA,NA,NA,NA,NA,NA,NA,NA,NA,NA,NA,NA,NA,NA,NA,NA,NA,NA,NA,NA,NA,NA,NA,NA,NA,NA,NA,NA,NA,NA,NA,,,,,,,,,,,,,,,,,,,,,,,,,,,,,,,,,,,,,,,,,,,,,,,,,,,,,,,,,,,,,,,,,,,,,,,,,,,,,,,,,,,,,,,,,,,,,,,,,,,,,,,,,,,,,,,,,,,,,,,,,,,,,,,,,,,,,,,,,,,,,,,,,,,,,,,,,,,,,,,,,,,,,,,,,,,,,,,,,,,,,,,,,,,,,,,,,,,,,,,,,,,,,,,,,,,,,,,,,,,,,,,,,,,,,,,,,,,,,,,,,,,,,,,,,,,,,,,,,,,,,,,,,,,,,,,,,,,,,,,,,,,,,,,,,,,,,,,,,,,,,,,,,,,,,,,,,,,,,,,,,,,,,,,,,,,,,,,,,,,,,,,,,,,,,,,,,,,,,,,,,,,,,,,,,,,,,,,,,,,,,,,,,,,,,,,,,,,,,,,,,,,,,,,,,,,,,,,,,,,,,,,,,,,,,,,,,,,,,,,,,,,,,,,,,,,,,,,,,,,,,,,,,,,,,,,,,,,,,,,,,,,,,,,,,,,,,,,,,,,,,,,,,,,,,,,,,,,,,,,,,,,,,,,,,,,,,,,,,,,,,,,,,,,,,,,,,,,,,,,,,,,,,,,,,,,,,,,,,,,,,,,,,,,,,,,,,,,,,,,,,,,,,,,,,,,,,,,,,,,,,,,,,,,,,,,,,,,,,,,,,,,,,,,,,,,,,,,,,,,,,,,,,,,,,,,,,,,,,,,,,,,,,,,,,,,,,,,,,,,,,,,,,,,,,,,,,,,,,,,,,,,,,,,,,,,,,,,,,,,,,,,,,,,,,,,,,,,,,,,,,,,,,,,,,,,,,,,,,,,,,,,,,,,,,,,,,,,,,,,,,,,,,,,,,,,,,,,,,,,,,,,,,,,,,,,,,,,,,,,,,,,,,,,,,,,,,,,,,,,,,,,,,,,,,,,,,,,,,,,,,,,,,,,,,,,,,,,,,,,,,,,,,,,,,,,,,,,,,,,,,,,,,,,,,,,,,,,,,,,,,,,,,,,,,,,,,,,,,,,,,,,,,,,,,,,,,,,,,,,,,,,,,,,,,,,,,,,,,,,,,,,,,,,,,,,,,,,,,,,,,,,,,,,,,,,,,,,,,,,,,,,,,,,,,,,,,,,,,,,,,,,,,,,,,,,,,,,,,,,,,,,,,,,,,,,,,,,,,,,,,,,,,,,,,,,,,,,,,,,,,,,,,,,,,,,,,,,,,,,,,,,,,,,,,,,,,,,,,,,,,,,,,,,,,,,,,,,,,,,,,,,,,,,,,,,,,,,,,,,,,,,,,,,,,,,,,,,,,,,,,,,,,,,,,,,,,,,,,,,,,,,,,,,,,,,,,,,,,,,,,,,,,,,,,,,,,,,,,,,,,,,,,,,,,,,,,,,,,,,,,,,,,,,,,,,,,,,,,,,,,,,,,,,,,,,,,,,,,,,,,,,,,,,,,,,,,,,,,,,,,,,,,,,,,,,,,,,,,,,,,,,,,,,,,,,,,,,,,,,,,,,,,,,,,,,,,,,,,,,,,,,,,,,,,,,,,,,,,,,,,,,,,,,,,,,,,,,,,,,,,,,,,,,,,,,,,,,,,,,,,,,,,,,,,,,,,,,,,,,,,,,,,,,,,,,,,,,,,,,,,,,,,,,,,,,,,,,,,,,,,,,,,,,,,,,,,,,,,,,,,,,,,,,,,,,,,,,,,,,,,,,,,,,,,,,,,,,,,,,,,,,,,,,,,,,,,,,,,,,,,,,,,,,,,,,,,,,,,,,,,,,,,,,,,,,,,,,,,,,,,,,,,,,,,,,,,,,,,,,,,,,,,,,,,,,,,,,,,,,,,,,,,,,,,,,,,,,,,,,,,,,,,,,,,,,,,,,,,,,,,,,,,,,,,,,,,,,,,,,,,,,,,,,,,,,,,,,,,,,,,,,,,,,,,,,,,,,,,,,,,,,,,,,,,,,,,,,,,,,,,,,,,,,,,,,,,,,,,,,,Column Name Legend:,,,,,,,,,,,,,,,,,,,,,,,,,,,,,,,,,,,,,,,,,,,,,,,,,,,,,,,,,,,,,,,,,,,,,,,,,,,,,,,,,,,,,,,,,,,,,,,,,,,,,,,,,,,,,,,,,,,,,,,,,,,,,,,,,,,,,,,,,,,,,,,,,,,,,,,,,,,,,,,,,,,,,,,,,,,,,,,,,,,,,,,,,,,,,,,,,,,,,,,,,,,,,,,,,,,,,,,,,,,,,,,,,,,,,,,,,,,,,,,,,,,,,,,,,,,,,,,,,,,,,,,,,,,,,,,,,,,,,,,,,,,,,,,,,,,,,,,,,,,,,,,,,,,,,,,,,,,,,,,,,,,,,,,,,,,,,,,,,,,,,,,,,,,,,,,,,,,,,,,,,,,,,,,,,,,,,,,,,,,,,,,,,,,,,,,,,,,,,,,,,,,,,,,,,,,,,,,,,,,,,,,,,,,,,,,,,,,,,,,,,,,,,,,,,,,,,,,,,,,,,,,,,,,,,,,,,,,,,,,,,,,,,,,,,,,,,,,,,,,,,,,,,,,,,,,,,,,,,,,,,,,,,,,,,,,,,,,,,,,,,,,,,,,,,,,,,,,,,,,,,,,,,,,,,,,,,,,,,,,,,,,,,,,,,,,,,,,,,,,,,,,,,,,,,,,,,,,,,,,,,,,,,,,,,,,,,,,,,,,,,,,,,,,,,,,,,,,,,,,,,,,,,,,,,,,,,,,,,,,,,,,,,,,,,,,,,,,,,,,,,,,,,,,,,,,,,,,,,,,,,,,,,,,,,,,,,,,,,,,,,,,,,,,,,,,,,,,,,,,,,,,,,,,,,,,,,,,,,,,,,,,,,,,,,,,,,,,,,,,,,,,,,,,,,,,,,,,,,,,,,,,,,,,,,,,,,,,,,,,,,,,,,,,,,,,,,,,,,,,,,,,,,,,,,,,,,,,,,,,,,,,,,,,,,,,,,,,,,,,,,,,,,,,,,,,,,,,,,,,,,,,,,,,,,,,,,,,,,,,,,,,,,,,,,,,,,,,,,,,,,,,,,,,,,,,,,,,,,,,,,,,,,,,,,,,,,,,,,,,,,,,,,,,,,,,,,,,,,,,,,,,,,,,,,,,,,,,,,,,,,,,,,,,,,,,,,,,,,,,,,,,,,,,,,,,,,,,,,,,,,,,,,,,,,,,,,,,,,,,,,,,,,,,,,,,,,,,,,,,,,,,,,,,,,,,,,,,,,,,,,,,,,,,,,,,,,,,,,,,,,,,,,,,,,,,,,,,,,,,,,,,,,,,,,,,,,,,,,,,,,,,,,,,,,,,,,,,,,,,,,,,,,,,,,,,,,,,,,,,,,,,,,,,,,,,,,,,,,,,,,,,,,,,,,,,,,,,,,,,,,,,,,,,,,,,,,,,,,,,,,,,,,,,,,,,,,,,,,,,,,,,,,,,,,,,,,,,,,,,,,,,,,,,,,,,,,,,,,,,,,,,,,,,,,,,,,,,,,,,,,,,,,,,,,,,,,,,,,,,,,,,,,,,,,,,,,,,,,,,,,,,,,,,,,,,,,,,,,,,,,,,,,,,,,,,,,,,,,,,,,,,,,,,,,,,,,,,,,,,,,,,,,,,,,,,,,,,,,,,,,,,,,,,,,,,,,,,,,,,,,,,,,,,,,,,,,,,,,,,,,,,,,,,,,,,,,,,,,,,,,,,,,,,,,,,,,,,,,,,,,,,,,,,,,,,,,,,,,,,,,,,,,,,,,,,,,,,,,,,,,,,,,,,,,,,,,,,,,,,,,,,,,,,,,,,,,,,,,,,,,,,,,,,,,,,,,,,,,,,,,,,,,,,,,,,,,,,,,,,,,,,,,,,,,,,,,,,,,,,,,,,,,,,,,,,,,,,,,,,,,,,,,,,,,,,,,,,,,,,,,,,,,,,,,,,,,,,,,,,,,,,,,,,,,,,,,,,,,,,,,,,,,,,,,,,,,,,,,,,,,,,,,,,,,,,,,,,,,,,,Each column name for mass cytometry data was constructed by concatenating strings using the following formula*:,,,,,,,,,,,,,,,,,,,,,,,,,,,,,,,,,,,,,,,,,,,,,,,,,,,,,,,,,,,,,,,,,,,,,,,,,,,,,,,,,,,,,,,,,,,,,,,,,,,,,,,,,,,,,,,,,,,,,,,,,,,,,,,,,,,,,,,,,,,,,,,,,,,,,,,,,,,,,,,,,,,,,,,,,,,,,,,,,,,,,,,,,,,,,,,,,,,,,,,,,,,,,,,,,,,,,,,,,,,,,,,,,,,,,,,,,,,,,,,,,,,,,,,,,,,,,,,,,,,,,,,,,,,,,,,,,,,,,,,,,,,,,,,,,,,,,,,,,,,,,,,,,,,,,,,,,,,,,,,,,,,,,,,,,,,,,,,,,,,,,,,,,,,,,,,,,,,,,,,,,,,,,,,,,,,,,,,,,,,,,,,,,,,,,,,,,,,,,,,,,,,,,,,,,,,,,,,,,,,,,,,,,,,,,,,,,,,,,,,,,,,,,,,,,,,,,,,,,,,,,,,,,,,,,,,,,,,,,,,,,,,,,,,,,,,,,,,,,,,,,,,,,,,,,,,,,,,,,,,,,,,,,,,,,,,,,,,,,,,,,,,,,,,,,,,,,,,,,,,,,,,,,,,,,,,,,,,,,,,,,,,,,,,,,,,,,,,,,,,,,,,,,,,,,,,,,,,,,,,,,,,,,,,,,,,,,,,,,,,,,,,,,,,,,,,,,,,,,,,,,,,,,,,,,,,,,,,,,,,,,,,,,,,,,,,,,,,,,,,,,,,,,,,,,,,,,,,,,,,,,,,,,,,,,,,,,,,,,,,,,,,,,,,,,,,,,,,,,,,,,,,,,,,,,,,,,,,,,,,,,,,,,,,,,,,,,,,,,,,,,,,,,,,,,,,,,,,,,,,,,,,,,,,,,,,,,,,,,,,,,,,,,,,,,,,,,,,,,,,,,,,,,,,,,,,,,,,,,,,,,,,,,,,,,,,,,,,,,,,,,,,,,,,,,,,,,,,,,,,,,,,,,,,,,,,,,,,,,,,,,,,,,,,,,,,,,,,,,,,,,,,,,,,,,,,,,,,,,,,,,,,,,,,,,,,,,,,,,,,,,,,,,,,,,,,,,,,,,,,,,,,,,,,,,,,,,,,,,,,,,,,,,,,,,,,,,,,,,,,,,,,,,,,,,,,,,,,,,,,,,,,,,,,,,,,,,,,,,,,,,,,,,,,,,,,,,,,,,,,,,,,,,,,,,,,,,,,,,,,,,,,,,,,,,,,,,,,,,,,,,,,,,,,,,,,,,,,,,,,,,,,,,,,,,,,,,,,,,,,,,,,,,,,,,,,,,,,,,,,,,,,,,,,,,,,,,,,,,,,,,,,,,,,,,,,,,,,,,,,,,,,,,,,,,,,,,,,,,,,,,,,,,,,,,,,,,,,,,,,,,,,,,,,,,,,,,,,,,,,,,,,,,,,,,,,,,,,,,,,,,,,,,,,,,,,,,,,,,,,,,,,,,,,,,,,,,,,,,,,,,,,,,,,,,,,,,,,,,,,,,,,,,,,,,,,,,,,,,,,,,,,,,,,,,,,,,,,,,,,,,,,,,,,,,,,,,,,,,,,,,,,,,,,,,,,,,,,,,,,,,,,,,,,,,,,,,,,,,,,,,,,,,,,,,,,,,,,,,,,,,,,,,,,,,,,,,,,,,,,,,,,,,,,,,,,,,,,,,,,,,,,,,,,,,,,,,,,,,,,,,,,,,,,,,,,,,,,,,,,,,,,,,,,,,,,,,,,,,,,,,,,,,,,,,,,,,,,,,,,,,,,,,,,,,,,,,,,,,,,,,,,,,,,,,,,,,,,,,,,,,,,,,,,,,,,,,,,,,,,,,,,,,,,,,,,,,,,,,,,,,,,,,,,,,,,,,,,,,,,,,,,,,,,,,,,,,,,,,,,,,,,,,,,,,,,,,,,,,,,,,,,,,,,,,,,,,,,,,,,,,,,,,,,,,,,,,,,,,,,,,,,,,,,,,,,,,,,,,,,,1,"Marker name (e.g. ""pSTAT5"")",,,,,,,,,,,,,,,,,,,,,,,,,,,,,,,,,,,,,,,,,,,,,,,,,,,,,,,,,,,,,,,,,,,,,,,,,,,,,,,,,,,,,,,,,,,,,,,,,,,,,,,,,,,,,,,,,,,,,,,,,,,,,,,,,,,,,,,,,,,,,,,,,,,,,,,,,,,,,,,,,,,,,,,,,,,,,,,,,,,,,,,,,,,,,,,,,,,,,,,,,,,,,,,,,,,,,,,,,,,,,,,,,,,,,,,,,,,,,,,,,,,,,,,,,,,,,,,,,,,,,,,,,,,,,,,,,,,,,,,,,,,,,,,,,,,,,,,,,,,,,,,,,,,,,,,,,,,,,,,,,,,,,,,,,,,,,,,,,,,,,,,,,,,,,,,,,,,,,,,,,,,,,,,,,,,,,,,,,,,,,,,,,,,,,,,,,,,,,,,,,,,,,,,,,,,,,,,,,,,,,,,,,,,,,,,,,,,,,,,,,,,,,,,,,,,,,,,,,,,,,,,,,,,,,,,,,,,,,,,,,,,,,,,,,,,,,,,,,,,,,,,,,,,,,,,,,,,,,,,,,,,,,,,,,,,,,,,,,,,,,,,,,,,,,,,,,,,,,,,,,,,,,,,,,,,,,,,,,,,,,,,,,,,,,,,,,,,,,,,,,,,,,,,,,,,,,,,,,,,,,,,,,,,,,,,,,,,,,,,,,,,,,,,,,,,,,,,,,,,,,,,,,,,,,,,,,,,,,,,,,,,,,,,,,,,,,,,,,,,,,,,,,,,,,,,,,,,,,,,,,,,,,,,,,,,,,,,,,,,,,,,,,,,,,,,,,,,,,,,,,,,,,,,,,,,,,,,,,,,,,,,,,,,,,,,,,,,,,,,,,,,,,,,,,,,,,,,,,,,,,,,,,,,,,,,,,,,,,,,,,,,,,,,,,,,,,,,,,,,,,,,,,,,,,,,,,,,,,,,,,,,,,,,,,,,,,,,,,,,,,,,,,,,,,,,,,,,,,,,,,,,,,,,,,,,,,,,,,,,,,,,,,,,,,,,,,,,,,,,,,,,,,,,,,,,,,,,,,,,,,,,,,,,,,,,,,,,,,,,,,,,,,,,,,,,,,,,,,,,,,,,,,,,,,,,,,,,,,,,,,,,,,,,,,,,,,,,,,,,,,,,,,,,,,,,,,,,,,,,,,,,,,,,,,,,,,,,,,,,,,,,,,,,,,,,,,,,,,,,,,,,,,,,,,,,,,,,,,,,,,,,,,,,,,,,,,,,,,,,,,,,,,,,,,,,,,,,,,,,,,,,,,,,,,,,,,,,,,,,,,,,,,,,,,,,,,,,,,,,,,,,,,,,,,,,,,,,,,,,,,,,,,,,,,,,,,,,,,,,,,,,,,,,,,,,,,,,,,,,,,,,,,,,,,,,,,,,,,,,,,,,,,,,,,,,,,,,,,,,,,,,,,,,,,,,,,,,,,,,,,,,,,,,,,,,,,,,,,,,,,,,,,,,,,,,,,,,,,,,,,,,,,,,,,,,,,,,,,,,,,,,,,,,,,,,,,,,,,,,,,,,,,,,,,,,,,,,,,,,,,,,,,,,,,,,,,,,,,,,,,,,,,,,,,,,,,,,,,,,,,,,,,,,,,,,,,,,,,,,,,,,,,,,,,,,,,,,,,,,,,,,,,,,,,,,,,,,,,,,,,,,,,,,,,,,,,,,,,,,,,,,,,,,,,,,,,,,,,,,,,,,,,,,,,,,,,,,,,,,,,,,,,,,,,,,,,,,,,,,,,,,,,,,,,,,,,,,,,,,,,,,,,,,,,,,,,,,,,,,,,,,,,,,,,,,,,,,,,,,,,,,,,,,,,,,,,,,,,,,,,,,,,,,,,,,,,,,,,,,,,,,,,,,,,,,,,,,,,,,,,,,,,,,,,,,,,,,,,,,,,,,,,,,,,,,,,,,,,,,,,,,,,,,,,,,,,,,,,,,,,,,,,,,,,,,,,,,,,,,,,,,,,,,,,,,,,,,,,,,2,"Type of functional measurement (e.g. ""dP""; functional markers only)",,,,,,,,,,,,,,,,,,,,,,,,,,,,,,,,,,,,,,,,,,,,,,,,,,,,,,,,,,,,,,,,,,,,,,,,,,,,,,,,,,,,,,,,,,,,,,,,,,,,,,,,,,,,,,,,,,,,,,,,,,,,,,,,,,,,,,,,,,,,,,,,,,,,,,,,,,,,,,,,,,,,,,,,,,,,,,,,,,,,,,,,,,,,,,,,,,,,,,,,,,,,,,,,,,,,,,,,,,,,,,,,,,,,,,,,,,,,,,,,,,,,,,,,,,,,,,,,,,,,,,,,,,,,,,,,,,,,,,,,,,,,,,,,,,,,,,,,,,,,,,,,,,,,,,,,,,,,,,,,,,,,,,,,,,,,,,,,,,,,,,,,,,,,,,,,,,,,,,,,,,,,,,,,,,,,,,,,,,,,,,,,,,,,,,,,,,,,,,,,,,,,,,,,,,,,,,,,,,,,,,,,,,,,,,,,,,,,,,,,,,,,,,,,,,,,,,,,,,,,,,,,,,,,,,,,,,,,,,,,,,,,,,,,,,,,,,,,,,,,,,,,,,,,,,,,,,,,,,,,,,,,,,,,,,,,,,,,,,,,,,,,,,,,,,,,,,,,,,,,,,,,,,,,,,,,,,,,,,,,,,,,,,,,,,,,,,,,,,,,,,,,,,,,,,,,,,,,,,,,,,,,,,,,,,,,,,,,,,,,,,,,,,,,,,,,,,,,,,,,,,,,,,,,,,,,,,,,,,,,,,,,,,,,,,,,,,,,,,,,,,,,,,,,,,,,,,,,,,,,,,,,,,,,,,,,,,,,,,,,,,,,,,,,,,,,,,,,,,,,,,,,,,,,,,,,,,,,,,,,,,,,,,,,,,,,,,,,,,,,,,,,,,,,,,,,,,,,,,,,,,,,,,,,,,,,,,,,,,,,,,,,,,,,,,,,,,,,,,,,,,,,,,,,,,,,,,,,,,,,,,,,,,,,,,,,,,,,,,,,,,,,,,,,,,,,,,,,,,,,,,,,,,,,,,,,,,,,,,,,,,,,,,,,,,,,,,,,,,,,,,,,,,,,,,,,,,,,,,,,,,,,,,,,,,,,,,,,,,,,,,,,,,,,,,,,,,,,,,,,,,,,,,,,,,,,,,,,,,,,,,,,,,,,,,,,,,,,,,,,,,,,,,,,,,,,,,,,,,,,,,,,,,,,,,,,,,,,,,,,,,,,,,,,,,,,,,,,,,,,,,,,,,,,,,,,,,,,,,,,,,,,,,,,,,,,,,,,,,,,,,,,,,,,,,,,,,,,,,,,,,,,,,,,,,,,,,,,,,,,,,,,,,,,,,,,,,,,,,,,,,,,,,,,,,,,,,,,,,,,,,,,,,,,,,,,,,,,,,,,,,,,,,,,,,,,,,,,,,,,,,,,,,,,,,,,,,,,,,,,,,,,,,,,,,,,,,,,,,,,,,,,,,,,,,,,,,,,,,,,,,,,,,,,,,,,,,,,,,,,,,,,,,,,,,,,,,,,,,,,,,,,,,,,,,,,,,,,,,,,,,,,,,,,,,,,,,,,,,,,,,,,,,,,,,,,,,,,,,,,,,,,,,,,,,,,,,,,,,,,,,,,,,,,,,,,,,,,,,,,,,,,,,,,,,,,,,,,,,,,,,,,,,,,,,,,,,,,,,,,,,,,,,,,,,,,,,,,,,,,,,,,,,,,,,,,,,,,,,,,,,,,,,,,,,,,,,,,,,,,,,,,,,,,,,,,,,,,,,,,,,,,,,,,,,,,,,,,,,,,,,,,,,,,,,,,,,,,,,,,,,,,,,,,,,,,,,,,,,,,,,,,,,,,,,,,,,,,,,,,,,,,,,,,,,,,,,,,,,,,,,,,,,,,,,,,,,,,,,,,,,,,,,,,,,,,,,,,,,,,,,,,,,,,,,,,,,,,,,,,,,,,,,,,,,,,,,,,,,,,,,,,,,,,,,,,,,,,,,,,,,,,,,,,,,,,,,,,,,,,,,,,,,,,,,,,,,,,,,,3,"Perturbation (e.g. ""Basal""; functional markers only)",,,,,,,,,,,,,,,,,,,,,,,,,,,,,,,,,,,,,,,,,,,,,,,,,,,,,,,,,,,,,,,,,,,,,,,,,,,,,,,,,,,,,,,,,,,,,,,,,,,,,,,,,,,,,,,,,,,,,,,,,,,,,,,,,,,,,,,,,,,,,,,,,,,,,,,,,,,,,,,,,,,,,,,,,,,,,,,,,,,,,,,,,,,,,,,,,,,,,,,,,,,,,,,,,,,,,,,,,,,,,,,,,,,,,,,,,,,,,,,,,,,,,,,,,,,,,,,,,,,,,,,,,,,,,,,,,,,,,,,,,,,,,,,,,,,,,,,,,,,,,,,,,,,,,,,,,,,,,,,,,,,,,,,,,,,,,,,,,,,,,,,,,,,,,,,,,,,,,,,,,,,,,,,,,,,,,,,,,,,,,,,,,,,,,,,,,,,,,,,,,,,,,,,,,,,,,,,,,,,,,,,,,,,,,,,,,,,,,,,,,,,,,,,,,,,,,,,,,,,,,,,,,,,,,,,,,,,,,,,,,,,,,,,,,,,,,,,,,,,,,,,,,,,,,,,,,,,,,,,,,,,,,,,,,,,,,,,,,,,,,,,,,,,,,,,,,,,,,,,,,,,,,,,,,,,,,,,,,,,,,,,,,,,,,,,,,,,,,,,,,,,,,,,,,,,,,,,,,,,,,,,,,,,,,,,,,,,,,,,,,,,,,,,,,,,,,,,,,,,,,,,,,,,,,,,,,,,,,,,,,,,,,,,,,,,,,,,,,,,,,,,,,,,,,,,,,,,,,,,,,,,,,,,,,,,,,,,,,,,,,,,,,,,,,,,,,,,,,,,,,,,,,,,,,,,,,,,,,,,,,,,,,,,,,,,,,,,,,,,,,,,,,,,,,,,,,,,,,,,,,,,,,,,,,,,,,,,,,,,,,,,,,,,,,,,,,,,,,,,,,,,,,,,,,,,,,,,,,,,,,,,,,,,,,,,,,,,,,,,,,,,,,,,,,,,,,,,,,,,,,,,,,,,,,,,,,,,,,,,,,,,,,,,,,,,,,,,,,,,,,,,,,,,,,,,,,,,,,,,,,,,,,,,,,,,,,,,,,,,,,,,,,,,,,,,,,,,,,,,,,,,,,,,,,,,,,,,,,,,,,,,,,,,,,,,,,,,,,,,,,,,,,,,,,,,,,,,,,,,,,,,,,,,,,,,,,,,,,,,,,,,,,,,,,,,,,,,,,,,,,,,,,,,,,,,,,,,,,,,,,,,,,,,,,,,,,,,,,,,,,,,,,,,,,,,,,,,,,,,,,,,,,,,,,,,,,,,,,,,,,,,,,,,,,,,,,,,,,,,,,,,,,,,,,,,,,,,,,,,,,,,,,,,,,,,,,,,,,,,,,,,,,,,,,,,,,,,,,,,,,,,,,,,,,,,,,,,,,,,,,,,,,,,,,,,,,,,,,,,,,,,,,,,,,,,,,,,,,,,,,,,,,,,,,,,,,,,,,,,,,,,,,,,,,,,,,,,,,,,,,,,,,,,,,,,,,,,,,,,,,,,,,,,,,,,,,,,,,,,,,,,,,,,,,,,,,,,,,,,,,,,,,,,,,,,,,,,,,,,,,,,,,,,,,,,,,,,,,,,,,,,,,,,,,,,,,,,,,,,,,,,,,,,,,,,,,,,,,,,,,,,,,,,,,,,,,,,,,,,,,,,,,,,,,,,,,,,,,,,,,,,,,,,,,,,,,,,,,,,,,,,,,,,,,,,,,,,,,,,,,,,,,,,,,,,,,,,,,,,,,,,,,,,,,,,,,,,,,,,,,,,,,,,,,,,,,,,,,,,,,,,,,,,,,,,,,,,,,,,,,,,,,,,,,,,,,,,,,,,,,,,,,,,,,,,,,,,,,,,,,,,,,,,,,,,,,,,,,,,,,,,,,,,,,,,,,,,,,,,,,,,,,,,,,,,,,,,,,,,,,,,,,,,,,,,,,,,,,,,,,,,,,,,,,,,,,,,,,,,,,,,,,,,,,,,,,,,,,,,4,"Population name (e.g. ""Pop5"")",,,,,,,,,,,,,,,,,,,,,,,,,,,,,,,,,,,,,,,,,,,,,,,,,,,,,,,,,,,,,,,,,,,,,,,,,,,,,,,,,,,,,,,,,,,,,,,,,,,,,,,,,,,,,,,,,,,,,,,,,,,,,,,,,,,,,,,,,,,,,,,,,,,,,,,,,,,,,,,,,,,,,,,,,,,,,,,,,,,,,,,,,,,,,,,,,,,,,,,,,,,,,,,,,,,,,,,,,,,,,,,,,,,,,,,,,,,,,,,,,,,,,,,,,,,,,,,,,,,,,,,,,,,,,,,,,,,,,,,,,,,,,,,,,,,,,,,,,,,,,,,,,,,,,,,,,,,,,,,,,,,,,,,,,,,,,,,,,,,,,,,,,,,,,,,,,,,,,,,,,,,,,,,,,,,,,,,,,,,,,,,,,,,,,,,,,,,,,,,,,,,,,,,,,,,,,,,,,,,,,,,,,,,,,,,,,,,,,,,,,,,,,,,,,,,,,,,,,,,,,,,,,,,,,,,,,,,,,,,,,,,,,,,,,,,,,,,,,,,,,,,,,,,,,,,,,,,,,,,,,,,,,,,,,,,,,,,,,,,,,,,,,,,,,,,,,,,,,,,,,,,,,,,,,,,,,,,,,,,,,,,,,,,,,,,,,,,,,,,,,,,,,,,,,,,,,,,,,,,,,,,,,,,,,,,,,,,,,,,,,,,,,,,,,,,,,,,,,,,,,,,,,,,,,,,,,,,,,,,,,,,,,,,,,,,,,,,,,,,,,,,,,,,,,,,,,,,,,,,,,,,,,,,,,,,,,,,,,,,,,,,,,,,,,,,,,,,,,,,,,,,,,,,,,,,,,,,,,,,,,,,,,,,,,,,,,,,,,,,,,,,,,,,,,,,,,,,,,,,,,,,,,,,,,,,,,,,,,,,,,,,,,,,,,,,,,,,,,,,,,,,,,,,,,,,,,,,,,,,,,,,,,,,,,,,,,,,,,,,,,,,,,,,,,,,,,,,,,,,,,,,,,,,,,,,,,,,,,,,,,,,,,,,,,,,,,,,,,,,,,,,,,,,,,,,,,,,,,,,,,,,,,,,,,,,,,,,,,,,,,,,,,,,,,,,,,,,,,,,,,,,,,,,,,,,,,,,,,,,,,,,,,,,,,,,,,,,,,,,,,,,,,,,,,,,,,,,,,,,,,,,,,,,,,,,,,,,,,,,,,,,,,,,,,,,,,,,,,,,,,,,,,,,,,,,,,,,,,,,,,,,,,,,,,,,,,,,,,,,,,,,,,,,,,,,,,,,,,,,,,,,,,,,,,,,,,,,,,,,,,,,,,,,,,,,,,,,,,,,,,,,,,,,,,,,,,,,,,,,,,,,,,,,,,,,,,,,,,,,,,,,,,,,,,,,,,,,,,,,,,,,,,,,,,,,,,,,,,,,,,,,,,,,,,,,,,,,,,,,,,,,,,,,,,,,,,,,,,,,,,,,,,,,,,,,,,,,,,,,,,,,,,,,,,,,,,,,,,,,,,,,,,,,,,,,,,,,,,,,,,,,,,,,,,,,,,,,,,,,,,,,,,,,,,,,,,,,,,,,,,,,,,,,,,,,,,,,,,,,,,,,,,,,,,,,,,,,,,,,,,,,,,,,,,,,,,,,,,,,,,,,,,,,,,,,,,,,,,,,,,,,,,,,,,,,,,,,,,,,,,,,,,,,,,,,,,,,,,,,,,,,,,,,,,,,,,,,,,,,,,,,,,,,,,,,,,,,,,,,,,,,,,,,,,,,,,,,,,,,,,,,,,,,,,,,,,,,,,,,,,,,,,,,,,,,,,,,,,,,,,,,,,,,,,,,,,,,,,,,,,,,,,,,,,,,,,,,,,,,,,,,,,,,,,,,,,,,,,,,,,,,,,,,,,,,,,,,,,,,,,,,,,,,,,,,,,,,,,,,,,,,,,,,,,,,,,,,,,,,,,,,,,,,,,,,,,,,,,,,,,,,,,,,,,,,,,,,,,,,,,,,,,,,,,,,,,,,,,,,,"*Each name component was separated by ""_"".",,,,,,,,,,,,,,,,,,,,,,,,,,,,,,,,,,,,,,,,,,,,,,,,,,,,,,,,,,,,,,,,,,,,,,,,,,,,,,,,,,,,,,,,,,,,,,,,,,,,,,,,,,,,,,,,,,,,,,,,,,,,,,,,,,,,,,,,,,,,,,,,,,,,,,,,,,,,,,,,,,,,,,,,,,,,,,,,,,,,,,,,,,,,,,,,,,,,,,,,,,,,,,,,,,,,,,,,,,,,,,,,,,,,,,,,,,,,,,,,,,,,,,,,,,,,,,,,,,,,,,,,,,,,,,,,,,,,,,,,,,,,,,,,,,,,,,,,,,,,,,,,,,,,,,,,,,,,,,,,,,,,,,,,,,,,,,,,,,,,,,,,,,,,,,,,,,,,,,,,,,,,,,,,,,,,,,,,,,,,,,,,,,,,,,,,,,,,,,,,,,,,,,,,,,,,,,,,,,,,,,,,,,,,,,,,,,,,,,,,,,,,,,,,,,,,,,,,,,,,,,,,,,,,,,,,,,,,,,,,,,,,,,,,,,,,,,,,,,,,,,,,,,,,,,,,,,,,,,,,,,,,,,,,,,,,,,,,,,,,,,,,,,,,,,,,,,,,,,,,,,,,,,,,,,,,,,,,,,,,,,,,,,,,,,,,,,,,,,,,,,,,,,,,,,,,,,,,,,,,,,,,,,,,,,,,,,,,,,,,,,,,,,,,,,,,,,,,,,,,,,,,,,,,,,,,,,,,,,,,,,,,,,,,,,,,,,,,,,,,,,,,,,,,,,,,,,,,,,,,,,,,,,,,,,,,,,,,,,,,,,,,,,,,,,,,,,,,,,,,,,,,,,,,,,,,,,,,,,,,,,,,,,,,,,,,,,,,,,,,,,,,,,,,,,,,,,,,,,,,,,,,,,,,,,,,,,,,,,,,,,,,,,,,,,,,,,,,,,,,,,,,,,,,,,,,,,,,,,,,,,,,,,,,,,,,,,,,,,,,,,,,,,,,,,,,,,,,,,,,,,,,,,,,,,,,,,,,,,,,,,,,,,,,,,,,,,,,,,,,,,,,,,,,,,,,,,,,,,,,,,,,,,,,,,,,,,,,,,,,,,,,,,,,,,,,,,,,,,,,,,,,,,,,,,,,,,,,,,,,,,,,,,,,,,,,,,,,,,,,,,,,,,,,,,,,,,,,,,,,,,,,,,,,,,,,,,,,,,,,,,,,,,,,,,,,,,,,,,,,,,,,,,,,,,,,,,,,,,,,,,,,,,,,,,,,,,,,,,,,,,,,,,,,,,,,,,,,,,,,,,,,,,,,,,,,,,,,,,,,,,,,,,,,,,,,,,,,,,,,,,,,,,,,,,,,,,,,,,,,,,,,,,,,,,,,,,,,,,,,,,,,,,,,,,,,,,,,,,,,,,,,,,,,,,,,,,,,,,,,,,,,,,,,,,,,,,,,,,,,,,,,,,,,,,,,,,,,,,,,,,,,,,,,,,,,,,,,,,,,,,,,,,,,,,,,,,,,,,,,,,,,,,,,,,,,,,,,,,,,,,,,,,,,,,,,,,,,,,,,,,,,,,,,,,,,,,,,,,,,,,,,,,,,,,,,,,,,,,,,,,,,,,,,,,,,,,,,,,,,,,,,,,,,,,,,,,,,,,,,,,,,,,,,,,,,,,,,,,,,,,,,,,,,,,,,,,,,,,,,,,,,,,,,,,,,,,,,,,,,,,,,,,,,,,,,,,,,,,,,,,,,,,,,,,,,,,,,,,,,,,,,,,,,,,,,,,,,,,,,,,,,,,,,,,,,,,,,,,,,,,,,,,,,,,,,,,,,,,,,,,,,,,,,,,,,,,,,,,,,,,,,,,,,,,,,,,,,,,,,,,,,,,,,,,,,,,,,,,,,,,,,,,,,,,,,,,,,,,,,,,,,,,,,,,,,,,,,,,,,,,,,,,,,,,,,,,,,,,,,,,,,,,,,,,,,,,,,,,,,,,,,,,,,,,,,,,,,,,,,,,,,,,,,,,,,,,,,,,,,,,,,,,,,,,,,,,,,,,,,,,,,,,,,,,,,,,,,,,,,,,,,,,,,,,,,,,,,,,,,,,,,,,,,,,,,,,,,,,,,,,,,,,,,,,,,,,,,,,,,,,,,,,,,,,,,,,,,,,,,,,,,,,,,,,,,,,,,,,,,,,,,,,,,,,,,,,,,,,,,,,,,,,,,,,,,,,,,,,,,,,,,,,,,,,,,,,,,,,,,,,,,,,,,,,,,,,,,,,,,,,,,,,,,,,,,,,,,,,,,,,,,,,,,,,,,,,,,,,,,,,,,,,,,,,,,,,,,,,,,,,,,,,,,,,,,,,,,,,,,,,,,,,,,,,,,,,,,,,,,,,,,,,,,,,,,,,,,,,,,,,,,,,,,,,,,,,,,,,,,,,,,,,,,,,,,,,,,,,,,,,,,,,,,,,,,,,,,,,,,,,,,,,,,,,,,,,,,,,,,,,,,,,,,,,,,,,,,,,,,,,,,,,,,,,,,,,,,,,,,,,,,,,,,,,,,,,,,,,,,,,,,,,,,,,,,,,,,,,,,,,,,,,,,,,,,,,,,,,,,,,,,,,,,,,,,,,,,,,,,,,,,,,,,,,,,,,,,,,,,,,,,,,,,,,,,,,,,,,,,,,,,,,,,,,,,,,,,,,,,,,,,,,,,,,,,,,,,,,,,,,,,,,,,,,,,,,,,,,,,,,,,,,,,,,,,,,,,,,,,,,,,,,,,,,,,,,,,,,,,,,,,,,,,,,,,,,,,,,,,,,,,,,,,,,,,,,,,,,,,,,,,,,,,,,,,,,,,,,,,,,,,,,,,,,,,,,,,,,,,,,,,,,,,,,,,,,,,,,,,,,,,,,,,,,,,,,,,,,,,,,,,,,,,,,,,,,,,,,,,,,,,,,,,,,,,,,,,,,,,,,,,,,,,,,,,,,,,,,,,,,,,,,,,,,,,,,,,,,,,,,,,,,,,,,,,,,,,,,,,,,,,,,,,,,,,,,,,,,,,,,,,,,,,,,,,,,,,,,,,,,,,,,,,,,,,,,,,,,,,,,,,,,,,,,,,,,,,,,,,,,,,,,,,,,,,,,,,,,,,,,,,,,,,,,,,,,,,,,,,,,,,,,,,,,,,,,,,,,,,,,,,,,,,,,,,,,,,,,,,,,,,,,,,,,,,,,,,,,,,,,,,,,,,,,,,,,,,,,,,,,,,,,,,,,,,,,,,,,,,,,,,,,,,,,,,,,,,,,,,,,,,,,,,,,,,,,,,,,,,,,,,,,,,,,,,,,,,,,,,,,,,,,,,,,,,,,,,,,,,,,,,,,,,,,,,,,,,,,,,,,,,,,,,,,,,,,,,,,,,,,,,,,,,,,,,,,,,,,,,,,,,,,,,,,,,,,,,,,,,,,,,,,,,,,,,,,,,,,,,,,,,,,,,,,,,,,,,,,,,,,,,,,,,,,,,,,,,,,,,,,,,,,,,,,,,,,,,,,,,,,,,,,,,,,,,,,,,,,,,,,,,,,,,,,,,,,,,,,,,,,,,,,,,,,,,,,,,,,,,,,,,,,,,,,,,,,,,,,,,,,,,,,,,,,,,,,,,,,,,,,,,,,,,,,,,,,,,,,,,,,,,,,,,,,,,,,,,,,,,,,,,,,,,,,,,,,,,,,,,,,,,,,,,,,,,,,,,,,,,,,,,,,,,,,,,,,,,,,,,,,,,,,,,,,,,,,,,,,,,,,,,,,,,,,,,,,,,,,,,,,,,,,,,,,,,,,,,,,,,,,,,,,,,,,,,,,,,,,,,,,,,,,,,,,,,,,,,,,,,,,,,,,,,,,,,,,,,,,,,,,,,,,,,,,,,,,,,,,,,,,,,,,,,,,,,,,,,,,,,,,,,,,,,,,,,,,,,,,,,,,,,,,,,,,,,,,,,,,,,,,,,,,,,,,,,,,,,,,,,,,,,,,,,,,,,,,,,,,,,,,,,,,,,,,,,,,,,,,,,,,,,,,,,,,,,,,,,,,,Marker Names,,,,Type of Measurement for Phosphorylated Markers,,,,,,,,,,,,,,,,,,,,,,,,,,,,,,,,,,,,,,,,,,,,,,,,,,,,,,,,,,,,,,,,,,,,,,,,,,,,,,,,,,,,,,,,,,,,,,,,,,,,,,,,,,,,,,,,,,,,,,,,,,,,,,,,,,,,,,,,,,,,,,,,,,,,,,,,,,,,,,,,,,,,,,,,,,,,,,,,,,,,,,,,,,,,,,,,,,,,,,,,,,,,,,,,,,,,,,,,,,,,,,,,,,,,,,,,,,,,,,,,,,,,,,,,,,,,,,,,,,,,,,,,,,,,,,,,,,,,,,,,,,,,,,,,,,,,,,,,,,,,,,,,,,,,,,,,,,,,,,,,,,,,,,,,,,,,,,,,,,,,,,,,,,,,,,,,,,,,,,,,,,,,,,,,,,,,,,,,,,,,,,,,,,,,,,,,,,,,,,,,,,,,,,,,,,,,,,,,,,,,,,,,,,,,,,,,,,,,,,,,,,,,,,,,,,,,,,,,,,,,,,,,,,,,,,,,,,,,,,,,,,,,,,,,,,,,,,,,,,,,,,,,,,,,,,,,,,,,,,,,,,,,,,,,,,,,,,,,,,,,,,,,,,,,,,,,,,,,,,,,,,,,,,,,,,,,,,,,,,,,,,,,,,,,,,,,,,,,,,,,,,,,,,,,,,,,,,,,,,,,,,,,,,,,,,,,,,,,,,,,,,,,,,,,,,,,,,,,,,,,,,,,,,,,,,,,,,,,,,,,,,,,,,,,,,,,,,,,,,,,,,,,,,,,,,,,,,,,,,,,,,,,,,,,,,,,,,,,,,,,,,,,,,,,,,,,,,,,,,,,,,,,,,,,,,,,,,,,,,,,,,,,,,,,,,,,,,,,,,,,,,,,,,,,,,,,,,,,,,,,,,,,,,,,,,,,,,,,,,,,,,,,,,,,,,,,,,,,,,,,,,,,,,,,,,,,,,,,,,,,,,,,,,,,,,,,,,,,,,,,,,,,,,,,,,,,,,,,,,,,,,,,,,,,,,,,,,,,,,,,,,,,,,,,,,,,,,,,,,,,,,,,,,,,,,,,,,,,,,,,,,,,,,,,,,,,,,,,,,,,,,,,,,,,,,,,,,,,,,,,,,,,,,,,,,,,,,,,,,,,,,,,,,,,,,,,,,,,,,,,,,,,,,,,,,,,,,,,,,,,,,,,,,,,,,,,,,,,,,,,,,,,,,,,,,,,,,,,,,,,,,,,,,,,,,,,,,,,,,,,,,,,,,,,,,,,,,,,,,,,,,,,,,,,,,,,,,,,,,,,,,,,,,,,,,,,,,,,,,,,,,,,,,,,,,,,,,,,,,,,,,,,,,,,,,,,,,,,,,,,,,,,,,,,,,,,,,,,,,,,,,,,,,,,,,,,,,,,,,,,,,,,,,,,,,,,,,,,,,,,,,,,,,,,,,,,,,,,,,,,,,,,,,,,,,,,,,,,,,,,,,,,,,,,,,,,,,,,,,,,,,,,,,,,,,,,,,,,,,,,,,,,,,,,,,,,,,,,,,,,,,,,,,,,,,,,,,,,,,,,,,,,,,,,,,,,,,,,,,,,,,,,,,,,,,,,,,,,,,,,,,,,,,,,,,,,,,,,,,,,,,,,,,,,,,,,,,,,,,,,,,,,,,,,,,,,,,,,,,,,,,,,,,,,,,,,,,,,,,,,,,,,,,,,,,,,,,,,,,,,,,,,,,,,,,,,,,,,,,,,,,,,,,,,,,,,,,,,,,,,,,,,,,,,,,,,,,,,,,,,,,,,,,,,,,,,,,,,,,,,,,,,,,,,,,,,,,,,,,,,,,,,,,,,,,,,,,,,,,,,,,,,,,,,,,,,,,,,,,,,,,,,,,,,,,,,,,,,,,,,,,,,,,,,,,,,,,,,,,,,,,,,,,,,,,,,,,,,,,,,,,,,,,,,,,,,,,,,,,,,,,,,,,,,,,,,,,,,,,,,,,,,,,,,,,,,,,,,,,,,,,,,,,,,,,,,,,,,Name,Description,,,Name,Description,,,,,,,,,,,,,,,,,,,,,,,,,,,,,,,,,,,,,,,,,,,,,,,,,,,,,,,,,,,,,,,,,,,,,,,,,,,,,,,,,,,,,,,,,,,,,,,,,,,,,,,,,,,,,,,,,,,,,,,,,,,,,,,,,,,,,,,,,,,,,,,,,,,,,,,,,,,,,,,,,,,,,,,,,,,,,,,,,,,,,,,,,,,,,,,,,,,,,,,,,,,,,,,,,,,,,,,,,,,,,,,,,,,,,,,,,,,,,,,,,,,,,,,,,,,,,,,,,,,,,,,,,,,,,,,,,,,,,,,,,,,,,,,,,,,,,,,,,,,,,,,,,,,,,,,,,,,,,,,,,,,,,,,,,,,,,,,,,,,,,,,,,,,,,,,,,,,,,,,,,,,,,,,,,,,,,,,,,,,,,,,,,,,,,,,,,,,,,,,,,,,,,,,,,,,,,,,,,,,,,,,,,,,,,,,,,,,,,,,,,,,,,,,,,,,,,,,,,,,,,,,,,,,,,,,,,,,,,,,,,,,,,,,,,,,,,,,,,,,,,,,,,,,,,,,,,,,,,,,,,,,,,,,,,,,,,,,,,,,,,,,,,,,,,,,,,,,,,,,,,,,,,,,,,,,,,,,,,,,,,,,,,,,,,,,,,,,,,,,,,,,,,,,,,,,,,,,,,,,,,,,,,,,,,,,,,,,,,,,,,,,,,,,,,,,,,,,,,,,,,,,,,,,,,,,,,,,,,,,,,,,,,,,,,,,,,,,,,,,,,,,,,,,,,,,,,,,,,,,,,,,,,,,,,,,,,,,,,,,,,,,,,,,,,,,,,,,,,,,,,,,,,,,,,,,,,,,,,,,,,,,,,,,,,,,,,,,,,,,,,,,,,,,,,,,,,,,,,,,,,,,,,,,,,,,,,,,,,,,,,,,,,,,,,,,,,,,,,,,,,,,,,,,,,,,,,,,,,,,,,,,,,,,,,,,,,,,,,,,,,,,,,,,,,,,,,,,,,,,,,,,,,,,,,,,,,,,,,,,,,,,,,,,,,,,,,,,,,,,,,,,,,,,,,,,,,,,,,,,,,,,,,,,,,,,,,,,,,,,,,,,,,,,,,,,,,,,,,,,,,,,,,,,,,,,,,,,,,,,,,,,,,,,,,,,,,,,,,,,,,,,,,,,,,,,,,,,,,,,,,,,,,,,,,,,,,,,,,,,,,,,,,,,,,,,,,,,,,,,,,,,,,,,,,,,,,,,,,,,,,,,,,,,,,,,,,,,,,,,,,,,,,,,,,,,,,,,,,,,,,,,,,,,,,,,,,,,,,,,,,,,,,,,,,,,,,,,,,,,,,,,,,,,,,,,,,,,,,,,,,,,,,,,,,,,,,,,,,,,,,,,,,,,,,,,,,,,,,,,,,,,,,,,,,,,,,,,,,,,,,,,,,,,,,,,,,,,,,,,,,,,,,,,,,,,,,,,,,,,,,,,,,,,,,,,,,,,,,,,,,,,,,,,,,,,,,,,,,,,,,,,,,,,,,,,,,,,,,,,,,,,,,,,,,,,,,,,,,,,,,,,,,,,,,,,,,,,,,,,,,,,,,,,,,,,,,,,,,,,,,,,,,,,,,,,,,,,,,,,,,,,,,,,,,,,,,,,,,,,,,,,,,,,,,,,,,,,,,,,,,,,,,,,,,,,,,,,,,,,,,,,,,,,,,,,,,,,,,,,,,,,,,,,,,,,,,,,,,,,,,,,,,,,,,,,,,,,,,,,,,,,,,,,,,,,,,,,,,,,,,,,,,,,,,,,,,,,,,,,,,,,,,,,,,,,,,,,,,,,,,,,,,,,,,,,,,,,,,,,,,,,,,,,,,,,,,,,,,,,,,,,,,,,,,,,,,,,,,,,,,,,,,,,,,,,,,,,,,,,,,,,,,,,,,,,,,,,,,,,,,,,,,,,,,,,,,,,,,,,,,,,,,,,,,,,,,,,,,,,,,,,,,,,,,,,,,,,,,,,,,,,,,,,,,,,,,,,Pop_P,Cells in Population (%),,,dP,"% Positive cells in Basal condition, or change in % positive cells from Basal following perturbation",,,,,,,,,,,,,,,,,,,,,,,,,,,,,,,,,,,,,,,,,,,,,,,,,,,,,,,,,,,,,,,,,,,,,,,,,,,,,,,,,,,,,,,,,,,,,,,,,,,,,,,,,,,,,,,,,,,,,,,,,,,,,,,,,,,,,,,,,,,,,,,,,,,,,,,,,,,,,,,,,,,,,,,,,,,,,,,,,,,,,,,,,,,,,,,,,,,,,,,,,,,,,,,,,,,,,,,,,,,,,,,,,,,,,,,,,,,,,,,,,,,,,,,,,,,,,,,,,,,,,,,,,,,,,,,,,,,,,,,,,,,,,,,,,,,,,,,,,,,,,,,,,,,,,,,,,,,,,,,,,,,,,,,,,,,,,,,,,,,,,,,,,,,,,,,,,,,,,,,,,,,,,,,,,,,,,,,,,,,,,,,,,,,,,,,,,,,,,,,,,,,,,,,,,,,,,,,,,,,,,,,,,,,,,,,,,,,,,,,,,,,,,,,,,,,,,,,,,,,,,,,,,,,,,,,,,,,,,,,,,,,,,,,,,,,,,,,,,,,,,,,,,,,,,,,,,,,,,,,,,,,,,,,,,,,,,,,,,,,,,,,,,,,,,,,,,,,,,,,,,,,,,,,,,,,,,,,,,,,,,,,,,,,,,,,,,,,,,,,,,,,,,,,,,,,,,,,,,,,,,,,,,,,,,,,,,,,,,,,,,,,,,,,,,,,,,,,,,,,,,,,,,,,,,,,,,,,,,,,,,,,,,,,,,,,,,,,,,,,,,,,,,,,,,,,,,,,,,,,,,,,,,,,,,,,,,,,,,,,,,,,,,,,,,,,,,,,,,,,,,,,,,,,,,,,,,,,,,,,,,,,,,,,,,,,,,,,,,,,,,,,,,,,,,,,,,,,,,,,,,,,,,,,,,,,,,,,,,,,,,,,,,,,,,,,,,,,,,,,,,,,,,,,,,,,,,,,,,,,,,,,,,,,,,,,,,,,,,,,,,,,,,,,,,,,,,,,,,,,,,,,,,,,,,,,,,,,,,,,,,,,,,,,,,,,,,,,,,,,,,,,,,,,,,,,,,,,,,,,,,,,,,,,,,,,,,,,,,,,,,,,,,,,,,,,,,,,,,,,,,,,,,,,,,,,,,,,,,,,,,,,,,,,,,,,,,,,,,,,,,,,,,,,,,,,,,,,,,,,,,,,,,,,,,,,,,,,,,,,,,,,,,,,,,,,,,,,,,,,,,,,,,,,,,,,,,,,,,,,,,,,,,,,,,,,,,,,,,,,,,,,,,,,,,,,,,,,,,,,,,,,,,,,,,,,,,,,,,,,,,,,,,,,,,,,,,,,,,,,,,,,,,,,,,,,,,,,,,,,,,,,,,,,,,,,,,,,,,,,,,,,,,,,,,,,,,,,,,,,,,,,,,,,,,,,,,,,,,,,,,,,,,,,,,,,,,,,,,,,,,,,,,,,,,,,,,,,,,,,,,,,,,,,,,,,,,,,,,,,,,,,,,,,,,,,,,,,,,,,,,,,,,,,,,,,,,,,,,,,,,,,,,,,,,,,,,,,,,,,,,,,,,,,,,,,,,,,,,,,,,,,,,,,,,,,,,,,,,,,,,,,,,,,,,,,,,,,,,,,,,,,,,,,,,,,,,,,,,,,,,,,,,,,,,,,,,,,,,,,,,,,,,,,,,,,,,,,,,,,,,,,,,,,,,,,,,,,,,,,,,,,,,,,,,,,,,,,,,,,,,,,,,,,,,,,,,,,,,,,,,,,,,,,,,,,,,,,,,,,,,,,,,,,,,,,,,,,,,,,,,,,,,,,,,,,,,,,,,,,,,,,,,,,,,,,,,,,,,,,,,,,,,,,,,,,,,,,,,,,,,,,,,,,,,,,,,,,,,,,,,,,,,,,,,,,,,,,,,,,,,,,,,,,,,,,,,,,,,,,,,,,,,,,,,,,,,,,,,,,,,,,,,,,,,,,,,,,,,,,,,,,,,,,,,,,,,,,,,,,,,,,,,,,,,,,,,,,CD10,CD10,,,FC,"Mean arsinh-transformed expression in Basal condition, or fold change from Basal following perturbation",,,,,,,,,,,,,,,,,,,,,,,,,,,,,,,,,,,,,,,,,,,,,,,,,,,,,,,,,,,,,,,,,,,,,,,,,,,,,,,,,,,,,,,,,,,,,,,,,,,,,,,,,,,,,,,,,,,,,,,,,,,,,,,,,,,,,,,,,,,,,,,,,,,,,,,,,,,,,,,,,,,,,,,,,,,,,,,,,,,,,,,,,,,,,,,,,,,,,,,,,,,,,,,,,,,,,,,,,,,,,,,,,,,,,,,,,,,,,,,,,,,,,,,,,,,,,,,,,,,,,,,,,,,,,,,,,,,,,,,,,,,,,,,,,,,,,,,,,,,,,,,,,,,,,,,,,,,,,,,,,,,,,,,,,,,,,,,,,,,,,,,,,,,,,,,,,,,,,,,,,,,,,,,,,,,,,,,,,,,,,,,,,,,,,,,,,,,,,,,,,,,,,,,,,,,,,,,,,,,,,,,,,,,,,,,,,,,,,,,,,,,,,,,,,,,,,,,,,,,,,,,,,,,,,,,,,,,,,,,,,,,,,,,,,,,,,,,,,,,,,,,,,,,,,,,,,,,,,,,,,,,,,,,,,,,,,,,,,,,,,,,,,,,,,,,,,,,,,,,,,,,,,,,,,,,,,,,,,,,,,,,,,,,,,,,,,,,,,,,,,,,,,,,,,,,,,,,,,,,,,,,,,,,,,,,,,,,,,,,,,,,,,,,,,,,,,,,,,,,,,,,,,,,,,,,,,,,,,,,,,,,,,,,,,,,,,,,,,,,,,,,,,,,,,,,,,,,,,,,,,,,,,,,,,,,,,,,,,,,,,,,,,,,,,,,,,,,,,,,,,,,,,,,,,,,,,,,,,,,,,,,,,,,,,,,,,,,,,,,,,,,,,,,,,,,,,,,,,,,,,,,,,,,,,,,,,,,,,,,,,,,,,,,,,,,,,,,,,,,,,,,,,,,,,,,,,,,,,,,,,,,,,,,,,,,,,,,,,,,,,,,,,,,,,,,,,,,,,,,,,,,,,,,,,,,,,,,,,,,,,,,,,,,,,,,,,,,,,,,,,,,,,,,,,,,,,,,,,,,,,,,,,,,,,,,,,,,,,,,,,,,,,,,,,,,,,,,,,,,,,,,,,,,,,,,,,,,,,,,,,,,,,,,,,,,,,,,,,,,,,,,,,,,,,,,,,,,,,,,,,,,,,,,,,,,,,,,,,,,,,,,,,,,,,,,,,,,,,,,,,,,,,,,,,,,,,,,,,,,,,,,,,,,,,,,,,,,,,,,,,,,,,,,,,,,,,,,,,,,,,,,,,,,,,,,,,,,,,,,,,,,,,,,,,,,,,,,,,,,,,,,,,,,,,,,,,,,,,,,,,,,,,,,,,,,,,,,,,,,,,,,,,,,,,,,,,,,,,,,,,,,,,,,,,,,,,,,,,,,,,,,,,,,,,,,,,,,,,,,,,,,,,,,,,,,,,,,,,,,,,,,,,,,,,,,,,,,,,,,,,,,,,,,,,,,,,,,,,,,,,,,,,,,,,,,,,,,,,,,,,,,,,,,,,,,,,,,,,,,,,,,,,,,,,,,,,,,,,,,,,,,,,,,,,,,,,,,,,,,,,,,,,,,,,,,,,,,,,,,,,,,,,,,,,,,,,,,,,,,,,,,,,,,,,,,,,,,,,,,,,,,,,,,,,,,,,,,,,,,,,,,,,,,,,,,,,,,,,,,,,,,,,,,,,,,,,,,,,,,,,,,,,,,,,,,,,,,,,,,,,,,,,,,,,,,,,,,,,,,,,,,,,,,,,,,,,,,,,,,,,,,,,,,,,,,,,,,,,,,,,,,,,,,,,,,,,,,,,,,,,,,,,,,,,,,,,,,,,,,,,,,,,,,,,,,,,,,,,,,,,,,,,,,,,,,,,,,,,,,,,,,,,,,,,,,,,,,,,,,,,,,,,,,,,,,,,,,,,,,,,,,,,,,,,,,,,,,,,,,,,,,,,,,,,,,,,,,,,,,,,,,,,,,,,,,,,,,CD123,CD123,,,,,,,,,,,,,,,,,,,,,,,,,,,,,,,,,,,,,,,,,,,,,,,,,,,,,,,,,,,,,,,,,,,,,,,,,,,,,,,,,,,,,,,,,,,,,,,,,,,,,,,,,,,,,,,,,,,,,,,,,,,,,,,,,,,,,,,,,,,,,,,,,,,,,,,,,,,,,,,,,,,,,,,,,,,,,,,,,,,,,,,,,,,,,,,,,,,,,,,,,,,,,,,,,,,,,,,,,,,,,,,,,,,,,,,,,,,,,,,,,,,,,,,,,,,,,,,,,,,,,,,,,,,,,,,,,,,,,,,,,,,,,,,,,,,,,,,,,,,,,,,,,,,,,,,,,,,,,,,,,,,,,,,,,,,,,,,,,,,,,,,,,,,,,,,,,,,,,,,,,,,,,,,,,,,,,,,,,,,,,,,,,,,,,,,,,,,,,,,,,,,,,,,,,,,,,,,,,,,,,,,,,,,,,,,,,,,,,,,,,,,,,,,,,,,,,,,,,,,,,,,,,,,,,,,,,,,,,,,,,,,,,,,,,,,,,,,,,,,,,,,,,,,,,,,,,,,,,,,,,,,,,,,,,,,,,,,,,,,,,,,,,,,,,,,,,,,,,,,,,,,,,,,,,,,,,,,,,,,,,,,,,,,,,,,,,,,,,,,,,,,,,,,,,,,,,,,,,,,,,,,,,,,,,,,,,,,,,,,,,,,,,,,,,,,,,,,,,,,,,,,,,,,,,,,,,,,,,,,,,,,,,,,,,,,,,,,,,,,,,,,,,,,,,,,,,,,,,,,,,,,,,,,,,,,,,,,,,,,,,,,,,,,,,,,,,,,,,,,,,,,,,,,,,,,,,,,,,,,,,,,,,,,,,,,,,,,,,,,,,,,,,,,,,,,,,,,,,,,,,,,,,,,,,,,,,,,,,,,,,,,,,,,,,,,,,,,,,,,,,,,,,,,,,,,,,,,,,,,,,,,,,,,,,,,,,,,,,,,,,,,,,,,,,,,,,,,,,,,,,,,,,,,,,,,,,,,,,,,,,,,,,,,,,,,,,,,,,,,,,,,,,,,,,,,,,,,,,,,,,,,,,,,,,,,,,,,,,,,,,,,,,,,,,,,,,,,,,,,,,,,,,,,,,,,,,,,,,,,,,,,,,,,,,,,,,,,,,,,,,,,,,,,,,,,,,,,,,,,,,,,,,,,,,,,,,,,,,,,,,,,,,,,,,,,,,,,,,,,,,,,,,,,,,,,,,,,,,,,,,,,,,,,,,,,,,,,,,,,,,,,,,,,,,,,,,,,,,,,,,,,,,,,,,,,,,,,,,,,,,,,,,,,,,,,,,,,,,,,,,,,,,,,,,,,,,,,,,,,,,,,,,,,,,,,,,,,,,,,,,,,,,,,,,,,,,,,,,,,,,,,,,,,,,,,,,,,,,,,,,,,,,,,,,,,,,,,,,,,,,,,,,,,,,,,,,,,,,,,,,,,,,,,,,,,,,,,,,,,,,,,,,,,,,,,,,,,,,,,,,,,,,,,,,,,,,,,,,,,,,,,,,,,,,,,,,,,,,,,,,,,,,,,,,,,,,,,,,,,,,,,,,,,,,,,,,,,,,,,,,,,,,,,,,,,,,,,,,,,,,,,,,,,,,,,,,,,,,,,,,,,,,,,,,,,,,,,,,,,,,,,,,,,,,,,,,,,,,,,,,,,,,,,,,,,,,,,,,,,,,,,,,,,,,,,,,,,,,,,,,,,,,,,,,,,,,,,,,,,,,,,,,,,,,,,,,,,,,,,,,,,,,,,,,,,,,,,,,,,,,,,,,,,,,,,,,,,,,,,,,,,,,,,,,,,,,,,,,,,,,,,,,,,,,,,,,,,,,,,,,,,,,,,,,,,,,,,,,,,,,,,,,,,,,,,,,,,,,,,,,,,,,,,,,,,,,,,,,,,,,,,,,,,,,,,,,,,,,,,,,,,,,,,,,,,,,,,,,,,,,,,,,,,,,,,,,,,,,,,,,,,,,,,,,,,,,,,,,,,CD127,CD127,,,Perturbations,,,,,,,,,,,,,,,,,,,,,,,,,,,,,,,,,,,,,,,,,,,,,,,,,,,,,,,,,,,,,,,,,,,,,,,,,,,,,,,,,,,,,,,,,,,,,,,,,,,,,,,,,,,,,,,,,,,,,,,,,,,,,,,,,,,,,,,,,,,,,,,,,,,,,,,,,,,,,,,,,,,,,,,,,,,,,,,,,,,,,,,,,,,,,,,,,,,,,,,,,,,,,,,,,,,,,,,,,,,,,,,,,,,,,,,,,,,,,,,,,,,,,,,,,,,,,,,,,,,,,,,,,,,,,,,,,,,,,,,,,,,,,,,,,,,,,,,,,,,,,,,,,,,,,,,,,,,,,,,,,,,,,,,,,,,,,,,,,,,,,,,,,,,,,,,,,,,,,,,,,,,,,,,,,,,,,,,,,,,,,,,,,,,,,,,,,,,,,,,,,,,,,,,,,,,,,,,,,,,,,,,,,,,,,,,,,,,,,,,,,,,,,,,,,,,,,,,,,,,,,,,,,,,,,,,,,,,,,,,,,,,,,,,,,,,,,,,,,,,,,,,,,,,,,,,,,,,,,,,,,,,,,,,,,,,,,,,,,,,,,,,,,,,,,,,,,,,,,,,,,,,,,,,,,,,,,,,,,,,,,,,,,,,,,,,,,,,,,,,,,,,,,,,,,,,,,,,,,,,,,,,,,,,,,,,,,,,,,,,,,,,,,,,,,,,,,,,,,,,,,,,,,,,,,,,,,,,,,,,,,,,,,,,,,,,,,,,,,,,,,,,,,,,,,,,,,,,,,,,,,,,,,,,,,,,,,,,,,,,,,,,,,,,,,,,,,,,,,,,,,,,,,,,,,,,,,,,,,,,,,,,,,,,,,,,,,,,,,,,,,,,,,,,,,,,,,,,,,,,,,,,,,,,,,,,,,,,,,,,,,,,,,,,,,,,,,,,,,,,,,,,,,,,,,,,,,,,,,,,,,,,,,,,,,,,,,,,,,,,,,,,,,,,,,,,,,,,,,,,,,,,,,,,,,,,,,,,,,,,,,,,,,,,,,,,,,,,,,,,,,,,,,,,,,,,,,,,,,,,,,,,,,,,,,,,,,,,,,,,,,,,,,,,,,,,,,,,,,,,,,,,,,,,,,,,,,,,,,,,,,,,,,,,,,,,,,,,,,,,,,,,,,,,,,,,,,,,,,,,,,,,,,,,,,,,,,,,,,,,,,,,,,,,,,,,,,,,,,,,,,,,,,,,,,,,,,,,,,,,,,,,,,,,,,,,,,,,,,,,,,,,,,,,,,,,,,,,,,,,,,,,,,,,,,,,,,,,,,,,,,,,,,,,,,,,,,,,,,,,,,,,,,,,,,,,,,,,,,,,,,,,,,,,,,,,,,,,,,,,,,,,,,,,,,,,,,,,,,,,,,,,,,,,,,,,,,,,,,,,,,,,,,,,,,,,,,,,,,,,,,,,,,,,,,,,,,,,,,,,,,,,,,,,,,,,,,,,,,,,,,,,,,,,,,,,,,,,,,,,,,,,,,,,,,,,,,,,,,,,,,,,,,,,,,,,,,,,,,,,,,,,,,,,,,,,,,,,,,,,,,,,,,,,,,,,,,,,,,,,,,,,,,,,,,,,,,,,,,,,,,,,,,,,,,,,,,,,,,,,,,,,,,,,,,,,,,,,,,,,,,,,,,,,,,,,,,,,,,,,,,,,,,,,,,,,,,,,,,,,,,,,,,,,,,,,,,,,,,,,,,,,,,,,,,,,,,,,,,,,,,,,,,,,,,,,,,,,,,,,,,,,,,,,,,,,,,,,,,,,,,,,,,,,,,,,,,,,,,,,,,,,,,,,,,,,,,,,,,,,,,,,,,,,,,,,,,,,,,,,,,,,,,,,,,,,,,,,,,,,,,,,,,,,,,,,,,,,,,,,,,,,,,,,,,,,,,,,,,,,,,,,,,,,,,,,,,,,,,,,,,,,,,,,,,,,,,,,,,,,,,,,,,,,,,,,,,,,,,,,,,,,,,,,,,,,,,,,,CD179a,CD179a,,,Name,Description,,,,,,,,,,,,,,,,,,,,,,,,,,,,,,,,,,,,,,,,,,,,,,,,,,,,,,,,,,,,,,,,,,,,,,,,,,,,,,,,,,,,,,,,,,,,,,,,,,,,,,,,,,,,,,,,,,,,,,,,,,,,,,,,,,,,,,,,,,,,,,,,,,,,,,,,,,,,,,,,,,,,,,,,,,,,,,,,,,,,,,,,,,,,,,,,,,,,,,,,,,,,,,,,,,,,,,,,,,,,,,,,,,,,,,,,,,,,,,,,,,,,,,,,,,,,,,,,,,,,,,,,,,,,,,,,,,,,,,,,,,,,,,,,,,,,,,,,,,,,,,,,,,,,,,,,,,,,,,,,,,,,,,,,,,,,,,,,,,,,,,,,,,,,,,,,,,,,,,,,,,,,,,,,,,,,,,,,,,,,,,,,,,,,,,,,,,,,,,,,,,,,,,,,,,,,,,,,,,,,,,,,,,,,,,,,,,,,,,,,,,,,,,,,,,,,,,,,,,,,,,,,,,,,,,,,,,,,,,,,,,,,,,,,,,,,,,,,,,,,,,,,,,,,,,,,,,,,,,,,,,,,,,,,,,,,,,,,,,,,,,,,,,,,,,,,,,,,,,,,,,,,,,,,,,,,,,,,,,,,,,,,,,,,,,,,,,,,,,,,,,,,,,,,,,,,,,,,,,,,,,,,,,,,,,,,,,,,,,,,,,,,,,,,,,,,,,,,,,,,,,,,,,,,,,,,,,,,,,,,,,,,,,,,,,,,,,,,,,,,,,,,,,,,,,,,,,,,,,,,,,,,,,,,,,,,,,,,,,,,,,,,,,,,,,,,,,,,,,,,,,,,,,,,,,,,,,,,,,,,,,,,,,,,,,,,,,,,,,,,,,,,,,,,,,,,,,,,,,,,,,,,,,,,,,,,,,,,,,,,,,,,,,,,,,,,,,,,,,,,,,,,,,,,,,,,,,,,,,,,,,,,,,,,,,,,,,,,,,,,,,,,,,,,,,,,,,,,,,,,,,,,,,,,,,,,,,,,,,,,,,,,,,,,,,,,,,,,,,,,,,,,,,,,,,,,,,,,,,,,,,,,,,,,,,,,,,,,,,,,,,,,,,,,,,,,,,,,,,,,,,,,,,,,,,,,,,,,,,,,,,,,,,,,,,,,,,,,,,,,,,,,,,,,,,,,,,,,,,,,,,,,,,,,,,,,,,,,,,,,,,,,,,,,,,,,,,,,,,,,,,,,,,,,,,,,,,,,,,,,,,,,,,,,,,,,,,,,,,,,,,,,,,,,,,,,,,,,,,,,,,,,,,,,,,,,,,,,,,,,,,,,,,,,,,,,,,,,,,,,,,,,,,,,,,,,,,,,,,,,,,,,,,,,,,,,,,,,,,,,,,,,,,,,,,,,,,,,,,,,,,,,,,,,,,,,,,,,,,,,,,,,,,,,,,,,,,,,,,,,,,,,,,,,,,,,,,,,,,,,,,,,,,,,,,,,,,,,,,,,,,,,,,,,,,,,,,,,,,,,,,,,,,,,,,,,,,,,,,,,,,,,,,,,,,,,,,,,,,,,,,,,,,,,,,,,,,,,,,,,,,,,,,,,,,,,,,,,,,,,,,,,,,,,,,,,,,,,,,,,,,,,,,,,,,,,,,,,,,,,,,,,,,,,,,,,,,,,,,,,,,,,,,,,,,,,,,,,,,,,,,,,,,,,,,,,,,,,,,,,,,,,,,,,,,,,,,,,,,,,,,,,,,,,,,,,,,,,,,,,,,,,,,,,,,,,,,,,,,,,,,,,,,,,,,,,,,,,,,,,,,,,,,,,,,,,,,,,,,,,,,,,,,,,,,,,,,,,,,,,,,,,,,,,,,,,,,,,,,,,,,,,,,,,,,,,,,,,,,,,,,,,,,,,,,,,,,,,,,,,,,,,,,,,,,,,,,,,,,,,,,,,,,,,,,,,,,,,,,,,,,,,,,,,,,,,,,,,,,,,,,,,,,,,,,,,,,,,,,,,,,,,,,,,,,,,,,,CD179b,CD179b,,,Basal,Basal (non-stimulated),,,,,,,,,,,,,,,,,,,,,,,,,,,,,,,,,,,,,,,,,,,,,,,,,,,,,,,,,,,,,,,,,,,,,,,,,,,,,,,,,,,,,,,,,,,,,,,,,,,,,,,,,,,,,,,,,,,,,,,,,,,,,,,,,,,,,,,,,,,,,,,,,,,,,,,,,,,,,,,,,,,,,,,,,,,,,,,,,,,,,,,,,,,,,,,,,,,,,,,,,,,,,,,,,,,,,,,,,,,,,,,,,,,,,,,,,,,,,,,,,,,,,,,,,,,,,,,,,,,,,,,,,,,,,,,,,,,,,,,,,,,,,,,,,,,,,,,,,,,,,,,,,,,,,,,,,,,,,,,,,,,,,,,,,,,,,,,,,,,,,,,,,,,,,,,,,,,,,,,,,,,,,,,,,,,,,,,,,,,,,,,,,,,,,,,,,,,,,,,,,,,,,,,,,,,,,,,,,,,,,,,,,,,,,,,,,,,,,,,,,,,,,,,,,,,,,,,,,,,,,,,,,,,,,,,,,,,,,,,,,,,,,,,,,,,,,,,,,,,,,,,,,,,,,,,,,,,,,,,,,,,,,,,,,,,,,,,,,,,,,,,,,,,,,,,,,,,,,,,,,,,,,,,,,,,,,,,,,,,,,,,,,,,,,,,,,,,,,,,,,,,,,,,,,,,,,,,,,,,,,,,,,,,,,,,,,,,,,,,,,,,,,,,,,,,,,,,,,,,,,,,,,,,,,,,,,,,,,,,,,,,,,,,,,,,,,,,,,,,,,,,,,,,,,,,,,,,,,,,,,,,,,,,,,,,,,,,,,,,,,,,,,,,,,,,,,,,,,,,,,,,,,,,,,,,,,,,,,,,,,,,,,,,,,,,,,,,,,,,,,,,,,,,,,,,,,,,,,,,,,,,,,,,,,,,,,,,,,,,,,,,,,,,,,,,,,,,,,,,,,,,,,,,,,,,,,,,,,,,,,,,,,,,,,,,,,,,,,,,,,,,,,,,,,,,,,,,,,,,,,,,,,,,,,,,,,,,,,,,,,,,,,,,,,,,,,,,,,,,,,,,,,,,,,,,,,,,,,,,,,,,,,,,,,,,,,,,,,,,,,,,,,,,,,,,,,,,,,,,,,,,,,,,,,,,,,,,,,,,,,,,,,,,,,,,,,,,,,,,,,,,,,,,,,,,,,,,,,,,,,,,,,,,,,,,,,,,,,,,,,,,,,,,,,,,,,,,,,,,,,,,,,,,,,,,,,,,,,,,,,,,,,,,,,,,,,,,,,,,,,,,,,,,,,,,,,,,,,,,,,,,,,,,,,,,,,,,,,,,,,,,,,,,,,,,,,,,,,,,,,,,,,,,,,,,,,,,,,,,,,,,,,,,,,,,,,,,,,,,,,,,,,,,,,,,,,,,,,,,,,,,,,,,,,,,,,,,,,,,,,,,,,,,,,,,,,,,,,,,,,,,,,,,,,,,,,,,,,,,,,,,,,,,,,,,,,,,,,,,,,,,,,,,,,,,,,,,,,,,,,,,,,,,,,,,,,,,,,,,,,,,,,,,,,,,,,,,,,,,,,,,,,,,,,,,,,,,,,,,,,,,,,,,,,,,,,,,,,,,,,,,,,,,,,,,,,,,,,,,,,,,,,,,,,,,,,,,,,,,,,,,,,,,,,,,,,,,,,,,,,,,,,,,,,,,,,,,,,,,,,,,,,,,,,,,,,,,,,,,,,,,,,,,,,,,,,,,,,,,,,,,,,,,,,,,,,,,,,,,,,,,,,,,,,,,,,,,,,,,,,,,,,,,,,,,,,,,,,,,,,,,,,,,,,,,,,,,,,,,,,,,,,,,,,,,,,,,,,,,,,,,,,,,,,,,,,,,,,,,,,,,,,,,,,,,,,,,,,,,,,,,,,,,,,,,,,,,,,,,,,,,,,,,,,,,,,,,,,,,,,,,,,,,,,,,,,,,,,,,,,,,,,,,,,,,,,,,,,,,,,,,,,,,,,,,,,,,,,,,,,,,,,,,,,,,,,,,CD19,CD19,,,PVO4,Pervanadate,,,,,,,,,,,,,,,,,,,,,,,,,,,,,,,,,,,,,,,,,,,,,,,,,,,,,,,,,,,,,,,,,,,,,,,,,,,,,,,,,,,,,,,,,,,,,,,,,,,,,,,,,,,,,,,,,,,,,,,,,,,,,,,,,,,,,,,,,,,,,,,,,,,,,,,,,,,,,,,,,,,,,,,,,,,,,,,,,,,,,,,,,,,,,,,,,,,,,,,,,,,,,,,,,,,,,,,,,,,,,,,,,,,,,,,,,,,,,,,,,,,,,,,,,,,,,,,,,,,,,,,,,,,,,,,,,,,,,,,,,,,,,,,,,,,,,,,,,,,,,,,,,,,,,,,,,,,,,,,,,,,,,,,,,,,,,,,,,,,,,,,,,,,,,,,,,,,,,,,,,,,,,,,,,,,,,,,,,,,,,,,,,,,,,,,,,,,,,,,,,,,,,,,,,,,,,,,,,,,,,,,,,,,,,,,,,,,,,,,,,,,,,,,,,,,,,,,,,,,,,,,,,,,,,,,,,,,,,,,,,,,,,,,,,,,,,,,,,,,,,,,,,,,,,,,,,,,,,,,,,,,,,,,,,,,,,,,,,,,,,,,,,,,,,,,,,,,,,,,,,,,,,,,,,,,,,,,,,,,,,,,,,,,,,,,,,,,,,,,,,,,,,,,,,,,,,,,,,,,,,,,,,,,,,,,,,,,,,,,,,,,,,,,,,,,,,,,,,,,,,,,,,,,,,,,,,,,,,,,,,,,,,,,,,,,,,,,,,,,,,,,,,,,,,,,,,,,,,,,,,,,,,,,,,,,,,,,,,,,,,,,,,,,,,,,,,,,,,,,,,,,,,,,,,,,,,,,,,,,,,,,,,,,,,,,,,,,,,,,,,,,,,,,,,,,,,,,,,,,,,,,,,,,,,,,,,,,,,,,,,,,,,,,,,,,,,,,,,,,,,,,,,,,,,,,,,,,,,,,,,,,,,,,,,,,,,,,,,,,,,,,,,,,,,,,,,,,,,,,,,,,,,,,,,,,,,,,,,,,,,,,,,,,,,,,,,,,,,,,,,,,,,,,,,,,,,,,,,,,,,,,,,,,,,,,,,,,,,,,,,,,,,,,,,,,,,,,,,,,,,,,,,,,,,,,,,,,,,,,,,,,,,,,,,,,,,,,,,,,,,,,,,,,,,,,,,,,,,,,,,,,,,,,,,,,,,,,,,,,,,,,,,,,,,,,,,,,,,,,,,,,,,,,,,,,,,,,,,,,,,,,,,,,,,,,,,,,,,,,,,,,,,,,,,,,,,,,,,,,,,,,,,,,,,,,,,,,,,,,,,,,,,,,,,,,,,,,,,,,,,,,,,,,,,,,,,,,,,,,,,,,,,,,,,,,,,,,,,,,,,,,,,,,,,,,,,,,,,,,,,,,,,,,,,,,,,,,,,,,,,,,,,,,,,,,,,,,,,,,,,,,,,,,,,,,,,,,,,,,,,,,,,,,,,,,,,,,,,,,,,,,,,,,,,,,,,,,,,,,,,,,,,,,,,,,,,,,,,,,,,,,,,,,,,,,,,,,,,,,,,,,,,,,,,,,,,,,,,,,,,,,,,,,,,,,,,,,,,,,,,,,,,,,,,,,,,,,,,,,,,,,,,,,,,,,,,,,,,,,,,,,,,,,,,,,,,,,,,,,,,,,,,,,,,,,,,,,,,,,,,,,,,,,,,,,,,,,,,,,,,,,,,,,,,,,,,,,,,,,,,,,,,,,,,,,,,,,,,,,,,,,,,,,,,,,,,,,,,,,,,,,,,,,,,,,,,,,,,,,,,,,,,,,,,,,,,,,,,,,,,,,,,,,,,,,,,,,,,,,,,,,,,,,,,,,,,,,,,,,,,,,,,,,,,,,,,,,,,,,,,,,,,,,,,,,,,,,,,,,,,,,,,,,,,,,,,,,,,,,,,,,,,,,,,,,,,,,,,,,,,,,,,,,,,,,,,,,,,,,,,,,,,,,,,,,,,,,,,,,,,,,,,,,,,,,,,,,CD20,CD20,,,IL7,IL-7,,,,,,,,,,,,,,,,,,,,,,,,,,,,,,,,,,,,,,,,,,,,,,,,,,,,,,,,,,,,,,,,,,,,,,,,,,,,,,,,,,,,,,,,,,,,,,,,,,,,,,,,,,,,,,,,,,,,,,,,,,,,,,,,,,,,,,,,,,,,,,,,,,,,,,,,,,,,,,,,,,,,,,,,,,,,,,,,,,,,,,,,,,,,,,,,,,,,,,,,,,,,,,,,,,,,,,,,,,,,,,,,,,,,,,,,,,,,,,,,,,,,,,,,,,,,,,,,,,,,,,,,,,,,,,,,,,,,,,,,,,,,,,,,,,,,,,,,,,,,,,,,,,,,,,,,,,,,,,,,,,,,,,,,,,,,,,,,,,,,,,,,,,,,,,,,,,,,,,,,,,,,,,,,,,,,,,,,,,,,,,,,,,,,,,,,,,,,,,,,,,,,,,,,,,,,,,,,,,,,,,,,,,,,,,,,,,,,,,,,,,,,,,,,,,,,,,,,,,,,,,,,,,,,,,,,,,,,,,,,,,,,,,,,,,,,,,,,,,,,,,,,,,,,,,,,,,,,,,,,,,,,,,,,,,,,,,,,,,,,,,,,,,,,,,,,,,,,,,,,,,,,,,,,,,,,,,,,,,,,,,,,,,,,,,,,,,,,,,,,,,,,,,,,,,,,,,,,,,,,,,,,,,,,,,,,,,,,,,,,,,,,,,,,,,,,,,,,,,,,,,,,,,,,,,,,,,,,,,,,,,,,,,,,,,,,,,,,,,,,,,,,,,,,,,,,,,,,,,,,,,,,,,,,,,,,,,,,,,,,,,,,,,,,,,,,,,,,,,,,,,,,,,,,,,,,,,,,,,,,,,,,,,,,,,,,,,,,,,,,,,,,,,,,,,,,,,,,,,,,,,,,,,,,,,,,,,,,,,,,,,,,,,,,,,,,,,,,,,,,,,,,,,,,,,,,,,,,,,,,,,,,,,,,,,,,,,,,,,,,,,,,,,,,,,,,,,,,,,,,,,,,,,,,,,,,,,,,,,,,,,,,,,,,,,,,,,,,,,,,,,,,,,,,,,,,,,,,,,,,,,,,,,,,,,,,,,,,,,,,,,,,,,,,,,,,,,,,,,,,,,,,,,,,,,,,,,,,,,,,,,,,,,,,,,,,,,,,,,,,,,,,,,,,,,,,,,,,,,,,,,,,,,,,,,,,,,,,,,,,,,,,,,,,,,,,,,,,,,,,,,,,,,,,,,,,,,,,,,,,,,,,,,,,,,,,,,,,,,,,,,,,,,,,,,,,,,,,,,,,,,,,,,,,,,,,,,,,,,,,,,,,,,,,,,,,,,,,,,,,,,,,,,,,,,,,,,,,,,,,,,,,,,,,,,,,,,,,,,,,,,,,,,,,,,,,,,,,,,,,,,,,,,,,,,,,,,,,,,,,,,,,,,,,,,,,,,,,,,,,,,,,,,,,,,,,,,,,,,,,,,,,,,,,,,,,,,,,,,,,,,,,,,,,,,,,,,,,,,,,,,,,,,,,,,,,,,,,,,,,,,,,,,,,,,,,,,,,,,,,,,,,,,,,,,,,,,,,,,,,,,,,,,,,,,,,,,,,,,,,,,,,,,,,,,,,,,,,,,,,,,,,,,,,,,,,,,,,,,,,,,,,,,,,,,,,,,,,,,,,,,,,,,,,,,,,,,,,,,,,,,,,,,,,,,,,,,,,,,,,,,,,,,,,,,,,,,,,,,,,,,,,,,,,,,,,,,,,,,,,,,,,,,,,,,,,,,,,,,,,,,,,,,,,,,,,,,,,,,,,,,,,,,,,,,,,,,,,,,,,,,,,,,,,,,,,,,,,,,,,,,,,,,,,,,,,,,,,,,,,,,,,,,,,,,,,,,,,,,,,,,,,,,,,,,,,,,,,,,,,,,,,,,,,,,,,,,,,,,,,,,,,,,,,,,,,,,,,,,,,,,,,,,,,,,,,,,,,,,,,,,,,,,,,,,,,,,,,,,,,,,,,,,,,,,,,,,,CD22,CD22,,,BCR,BCR Crosslink,,,,,,,,,,,,,,,,,,,,,,,,,,,,,,,,,,,,,,,,,,,,,,,,,,,,,,,,,,,,,,,,,,,,,,,,,,,,,,,,,,,,,,,,,,,,,,,,,,,,,,,,,,,,,,,,,,,,,,,,,,,,,,,,,,,,,,,,,,,,,,,,,,,,,,,,,,,,,,,,,,,,,,,,,,,,,,,,,,,,,,,,,,,,,,,,,,,,,,,,,,,,,,,,,,,,,,,,,,,,,,,,,,,,,,,,,,,,,,,,,,,,,,,,,,,,,,,,,,,,,,,,,,,,,,,,,,,,,,,,,,,,,,,,,,,,,,,,,,,,,,,,,,,,,,,,,,,,,,,,,,,,,,,,,,,,,,,,,,,,,,,,,,,,,,,,,,,,,,,,,,,,,,,,,,,,,,,,,,,,,,,,,,,,,,,,,,,,,,,,,,,,,,,,,,,,,,,,,,,,,,,,,,,,,,,,,,,,,,,,,,,,,,,,,,,,,,,,,,,,,,,,,,,,,,,,,,,,,,,,,,,,,,,,,,,,,,,,,,,,,,,,,,,,,,,,,,,,,,,,,,,,,,,,,,,,,,,,,,,,,,,,,,,,,,,,,,,,,,,,,,,,,,,,,,,,,,,,,,,,,,,,,,,,,,,,,,,,,,,,,,,,,,,,,,,,,,,,,,,,,,,,,,,,,,,,,,,,,,,,,,,,,,,,,,,,,,,,,,,,,,,,,,,,,,,,,,,,,,,,,,,,,,,,,,,,,,,,,,,,,,,,,,,,,,,,,,,,,,,,,,,,,,,,,,,,,,,,,,,,,,,,,,,,,,,,,,,,,,,,,,,,,,,,,,,,,,,,,,,,,,,,,,,,,,,,,,,,,,,,,,,,,,,,,,,,,,,,,,,,,,,,,,,,,,,,,,,,,,,,,,,,,,,,,,,,,,,,,,,,,,,,,,,,,,,,,,,,,,,,,,,,,,,,,,,,,,,,,,,,,,,,,,,,,,,,,,,,,,,,,,,,,,,,,,,,,,,,,,,,,,,,,,,,,,,,,,,,,,,,,,,,,,,,,,,,,,,,,,,,,,,,,,,,,,,,,,,,,,,,,,,,,,,,,,,,,,,,,,,,,,,,,,,,,,,,,,,,,,,,,,,,,,,,,,,,,,,,,,,,,,,,,,,,,,,,,,,,,,,,,,,,,,,,,,,,,,,,,,,,,,,,,,,,,,,,,,,,,,,,,,,,,,,,,,,,,,,,,,,,,,,,,,,,,,,,,,,,,,,,,,,,,,,,,,,,,,,,,,,,,,,,,,,,,,,,,,,,,,,,,,,,,,,,,,,,,,,,,,,,,,,,,,,,,,,,,,,,,,,,,,,,,,,,,,,,,,,,,,,,,,,,,,,,,,,,,,,,,,,,,,,,,,,,,,,,,,,,,,,,,,,,,,,,,,,,,,,,,,,,,,,,,,,,,,,,,,,,,,,,,,,,,,,,,,,,,,,,,,,,,,,,,,,,,,,,,,,,,,,,,,,,,,,,,,,,,,,,,,,,,,,,,,,,,,,,,,,,,,,,,,,,,,,,,,,,,,,,,,,,,,,,,,,,,,,,,,,,,,,,,,,,,,,,,,,,,,,,,,,,,,,,,,,,,,,,,,,,,,,,,,,,,,,,,,,,,,,,,,,,,,,,,,,,,,,,,,,,,,,,,,,,,,,,,,,,,,,,,,,,,,,,,,,,,,,,,,,,,,,,,,,,,,,,,,,,,,,,,,,,,,,,,,,,,,,,,,,,,,,,,,,,,,,,,,,,,,,,,,,,,,,,,,,,,,,,,,,,,,,,,,,,,,,,,,,,,,,,,,,,,,,,,,,,,,,,,,,,,,,,,,,,,,,,,,,,,,,,,,,,,,,,,,,,,,,,,,,,,,,,,,,,,,,,,,,,,,,,,,,,,,,,,,,,,,,,,,,,,,,,,,,,,,,,,,,,,,,,,,,,,,,,,,,,,,,,,,,,,,,,,,,,,,,,,,,,,,,CD24,CD24,,,TSLP,TSLP,,,,,,,,,,,,,,,,,,,,,,,,,,,,,,,,,,,,,,,,,,,,,,,,,,,,,,,,,,,,,,,,,,,,,,,,,,,,,,,,,,,,,,,,,,,,,,,,,,,,,,,,,,,,,,,,,,,,,,,,,,,,,,,,,,,,,,,,,,,,,,,,,,,,,,,,,,,,,,,,,,,,,,,,,,,,,,,,,,,,,,,,,,,,,,,,,,,,,,,,,,,,,,,,,,,,,,,,,,,,,,,,,,,,,,,,,,,,,,,,,,,,,,,,,,,,,,,,,,,,,,,,,,,,,,,,,,,,,,,,,,,,,,,,,,,,,,,,,,,,,,,,,,,,,,,,,,,,,,,,,,,,,,,,,,,,,,,,,,,,,,,,,,,,,,,,,,,,,,,,,,,,,,,,,,,,,,,,,,,,,,,,,,,,,,,,,,,,,,,,,,,,,,,,,,,,,,,,,,,,,,,,,,,,,,,,,,,,,,,,,,,,,,,,,,,,,,,,,,,,,,,,,,,,,,,,,,,,,,,,,,,,,,,,,,,,,,,,,,,,,,,,,,,,,,,,,,,,,,,,,,,,,,,,,,,,,,,,,,,,,,,,,,,,,,,,,,,,,,,,,,,,,,,,,,,,,,,,,,,,,,,,,,,,,,,,,,,,,,,,,,,,,,,,,,,,,,,,,,,,,,,,,,,,,,,,,,,,,,,,,,,,,,,,,,,,,,,,,,,,,,,,,,,,,,,,,,,,,,,,,,,,,,,,,,,,,,,,,,,,,,,,,,,,,,,,,,,,,,,,,,,,,,,,,,,,,,,,,,,,,,,,,,,,,,,,,,,,,,,,,,,,,,,,,,,,,,,,,,,,,,,,,,,,,,,,,,,,,,,,,,,,,,,,,,,,,,,,,,,,,,,,,,,,,,,,,,,,,,,,,,,,,,,,,,,,,,,,,,,,,,,,,,,,,,,,,,,,,,,,,,,,,,,,,,,,,,,,,,,,,,,,,,,,,,,,,,,,,,,,,,,,,,,,,,,,,,,,,,,,,,,,,,,,,,,,,,,,,,,,,,,,,,,,,,,,,,,,,,,,,,,,,,,,,,,,,,,,,,,,,,,,,,,,,,,,,,,,,,,,,,,,,,,,,,,,,,,,,,,,,,,,,,,,,,,,,,,,,,,,,,,,,,,,,,,,,,,,,,,,,,,,,,,,,,,,,,,,,,,,,,,,,,,,,,,,,,,,,,,,,,,,,,,,,,,,,,,,,,,,,,,,,,,,,,,,,,,,,,,,,,,,,,,,,,,,,,,,,,,,,,,,,,,,,,,,,,,,,,,,,,,,,,,,,,,,,,,,,,,,,,,,,,,,,,,,,,,,,,,,,,,,,,,,,,,,,,,,,,,,,,,,,,,,,,,,,,,,,,,,,,,,,,,,,,,,,,,,,,,,,,,,,,,,,,,,,,,,,,,,,,,,,,,,,,,,,,,,,,,,,,,,,,,,,,,,,,,,,,,,,,,,,,,,,,,,,,,,,,,,,,,,,,,,,,,,,,,,,,,,,,,,,,,,,,,,,,,,,,,,,,,,,,,,,,,,,,,,,,,,,,,,,,,,,,,,,,,,,,,,,,,,,,,,,,,,,,,,,,,,,,,,,,,,,,,,,,,,,,,,,,,,,,,,,,,,,,,,,,,,,,,,,,,,,,,,,,,,,,,,,,,,,,,,,,,,,,,,,,,,,,,,,,,,,,,,,,,,,,,,,,,,,,,,,,,,,,,,,,,,,,,,,,,,,,,,,,,,,,,,,,,,,,,,,,,,,,,,,,,,,,,,,,,,,,,,,,,,,,,,,,,,,,,,,,,,,,,,,,,,,,,,,,,,,,,,,,,,,,,,,,,,,,,,,,,,,,,,,,,,,,,,,,,,,,,,,,,,,,,,,,,,,,,,,,,,,,,,,,,,,,,,,,,,,,,,,,,,,,,,,,,,,,,,,,,,,,,,,,,,,,,,,,,,,,,,,,,,,,,,,,,,,,,,,,,,,,,CD34,CD34,,,,,,,,,,,,,,,,,,,,,,,,,,,,,,,,,,,,,,,,,,,,,,,,,,,,,,,,,,,,,,,,,,,,,,,,,,,,,,,,,,,,,,,,,,,,,,,,,,,,,,,,,,,,,,,,,,,,,,,,,,,,,,,,,,,,,,,,,,,,,,,,,,,,,,,,,,,,,,,,,,,,,,,,,,,,,,,,,,,,,,,,,,,,,,,,,,,,,,,,,,,,,,,,,,,,,,,,,,,,,,,,,,,,,,,,,,,,,,,,,,,,,,,,,,,,,,,,,,,,,,,,,,,,,,,,,,,,,,,,,,,,,,,,,,,,,,,,,,,,,,,,,,,,,,,,,,,,,,,,,,,,,,,,,,,,,,,,,,,,,,,,,,,,,,,,,,,,,,,,,,,,,,,,,,,,,,,,,,,,,,,,,,,,,,,,,,,,,,,,,,,,,,,,,,,,,,,,,,,,,,,,,,,,,,,,,,,,,,,,,,,,,,,,,,,,,,,,,,,,,,,,,,,,,,,,,,,,,,,,,,,,,,,,,,,,,,,,,,,,,,,,,,,,,,,,,,,,,,,,,,,,,,,,,,,,,,,,,,,,,,,,,,,,,,,,,,,,,,,,,,,,,,,,,,,,,,,,,,,,,,,,,,,,,,,,,,,,,,,,,,,,,,,,,,,,,,,,,,,,,,,,,,,,,,,,,,,,,,,,,,,,,,,,,,,,,,,,,,,,,,,,,,,,,,,,,,,,,,,,,,,,,,,,,,,,,,,,,,,,,,,,,,,,,,,,,,,,,,,,,,,,,,,,,,,,,,,,,,,,,,,,,,,,,,,,,,,,,,,,,,,,,,,,,,,,,,,,,,,,,,,,,,,,,,,,,,,,,,,,,,,,,,,,,,,,,,,,,,,,,,,,,,,,,,,,,,,,,,,,,,,,,,,,,,,,,,,,,,,,,,,,,,,,,,,,,,,,,,,,,,,,,,,,,,,,,,,,,,,,,,,,,,,,,,,,,,,,,,,,,,,,,,,,,,,,,,,,,,,,,,,,,,,,,,,,,,,,,,,,,,,,,,,,,,,,,,,,,,,,,,,,,,,,,,,,,,,,,,,,,,,,,,,,,,,,,,,,,,,,,,,,,,,,,,,,,,,,,,,,,,,,,,,,,,,,,,,,,,,,,,,,,,,,,,,,,,,,,,,,,,,,,,,,,,,,,,,,,,,,,,,,,,,,,,,,,,,,,,,,,,,,,,,,,,,,,,,,,,,,,,,,,,,,,,,,,,,,,,,,,,,,,,,,,,,,,,,,,,,,,,,,,,,,,,,,,,,,,,,,,,,,,,,,,,,,,,,,,,,,,,,,,,,,,,,,,,,,,,,,,,,,,,,,,,,,,,,,,,,,,,,,,,,,,,,,,,,,,,,,,,,,,,,,,,,,,,,,,,,,,,,,,,,,,,,,,,,,,,,,,,,,,,,,,,,,,,,,,,,,,,,,,,,,,,,,,,,,,,,,,,,,,,,,,,,,,,,,,,,,,,,,,,,,,,,,,,,,,,,,,,,,,,,,,,,,,,,,,,,,,,,,,,,,,,,,,,,,,,,,,,,,,,,,,,,,,,,,,,,,,,,,,,,,,,,,,,,,,,,,,,,,,,,,,,,,,,,,,,,,,,,,,,,,,,,,,,,,,,,,,,,,,,,,,,,,,,,,,,,,,,,,,,,,,,,,,,,,,,,,,,,,,,,,,,,,,,,,,,,,,,,,,,,,,,,,,,,,,,,,,,,,,,,,,,,,,,,,,,,,,,,,,,,,,,,,,,,,,,,,,,,,,,,,,,,,,,,,,,,,,,,,,,,,,,,,,,,,,,,,,,,,,,,,,,,,,,,,,,,,,,,,,,,,,,,,,,,,,,,,,,,,,,,,,,,,,,,,,,,,,,,,,,,,,,,,,,,,,,,,,,,,,,,,,,,,,,,,,,,,,,,,,,,,,,,,,,,,,,,,,,,,,,,,,,,,,,,,,,,,,,,,,,,,,,,,,,,,,,,CD38,CD38,,,Population Names,,,,,,,,,,,,,,,,,,,,,,,,,,,,,,,,,,,,,,,,,,,,,,,,,,,,,,,,,,,,,,,,,,,,,,,,,,,,,,,,,,,,,,,,,,,,,,,,,,,,,,,,,,,,,,,,,,,,,,,,,,,,,,,,,,,,,,,,,,,,,,,,,,,,,,,,,,,,,,,,,,,,,,,,,,,,,,,,,,,,,,,,,,,,,,,,,,,,,,,,,,,,,,,,,,,,,,,,,,,,,,,,,,,,,,,,,,,,,,,,,,,,,,,,,,,,,,,,,,,,,,,,,,,,,,,,,,,,,,,,,,,,,,,,,,,,,,,,,,,,,,,,,,,,,,,,,,,,,,,,,,,,,,,,,,,,,,,,,,,,,,,,,,,,,,,,,,,,,,,,,,,,,,,,,,,,,,,,,,,,,,,,,,,,,,,,,,,,,,,,,,,,,,,,,,,,,,,,,,,,,,,,,,,,,,,,,,,,,,,,,,,,,,,,,,,,,,,,,,,,,,,,,,,,,,,,,,,,,,,,,,,,,,,,,,,,,,,,,,,,,,,,,,,,,,,,,,,,,,,,,,,,,,,,,,,,,,,,,,,,,,,,,,,,,,,,,,,,,,,,,,,,,,,,,,,,,,,,,,,,,,,,,,,,,,,,,,,,,,,,,,,,,,,,,,,,,,,,,,,,,,,,,,,,,,,,,,,,,,,,,,,,,,,,,,,,,,,,,,,,,,,,,,,,,,,,,,,,,,,,,,,,,,,,,,,,,,,,,,,,,,,,,,,,,,,,,,,,,,,,,,,,,,,,,,,,,,,,,,,,,,,,,,,,,,,,,,,,,,,,,,,,,,,,,,,,,,,,,,,,,,,,,,,,,,,,,,,,,,,,,,,,,,,,,,,,,,,,,,,,,,,,,,,,,,,,,,,,,,,,,,,,,,,,,,,,,,,,,,,,,,,,,,,,,,,,,,,,,,,,,,,,,,,,,,,,,,,,,,,,,,,,,,,,,,,,,,,,,,,,,,,,,,,,,,,,,,,,,,,,,,,,,,,,,,,,,,,,,,,,,,,,,,,,,,,,,,,,,,,,,,,,,,,,,,,,,,,,,,,,,,,,,,,,,,,,,,,,,,,,,,,,,,,,,,,,,,,,,,,,,,,,,,,,,,,,,,,,,,,,,,,,,,,,,,,,,,,,,,,,,,,,,,,,,,,,,,,,,,,,,,,,,,,,,,,,,,,,,,,,,,,,,,,,,,,,,,,,,,,,,,,,,,,,,,,,,,,,,,,,,,,,,,,,,,,,,,,,,,,,,,,,,,,,,,,,,,,,,,,,,,,,,,,,,,,,,,,,,,,,,,,,,,,,,,,,,,,,,,,,,,,,,,,,,,,,,,,,,,,,,,,,,,,,,,,,,,,,,,,,,,,,,,,,,,,,,,,,,,,,,,,,,,,,,,,,,,,,,,,,,,,,,,,,,,,,,,,,,,,,,,,,,,,,,,,,,,,,,,,,,,,,,,,,,,,,,,,,,,,,,,,,,,,,,,,,,,,,,,,,,,,,,,,,,,,,,,,,,,,,,,,,,,,,,,,,,,,,,,,,,,,,,,,,,,,,,,,,,,,,,,,,,,,,,,,,,,,,,,,,,,,,,,,,,,,,,,,,,,,,,,,,,,,,,,,,,,,,,,,,,,,,,,,,,,,,,,,,,,,,,,,,,,,,,,,,,,,,,,,,,,,,,,,,,,,,,,,,,,,,,,,,,,,,,,,,,,,,,,,,,,,,,,,,,,,,,,,,,,,,,,,,,,,,,,,,,,,,,,,,,,,,,,,,,,,,,,,,,,,,,,,,,,,,,,,,,,,,,,,,,,,,,,,,,,,,,,,,,,,,,,,,,,,,,,,,,,,,,,,,,,,,,,,,,,,,,,,,,,,,,,,,,,,,,,,,,,,,,,,,,,,,,,,,,,,,,,,,,,,,,,,,,,,,,,,,,,,,,,,,,,,,,,,,,,,,,,,,,,,,,,,,,,,,,,,,,,,,CD43,CD43,,,Name,Description,,,,,,,,,,,,,,,,,,,,,,,,,,,,,,,,,,,,,,,,,,,,,,,,,,,,,,,,,,,,,,,,,,,,,,,,,,,,,,,,,,,,,,,,,,,,,,,,,,,,,,,,,,,,,,,,,,,,,,,,,,,,,,,,,,,,,,,,,,,,,,,,,,,,,,,,,,,,,,,,,,,,,,,,,,,,,,,,,,,,,,,,,,,,,,,,,,,,,,,,,,,,,,,,,,,,,,,,,,,,,,,,,,,,,,,,,,,,,,,,,,,,,,,,,,,,,,,,,,,,,,,,,,,,,,,,,,,,,,,,,,,,,,,,,,,,,,,,,,,,,,,,,,,,,,,,,,,,,,,,,,,,,,,,,,,,,,,,,,,,,,,,,,,,,,,,,,,,,,,,,,,,,,,,,,,,,,,,,,,,,,,,,,,,,,,,,,,,,,,,,,,,,,,,,,,,,,,,,,,,,,,,,,,,,,,,,,,,,,,,,,,,,,,,,,,,,,,,,,,,,,,,,,,,,,,,,,,,,,,,,,,,,,,,,,,,,,,,,,,,,,,,,,,,,,,,,,,,,,,,,,,,,,,,,,,,,,,,,,,,,,,,,,,,,,,,,,,,,,,,,,,,,,,,,,,,,,,,,,,,,,,,,,,,,,,,,,,,,,,,,,,,,,,,,,,,,,,,,,,,,,,,,,,,,,,,,,,,,,,,,,,,,,,,,,,,,,,,,,,,,,,,,,,,,,,,,,,,,,,,,,,,,,,,,,,,,,,,,,,,,,,,,,,,,,,,,,,,,,,,,,,,,,,,,,,,,,,,,,,,,,,,,,,,,,,,,,,,,,,,,,,,,,,,,,,,,,,,,,,,,,,,,,,,,,,,,,,,,,,,,,,,,,,,,,,,,,,,,,,,,,,,,,,,,,,,,,,,,,,,,,,,,,,,,,,,,,,,,,,,,,,,,,,,,,,,,,,,,,,,,,,,,,,,,,,,,,,,,,,,,,,,,,,,,,,,,,,,,,,,,,,,,,,,,,,,,,,,,,,,,,,,,,,,,,,,,,,,,,,,,,,,,,,,,,,,,,,,,,,,,,,,,,,,,,,,,,,,,,,,,,,,,,,,,,,,,,,,,,,,,,,,,,,,,,,,,,,,,,,,,,,,,,,,,,,,,,,,,,,,,,,,,,,,,,,,,,,,,,,,,,,,,,,,,,,,,,,,,,,,,,,,,,,,,,,,,,,,,,,,,,,,,,,,,,,,,,,,,,,,,,,,,,,,,,,,,,,,,,,,,,,,,,,,,,,,,,,,,,,,,,,,,,,,,,,,,,,,,,,,,,,,,,,,,,,,,,,,,,,,,,,,,,,,,,,,,,,,,,,,,,,,,,,,,,,,,,,,,,,,,,,,,,,,,,,,,,,,,,,,,,,,,,,,,,,,,,,,,,,,,,,,,,,,,,,,,,,,,,,,,,,,,,,,,,,,,,,,,,,,,,,,,,,,,,,,,,,,,,,,,,,,,,,,,,,,,,,,,,,,,,,,,,,,,,,,,,,,,,,,,,,,,,,,,,,,,,,,,,,,,,,,,,,,,,,,,,,,,,,,,,,,,,,,,,,,,,,,,,,,,,,,,,,,,,,,,,,,,,,,,,,,,,,,,,,,,,,,,,,,,,,,,,,,,,,,,,,,,,,,,,,,,,,,,,,,,,,,,,,,,,,,,,,,,,,,,,,,,,,,,,,,,,,,,,,,,,,,,,,,,,,,,,,,,,,,,,,,,,,,,,,,,,,,,,,,,,,,,,,,,,,,,,,,,,,,,,,,,,,,,,,,,,,,,,,,,,,,,,,,,,,,,,,,,,,,,,,,,,,,,,,,,,,,,,,,,,,,,,,,,,,,,,,,,,,,,,,,,,,,,,,,,,,,,,,,,,,,,,,,,,,,,,,,,,,,,,,,,,,,,,,,,,,,,,,,,,,,,,,,,,,,,,,,,,,,,,,,,,,,,,,,,,,,,,,,,,,,,,,,,,,,,,,,,,,,,,,CD45,CD45,,,Pop1,HSC,,,,,,,,,,,,,,,,,,,,,,,,,,,,,,,,,,,,,,,,,,,,,,,,,,,,,,,,,,,,,,,,,,,,,,,,,,,,,,,,,,,,,,,,,,,,,,,,,,,,,,,,,,,,,,,,,,,,,,,,,,,,,,,,,,,,,,,,,,,,,,,,,,,,,,,,,,,,,,,,,,,,,,,,,,,,,,,,,,,,,,,,,,,,,,,,,,,,,,,,,,,,,,,,,,,,,,,,,,,,,,,,,,,,,,,,,,,,,,,,,,,,,,,,,,,,,,,,,,,,,,,,,,,,,,,,,,,,,,,,,,,,,,,,,,,,,,,,,,,,,,,,,,,,,,,,,,,,,,,,,,,,,,,,,,,,,,,,,,,,,,,,,,,,,,,,,,,,,,,,,,,,,,,,,,,,,,,,,,,,,,,,,,,,,,,,,,,,,,,,,,,,,,,,,,,,,,,,,,,,,,,,,,,,,,,,,,,,,,,,,,,,,,,,,,,,,,,,,,,,,,,,,,,,,,,,,,,,,,,,,,,,,,,,,,,,,,,,,,,,,,,,,,,,,,,,,,,,,,,,,,,,,,,,,,,,,,,,,,,,,,,,,,,,,,,,,,,,,,,,,,,,,,,,,,,,,,,,,,,,,,,,,,,,,,,,,,,,,,,,,,,,,,,,,,,,,,,,,,,,,,,,,,,,,,,,,,,,,,,,,,,,,,,,,,,,,,,,,,,,,,,,,,,,,,,,,,,,,,,,,,,,,,,,,,,,,,,,,,,,,,,,,,,,,,,,,,,,,,,,,,,,,,,,,,,,,,,,,,,,,,,,,,,,,,,,,,,,,,,,,,,,,,,,,,,,,,,,,,,,,,,,,,,,,,,,,,,,,,,,,,,,,,,,,,,,,,,,,,,,,,,,,,,,,,,,,,,,,,,,,,,,,,,,,,,,,,,,,,,,,,,,,,,,,,,,,,,,,,,,,,,,,,,,,,,,,,,,,,,,,,,,,,,,,,,,,,,,,,,,,,,,,,,,,,,,,,,,,,,,,,,,,,,,,,,,,,,,,,,,,,,,,,,,,,,,,,,,,,,,,,,,,,,,,,,,,,,,,,,,,,,,,,,,,,,,,,,,,,,,,,,,,,,,,,,,,,,,,,,,,,,,,,,,,,,,,,,,,,,,,,,,,,,,,,,,,,,,,,,,,,,,,,,,,,,,,,,,,,,,,,,,,,,,,,,,,,,,,,,,,,,,,,,,,,,,,,,,,,,,,,,,,,,,,,,,,,,,,,,,,,,,,,,,,,,,,,,,,,,,,,,,,,,,,,,,,,,,,,,,,,,,,,,,,,,,,,,,,,,,,,,,,,,,,,,,,,,,,,,,,,,,,,,,,,,,,,,,,,,,,,,,,,,,,,,,,,,,,,,,,,,,,,,,,,,,,,,,,,,,,,,,,,,,,,,,,,,,,,,,,,,,,,,,,,,,,,,,,,,,,,,,,,,,,,,,,,,,,,,,,,,,,,,,,,,,,,,,,,,,,,,,,,,,,,,,,,,,,,,,,,,,,,,,,,,,,,,,,,,,,,,,,,,,,,,,,,,,,,,,,,,,,,,,,,,,,,,,,,,,,,,,,,,,,,,,,,,,,,,,,,,,,,,,,,,,,,,,,,,,,,,,,,,,,,,,,,,,,,,,,,,,,,,,,,,,,,,,,,,,,,,,,,,,,,,,,,,,,,,,,,,,,,,,,,,,,,,,,,,,,,,,,,,,,,,,,,,,,,,,,,,,,,,,,,,,,,,,,,,,,,,,,,,,,,,,,,,,,,,,,,,,,,,,,,,,,,,,,,,,,,,,,,,,,,,,,,,,,,,,,,,,,,,,,,,,,,,,,,,,,,,,,,,,,,,,,,,,,,,,,,,,,,,,,,,,,,,,,,,,,,,,,,,,,,,,,,,,,,,,,,,,,,,,,,,,,,,,,,,,,,,,,,,,,,,,,,,,,,,,,,,,,,,,,,,,,,,,,,,,,,,,,,,,,,,,,,,CD58,CD58,,,Pop2,Progenitor I,,,,,,,,,,,,,,,,,,,,,,,,,,,,,,,,,,,,,,,,,,,,,,,,,,,,,,,,,,,,,,,,,,,,,,,,,,,,,,,,,,,,,,,,,,,,,,,,,,,,,,,,,,,,,,,,,,,,,,,,,,,,,,,,,,,,,,,,,,,,,,,,,,,,,,,,,,,,,,,,,,,,,,,,,,,,,,,,,,,,,,,,,,,,,,,,,,,,,,,,,,,,,,,,,,,,,,,,,,,,,,,,,,,,,,,,,,,,,,,,,,,,,,,,,,,,,,,,,,,,,,,,,,,,,,,,,,,,,,,,,,,,,,,,,,,,,,,,,,,,,,,,,,,,,,,,,,,,,,,,,,,,,,,,,,,,,,,,,,,,,,,,,,,,,,,,,,,,,,,,,,,,,,,,,,,,,,,,,,,,,,,,,,,,,,,,,,,,,,,,,,,,,,,,,,,,,,,,,,,,,,,,,,,,,,,,,,,,,,,,,,,,,,,,,,,,,,,,,,,,,,,,,,,,,,,,,,,,,,,,,,,,,,,,,,,,,,,,,,,,,,,,,,,,,,,,,,,,,,,,,,,,,,,,,,,,,,,,,,,,,,,,,,,,,,,,,,,,,,,,,,,,,,,,,,,,,,,,,,,,,,,,,,,,,,,,,,,,,,,,,,,,,,,,,,,,,,,,,,,,,,,,,,,,,,,,,,,,,,,,,,,,,,,,,,,,,,,,,,,,,,,,,,,,,,,,,,,,,,,,,,,,,,,,,,,,,,,,,,,,,,,,,,,,,,,,,,,,,,,,,,,,,,,,,,,,,,,,,,,,,,,,,,,,,,,,,,,,,,,,,,,,,,,,,,,,,,,,,,,,,,,,,,,,,,,,,,,,,,,,,,,,,,,,,,,,,,,,,,,,,,,,,,,,,,,,,,,,,,,,,,,,,,,,,,,,,,,,,,,,,,,,,,,,,,,,,,,,,,,,,,,,,,,,,,,,,,,,,,,,,,,,,,,,,,,,,,,,,,,,,,,,,,,,,,,,,,,,,,,,,,,,,,,,,,,,,,,,,,,,,,,,,,,,,,,,,,,,,,,,,,,,,,,,,,,,,,,,,,,,,,,,,,,,,,,,,,,,,,,,,,,,,,,,,,,,,,,,,,,,,,,,,,,,,,,,,,,,,,,,,,,,,,,,,,,,,,,,,,,,,,,,,,,,,,,,,,,,,,,,,,,,,,,,,,,,,,,,,,,,,,,,,,,,,,,,,,,,,,,,,,,,,,,,,,,,,,,,,,,,,,,,,,,,,,,,,,,,,,,,,,,,,,,,,,,,,,,,,,,,,,,,,,,,,,,,,,,,,,,,,,,,,,,,,,,,,,,,,,,,,,,,,,,,,,,,,,,,,,,,,,,,,,,,,,,,,,,,,,,,,,,,,,,,,,,,,,,,,,,,,,,,,,,,,,,,,,,,,,,,,,,,,,,,,,,,,,,,,,,,,,,,,,,,,,,,,,,,,,,,,,,,,,,,,,,,,,,,,,,,,,,,,,,,,,,,,,,,,,,,,,,,,,,,,,,,,,,,,,,,,,,,,,,,,,,,,,,,,,,,,,,,,,,,,,,,,,,,,,,,,,,,,,,,,,,,,,,,,,,,,,,,,,,,,,,,,,,,,,,,,,,,,,,,,,,,,,,,,,,,,,,,,,,,,,,,,,,,,,,,,,,,,,,,,,,,,,,,,,,,,,,,,,,,,,,,,,,,,,,,,,,,,,,,,,,,,,,,,,,,,,,,,,,,,,,,,,,,,,,,,,,,,,,,,,,,,,,,,,,,,,,,,,,,,,,,,,,,,,,,,,,,,,,,,,,,,,,,,,,,,,,,,,,,,,,,,,,,,,,,,,,,,,,,,,,,,,,,,,,,,,,,,,,,,,,,,,,,,,,,,,,,,,,,,,,,,,,,,,,,,,,,,,,,,,,,,,,,,,,,,,,,,,,,,,,,,,,,,,,,,,,,,,,,,,,,,,,,,,,,,,,,,,,,,,,,,,,CD79b,CD79b,,,Pop3,Progenitor II,,,,,,,,,,,,,,,,,,,,,,,,,,,,,,,,,,,,,,,,,,,,,,,,,,,,,,,,,,,,,,,,,,,,,,,,,,,,,,,,,,,,,,,,,,,,,,,,,,,,,,,,,,,,,,,,,,,,,,,,,,,,,,,,,,,,,,,,,,,,,,,,,,,,,,,,,,,,,,,,,,,,,,,,,,,,,,,,,,,,,,,,,,,,,,,,,,,,,,,,,,,,,,,,,,,,,,,,,,,,,,,,,,,,,,,,,,,,,,,,,,,,,,,,,,,,,,,,,,,,,,,,,,,,,,,,,,,,,,,,,,,,,,,,,,,,,,,,,,,,,,,,,,,,,,,,,,,,,,,,,,,,,,,,,,,,,,,,,,,,,,,,,,,,,,,,,,,,,,,,,,,,,,,,,,,,,,,,,,,,,,,,,,,,,,,,,,,,,,,,,,,,,,,,,,,,,,,,,,,,,,,,,,,,,,,,,,,,,,,,,,,,,,,,,,,,,,,,,,,,,,,,,,,,,,,,,,,,,,,,,,,,,,,,,,,,,,,,,,,,,,,,,,,,,,,,,,,,,,,,,,,,,,,,,,,,,,,,,,,,,,,,,,,,,,,,,,,,,,,,,,,,,,,,,,,,,,,,,,,,,,,,,,,,,,,,,,,,,,,,,,,,,,,,,,,,,,,,,,,,,,,,,,,,,,,,,,,,,,,,,,,,,,,,,,,,,,,,,,,,,,,,,,,,,,,,,,,,,,,,,,,,,,,,,,,,,,,,,,,,,,,,,,,,,,,,,,,,,,,,,,,,,,,,,,,,,,,,,,,,,,,,,,,,,,,,,,,,,,,,,,,,,,,,,,,,,,,,,,,,,,,,,,,,,,,,,,,,,,,,,,,,,,,,,,,,,,,,,,,,,,,,,,,,,,,,,,,,,,,,,,,,,,,,,,,,,,,,,,,,,,,,,,,,,,,,,,,,,,,,,,,,,,,,,,,,,,,,,,,,,,,,,,,,,,,,,,,,,,,,,,,,,,,,,,,,,,,,,,,,,,,,,,,,,,,,,,,,,,,,,,,,,,,,,,,,,,,,,,,,,,,,,,,,,,,,,,,,,,,,,,,,,,,,,,,,,,,,,,,,,,,,,,,,,,,,,,,,,,,,,,,,,,,,,,,,,,,,,,,,,,,,,,,,,,,,,,,,,,,,,,,,,,,,,,,,,,,,,,,,,,,,,,,,,,,,,,,,,,,,,,,,,,,,,,,,,,,,,,,,,,,,,,,,,,,,,,,,,,,,,,,,,,,,,,,,,,,,,,,,,,,,,,,,,,,,,,,,,,,,,,,,,,,,,,,,,,,,,,,,,,,,,,,,,,,,,,,,,,,,,,,,,,,,,,,,,,,,,,,,,,,,,,,,,,,,,,,,,,,,,,,,,,,,,,,,,,,,,,,,,,,,,,,,,,,,,,,,,,,,,,,,,,,,,,,,,,,,,,,,,,,,,,,,,,,,,,,,,,,,,,,,,,,,,,,,,,,,,,,,,,,,,,,,,,,,,,,,,,,,,,,,,,,,,,,,,,,,,,,,,,,,,,,,,,,,,,,,,,,,,,,,,,,,,,,,,,,,,,,,,,,,,,,,,,,,,,,,,,,,,,,,,,,,,,,,,,,,,,,,,,,,,,,,,,,,,,,,,,,,,,,,,,,,,,,,,,,,,,,,,,,,,,,,,,,,,,,,,,,,,,,,,,,,,,,,,,,,,,,,,,,,,,,,,,,,,,,,,,,,,,,,,,,,,,,,,,,,,,,,,,,,,,,,,,,,,,,,,,,,,,,,,,,,,,,,,,,,,,,,,,,,,,,,,,,,,,,,,,,,,,,,,,,,,,,,,,,,,,,,,,,,,,,,,,,,,,,,,,,,,,,,,,,,,,,,,,,,,,,,,,,,,,,,,,,,,,,,,,,,,,,,,,,,,,,,,,,,,,,,,,,,,,,,,,,,,,,,,,,,,,,,,,,,,,,,,,,,,,,,,,,,,,,,,,,,,,,HLADR,HLA-DR,,,Pop4,Progenitor III,,,,,,,,,,,,,,,,,,,,,,,,,,,,,,,,,,,,,,,,,,,,,,,,,,,,,,,,,,,,,,,,,,,,,,,,,,,,,,,,,,,,,,,,,,,,,,,,,,,,,,,,,,,,,,,,,,,,,,,,,,,,,,,,,,,,,,,,,,,,,,,,,,,,,,,,,,,,,,,,,,,,,,,,,,,,,,,,,,,,,,,,,,,,,,,,,,,,,,,,,,,,,,,,,,,,,,,,,,,,,,,,,,,,,,,,,,,,,,,,,,,,,,,,,,,,,,,,,,,,,,,,,,,,,,,,,,,,,,,,,,,,,,,,,,,,,,,,,,,,,,,,,,,,,,,,,,,,,,,,,,,,,,,,,,,,,,,,,,,,,,,,,,,,,,,,,,,,,,,,,,,,,,,,,,,,,,,,,,,,,,,,,,,,,,,,,,,,,,,,,,,,,,,,,,,,,,,,,,,,,,,,,,,,,,,,,,,,,,,,,,,,,,,,,,,,,,,,,,,,,,,,,,,,,,,,,,,,,,,,,,,,,,,,,,,,,,,,,,,,,,,,,,,,,,,,,,,,,,,,,,,,,,,,,,,,,,,,,,,,,,,,,,,,,,,,,,,,,,,,,,,,,,,,,,,,,,,,,,,,,,,,,,,,,,,,,,,,,,,,,,,,,,,,,,,,,,,,,,,,,,,,,,,,,,,,,,,,,,,,,,,,,,,,,,,,,,,,,,,,,,,,,,,,,,,,,,,,,,,,,,,,,,,,,,,,,,,,,,,,,,,,,,,,,,,,,,,,,,,,,,,,,,,,,,,,,,,,,,,,,,,,,,,,,,,,,,,,,,,,,,,,,,,,,,,,,,,,,,,,,,,,,,,,,,,,,,,,,,,,,,,,,,,,,,,,,,,,,,,,,,,,,,,,,,,,,,,,,,,,,,,,,,,,,,,,,,,,,,,,,,,,,,,,,,,,,,,,,,,,,,,,,,,,,,,,,,,,,,,,,,,,,,,,,,,,,,,,,,,,,,,,,,,,,,,,,,,,,,,,,,,,,,,,,,,,,,,,,,,,,,,,,,,,,,,,,,,,,,,,,,,,,,,,,,,,,,,,,,,,,,,,,,,,,,,,,,,,,,,,,,,,,,,,,,,,,,,,,,,,,,,,,,,,,,,,,,,,,,,,,,,,,,,,,,,,,,,,,,,,,,,,,,,,,,,,,,,,,,,,,,,,,,,,,,,,,,,,,,,,,,,,,,,,,,,,,,,,,,,,,,,,,,,,,,,,,,,,,,,,,,,,,,,,,,,,,,,,,,,,,,,,,,,,,,,,,,,,,,,,,,,,,,,,,,,,,,,,,,,,,,,,,,,,,,,,,,,,,,,,,,,,,,,,,,,,,,,,,,,,,,,,,,,,,,,,,,,,,,,,,,,,,,,,,,,,,,,,,,,,,,,,,,,,,,,,,,,,,,,,,,,,,,,,,,,,,,,,,,,,,,,,,,,,,,,,,,,,,,,,,,,,,,,,,,,,,,,,,,,,,,,,,,,,,,,,,,,,,,,,,,,,,,,,,,,,,,,,,,,,,,,,,,,,,,,,,,,,,,,,,,,,,,,,,,,,,,,,,,,,,,,,,,,,,,,,,,,,,,,,,,,,,,,,,,,,,,,,,,,,,,,,,,,,,,,,,,,,,,,,,,,,,,,,,,,,,,,,,,,,,,,,,,,,,,,,,,,,,,,,,,,,,,,,,,,,,,,,,,,,,,,,,,,,,,,,,,,,,,,,,,,,,,,,,,,,,,,,,,,,,,,,,,,,,,,,,,,,,,,,,,,,,,,,,,,,,,,,,,,,,,,,,,,,,,,,,,,,,,,,,,,,,,,,,,,,,,,,,,,,,,,,,,,,,,,,,,,,,,,,,,,,,,,,,,,,,,,,,,,,,,,,,,,,,,,,,,,,,,,,,,,,,,,,,,,,,,,,,,,,,,,,,,,,,,,,,,,,,,,,,,,,,,,,,,,,,,,,,,,,,,,,,,,,,,,,,,,IgMi,IgHi,,,Pop5,Pre-Pro-B,,,,,,,,,,,,,,,,,,,,,,,,,,,,,,,,,,,,,,,,,,,,,,,,,,,,,,,,,,,,,,,,,,,,,,,,,,,,,,,,,,,,,,,,,,,,,,,,,,,,,,,,,,,,,,,,,,,,,,,,,,,,,,,,,,,,,,,,,,,,,,,,,,,,,,,,,,,,,,,,,,,,,,,,,,,,,,,,,,,,,,,,,,,,,,,,,,,,,,,,,,,,,,,,,,,,,,,,,,,,,,,,,,,,,,,,,,,,,,,,,,,,,,,,,,,,,,,,,,,,,,,,,,,,,,,,,,,,,,,,,,,,,,,,,,,,,,,,,,,,,,,,,,,,,,,,,,,,,,,,,,,,,,,,,,,,,,,,,,,,,,,,,,,,,,,,,,,,,,,,,,,,,,,,,,,,,,,,,,,,,,,,,,,,,,,,,,,,,,,,,,,,,,,,,,,,,,,,,,,,,,,,,,,,,,,,,,,,,,,,,,,,,,,,,,,,,,,,,,,,,,,,,,,,,,,,,,,,,,,,,,,,,,,,,,,,,,,,,,,,,,,,,,,,,,,,,,,,,,,,,,,,,,,,,,,,,,,,,,,,,,,,,,,,,,,,,,,,,,,,,,,,,,,,,,,,,,,,,,,,,,,,,,,,,,,,,,,,,,,,,,,,,,,,,,,,,,,,,,,,,,,,,,,,,,,,,,,,,,,,,,,,,,,,,,,,,,,,,,,,,,,,,,,,,,,,,,,,,,,,,,,,,,,,,,,,,,,,,,,,,,,,,,,,,,,,,,,,,,,,,,,,,,,,,,,,,,,,,,,,,,,,,,,,,,,,,,,,,,,,,,,,,,,,,,,,,,,,,,,,,,,,,,,,,,,,,,,,,,,,,,,,,,,,,,,,,,,,,,,,,,,,,,,,,,,,,,,,,,,,,,,,,,,,,,,,,,,,,,,,,,,,,,,,,,,,,,,,,,,,,,,,,,,,,,,,,,,,,,,,,,,,,,,,,,,,,,,,,,,,,,,,,,,,,,,,,,,,,,,,,,,,,,,,,,,,,,,,,,,,,,,,,,,,,,,,,,,,,,,,,,,,,,,,,,,,,,,,,,,,,,,,,,,,,,,,,,,,,,,,,,,,,,,,,,,,,,,,,,,,,,,,,,,,,,,,,,,,,,,,,,,,,,,,,,,,,,,,,,,,,,,,,,,,,,,,,,,,,,,,,,,,,,,,,,,,,,,,,,,,,,,,,,,,,,,,,,,,,,,,,,,,,,,,,,,,,,,,,,,,,,,,,,,,,,,,,,,,,,,,,,,,,,,,,,,,,,,,,,,,,,,,,,,,,,,,,,,,,,,,,,,,,,,,,,,,,,,,,,,,,,,,,,,,,,,,,,,,,,,,,,,,,,,,,,,,,,,,,,,,,,,,,,,,,,,,,,,,,,,,,,,,,,,,,,,,,,,,,,,,,,,,,,,,,,,,,,,,,,,,,,,,,,,,,,,,,,,,,,,,,,,,,,,,,,,,,,,,,,,,,,,,,,,,,,,,,,,,,,,,,,,,,,,,,,,,,,,,,,,,,,,,,,,,,,,,,,,,,,,,,,,,,,,,,,,,,,,,,,,,,,,,,,,,,,,,,,,,,,,,,,,,,,,,,,,,,,,,,,,,,,,,,,,,,,,,,,,,,,,,,,,,,,,,,,,,,,,,,,,,,,,,,,,,,,,,,,,,,,,,,,,,,,,,,,,,,,,,,,,,,,,,,,,,,,,,,,,,,,,,,,,,,,,,,,,,,,,,,,,,,,,,,,,,,,,,,,,,,,,,,,,,,,,,,,,,,,,,,,,,,,,,,,,,,,,,,,,,,,,,,,,,,,,,,,,,,,,,,,,,,,,,,,,,,,,,,,,,,,,,,,,,,,,,,,,,,,,,,,,,,,,,,,,,,,,,,,,,,,,,,,,,,,,,,,,,,,,,,,,,,,,,,,,,,,,,,,,,,,,,,,,,,,,,,,,,,,,,,,,,,,,,,,,,,,,,,,,IgMs,IgHs,,,Pop6,Pro-BI,,,,,,,,,,,,,,,,,,,,,,,,,,,,,,,,,,,,,,,,,,,,,,,,,,,,,,,,,,,,,,,,,,,,,,,,,,,,,,,,,,,,,,,,,,,,,,,,,,,,,,,,,,,,,,,,,,,,,,,,,,,,,,,,,,,,,,,,,,,,,,,,,,,,,,,,,,,,,,,,,,,,,,,,,,,,,,,,,,,,,,,,,,,,,,,,,,,,,,,,,,,,,,,,,,,,,,,,,,,,,,,,,,,,,,,,,,,,,,,,,,,,,,,,,,,,,,,,,,,,,,,,,,,,,,,,,,,,,,,,,,,,,,,,,,,,,,,,,,,,,,,,,,,,,,,,,,,,,,,,,,,,,,,,,,,,,,,,,,,,,,,,,,,,,,,,,,,,,,,,,,,,,,,,,,,,,,,,,,,,,,,,,,,,,,,,,,,,,,,,,,,,,,,,,,,,,,,,,,,,,,,,,,,,,,,,,,,,,,,,,,,,,,,,,,,,,,,,,,,,,,,,,,,,,,,,,,,,,,,,,,,,,,,,,,,,,,,,,,,,,,,,,,,,,,,,,,,,,,,,,,,,,,,,,,,,,,,,,,,,,,,,,,,,,,,,,,,,,,,,,,,,,,,,,,,,,,,,,,,,,,,,,,,,,,,,,,,,,,,,,,,,,,,,,,,,,,,,,,,,,,,,,,,,,,,,,,,,,,,,,,,,,,,,,,,,,,,,,,,,,,,,,,,,,,,,,,,,,,,,,,,,,,,,,,,,,,,,,,,,,,,,,,,,,,,,,,,,,,,,,,,,,,,,,,,,,,,,,,,,,,,,,,,,,,,,,,,,,,,,,,,,,,,,,,,,,,,,,,,,,,,,,,,,,,,,,,,,,,,,,,,,,,,,,,,,,,,,,,,,,,,,,,,,,,,,,,,,,,,,,,,,,,,,,,,,,,,,,,,,,,,,,,,,,,,,,,,,,,,,,,,,,,,,,,,,,,,,,,,,,,,,,,,,,,,,,,,,,,,,,,,,,,,,,,,,,,,,,,,,,,,,,,,,,,,,,,,,,,,,,,,,,,,,,,,,,,,,,,,,,,,,,,,,,,,,,,,,,,,,,,,,,,,,,,,,,,,,,,,,,,,,,,,,,,,,,,,,,,,,,,,,,,,,,,,,,,,,,,,,,,,,,,,,,,,,,,,,,,,,,,,,,,,,,,,,,,,,,,,,,,,,,,,,,,,,,,,,,,,,,,,,,,,,,,,,,,,,,,,,,,,,,,,,,,,,,,,,,,,,,,,,,,,,,,,,,,,,,,,,,,,,,,,,,,,,,,,,,,,,,,,,,,,,,,,,,,,,,,,,,,,,,,,,,,,,,,,,,,,,,,,,,,,,,,,,,,,,,,,,,,,,,,,,,,,,,,,,,,,,,,,,,,,,,,,,,,,,,,,,,,,,,,,,,,,,,,,,,,,,,,,,,,,,,,,,,,,,,,,,,,,,,,,,,,,,,,,,,,,,,,,,,,,,,,,,,,,,,,,,,,,,,,,,,,,,,,,,,,,,,,,,,,,,,,,,,,,,,,,,,,,,,,,,,,,,,,,,,,,,,,,,,,,,,,,,,,,,,,,,,,,,,,,,,,,,,,,,,,,,,,,,,,,,,,,,,,,,,,,,,,,,,,,,,,,,,,,,,,,,,,,,,,,,,,,,,,,,,,,,,,,,,,,,,,,,,,,,,,,,,,,,,,,,,,,,,,,,,,,,,,,,,,,,,,,,,,,,,,,,,,,,,,,,,,,,,,,,,,,,,,,,,,,,,,,,,,,,,,,,,,,,,,,,,,,,,,,,,,,,,,,,,,,,,,,,,,,,,,,,,,,,,,,,,,,,,,,,,,,,,,,,,,,,,,,,,,,,,,,,,,,,,,,,,,,,,,,,,,,,,,,,,,,,,,,,,,,,,,,,,,,,,,,,,,,,,,,,,,,,,,,,,,,,,,,,,,,,,,,,,,,,,,,,,,,,,,,,,,,,,,,,,,,,,,,,,,,tIkaros,IKAROS,,,Pop7,Pro-BII,,,,,,,,,,,,,,,,,,,,,,,,,,,,,,,,,,,,,,,,,,,,,,,,,,,,,,,,,,,,,,,,,,,,,,,,,,,,,,,,,,,,,,,,,,,,,,,,,,,,,,,,,,,,,,,,,,,,,,,,,,,,,,,,,,,,,,,,,,,,,,,,,,,,,,,,,,,,,,,,,,,,,,,,,,,,,,,,,,,,,,,,,,,,,,,,,,,,,,,,,,,,,,,,,,,,,,,,,,,,,,,,,,,,,,,,,,,,,,,,,,,,,,,,,,,,,,,,,,,,,,,,,,,,,,,,,,,,,,,,,,,,,,,,,,,,,,,,,,,,,,,,,,,,,,,,,,,,,,,,,,,,,,,,,,,,,,,,,,,,,,,,,,,,,,,,,,,,,,,,,,,,,,,,,,,,,,,,,,,,,,,,,,,,,,,,,,,,,,,,,,,,,,,,,,,,,,,,,,,,,,,,,,,,,,,,,,,,,,,,,,,,,,,,,,,,,,,,,,,,,,,,,,,,,,,,,,,,,,,,,,,,,,,,,,,,,,,,,,,,,,,,,,,,,,,,,,,,,,,,,,,,,,,,,,,,,,,,,,,,,,,,,,,,,,,,,,,,,,,,,,,,,,,,,,,,,,,,,,,,,,,,,,,,,,,,,,,,,,,,,,,,,,,,,,,,,,,,,,,,,,,,,,,,,,,,,,,,,,,,,,,,,,,,,,,,,,,,,,,,,,,,,,,,,,,,,,,,,,,,,,,,,,,,,,,,,,,,,,,,,,,,,,,,,,,,,,,,,,,,,,,,,,,,,,,,,,,,,,,,,,,,,,,,,,,,,,,,,,,,,,,,,,,,,,,,,,,,,,,,,,,,,,,,,,,,,,,,,,,,,,,,,,,,,,,,,,,,,,,,,,,,,,,,,,,,,,,,,,,,,,,,,,,,,,,,,,,,,,,,,,,,,,,,,,,,,,,,,,,,,,,,,,,,,,,,,,,,,,,,,,,,,,,,,,,,,,,,,,,,,,,,,,,,,,,,,,,,,,,,,,,,,,,,,,,,,,,,,,,,,,,,,,,,,,,,,,,,,,,,,,,,,,,,,,,,,,,,,,,,,,,,,,,,,,,,,,,,,,,,,,,,,,,,,,,,,,,,,,,,,,,,,,,,,,,,,,,,,,,,,,,,,,,,,,,,,,,,,,,,,,,,,,,,,,,,,,,,,,,,,,,,,,,,,,,,,,,,,,,,,,,,,,,,,,,,,,,,,,,,,,,,,,,,,,,,,,,,,,,,,,,,,,,,,,,,,,,,,,,,,,,,,,,,,,,,,,,,,,,,,,,,,,,,,,,,,,,,,,,,,,,,,,,,,,,,,,,,,,,,,,,,,,,,,,,,,,,,,,,,,,,,,,,,,,,,,,,,,,,,,,,,,,,,,,,,,,,,,,,,,,,,,,,,,,,,,,,,,,,,,,,,,,,,,,,,,,,,,,,,,,,,,,,,,,,,,,,,,,,,,,,,,,,,,,,,,,,,,,,,,,,,,,,,,,,,,,,,,,,,,,,,,,,,,,,,,,,,,,,,,,,,,,,,,,,,,,,,,,,,,,,,,,,,,,,,,,,,,,,,,,,,,,,,,,,,,,,,,,,,,,,,,,,,,,,,,,,,,,,,,,,,,,,,,,,,,,,,,,,,,,,,,,,,,,,,,,,,,,,,,,,,,,,,,,,,,,,,,,,,,,,,,,,,,,,,,,,,,,,,,,,,,,,,,,,,,,,,,,,,,,,,,,,,,,,,,,,,,,,,,,,,,,,,,,,,,,,,,,,,,,,,,,,,,,,,,,,,,,,,,,,,,,,,,,,,,,,,,,,,,,,,,,,,,,,,,,,,,,,,,,,,,,,,,,,,,,,,,,,,,,,,,,,,,,,,,,,,,,,,,,,,,,,,,,,,,,,,,,,,,,,,,,,,,,,,,,,,,,,,,,,,,,,,,,,,,,,,,,,,,,,,,,,,,,,,,,,,,,,,,,,,,,,,,,,,,,,Pax5,PAX5,,,Pop8,Pre-BI,,,,,,,,,,,,,,,,,,,,,,,,,,,,,,,,,,,,,,,,,,,,,,,,,,,,,,,,,,,,,,,,,,,,,,,,,,,,,,,,,,,,,,,,,,,,,,,,,,,,,,,,,,,,,,,,,,,,,,,,,,,,,,,,,,,,,,,,,,,,,,,,,,,,,,,,,,,,,,,,,,,,,,,,,,,,,,,,,,,,,,,,,,,,,,,,,,,,,,,,,,,,,,,,,,,,,,,,,,,,,,,,,,,,,,,,,,,,,,,,,,,,,,,,,,,,,,,,,,,,,,,,,,,,,,,,,,,,,,,,,,,,,,,,,,,,,,,,,,,,,,,,,,,,,,,,,,,,,,,,,,,,,,,,,,,,,,,,,,,,,,,,,,,,,,,,,,,,,,,,,,,,,,,,,,,,,,,,,,,,,,,,,,,,,,,,,,,,,,,,,,,,,,,,,,,,,,,,,,,,,,,,,,,,,,,,,,,,,,,,,,,,,,,,,,,,,,,,,,,,,,,,,,,,,,,,,,,,,,,,,,,,,,,,,,,,,,,,,,,,,,,,,,,,,,,,,,,,,,,,,,,,,,,,,,,,,,,,,,,,,,,,,,,,,,,,,,,,,,,,,,,,,,,,,,,,,,,,,,,,,,,,,,,,,,,,,,,,,,,,,,,,,,,,,,,,,,,,,,,,,,,,,,,,,,,,,,,,,,,,,,,,,,,,,,,,,,,,,,,,,,,,,,,,,,,,,,,,,,,,,,,,,,,,,,,,,,,,,,,,,,,,,,,,,,,,,,,,,,,,,,,,,,,,,,,,,,,,,,,,,,,,,,,,,,,,,,,,,,,,,,,,,,,,,,,,,,,,,,,,,,,,,,,,,,,,,,,,,,,,,,,,,,,,,,,,,,,,,,,,,,,,,,,,,,,,,,,,,,,,,,,,,,,,,,,,,,,,,,,,,,,,,,,,,,,,,,,,,,,,,,,,,,,,,,,,,,,,,,,,,,,,,,,,,,,,,,,,,,,,,,,,,,,,,,,,,,,,,,,,,,,,,,,,,,,,,,,,,,,,,,,,,,,,,,,,,,,,,,,,,,,,,,,,,,,,,,,,,,,,,,,,,,,,,,,,,,,,,,,,,,,,,,,,,,,,,,,,,,,,,,,,,,,,,,,,,,,,,,,,,,,,,,,,,,,,,,,,,,,,,,,,,,,,,,,,,,,,,,,,,,,,,,,,,,,,,,,,,,,,,,,,,,,,,,,,,,,,,,,,,,,,,,,,,,,,,,,,,,,,,,,,,,,,,,,,,,,,,,,,,,,,,,,,,,,,,,,,,,,,,,,,,,,,,,,,,,,,,,,,,,,,,,,,,,,,,,,,,,,,,,,,,,,,,,,,,,,,,,,,,,,,,,,,,,,,,,,,,,,,,,,,,,,,,,,,,,,,,,,,,,,,,,,,,,,,,,,,,,,,,,,,,,,,,,,,,,,,,,,,,,,,,,,,,,,,,,,,,,,,,,,,,,,,,,,,,,,,,,,,,,,,,,,,,,,,,,,,,,,,,,,,,,,,,,,,,,,,,,,,,,,,,,,,,,,,,,,,,,,,,,,,,,,,,,,,,,,,,,,,,,,,,,,,,,,,,,,,,,,,,,,,,,,,,,,,,,,,,,,,,,,,,,,,,,,,,,,,,,,,,,,,,,,,,,,,,,,,,,,,,,,,,,,,,,,,,,,,,,,,,,,,,,,,,,,,,,,,,,,,,,,,,,,,,,,,,,,,,,,,,,,,,,,,,,,,,,,,,,,,,,,,,,,,,,,,,,,,,,,,,,,,,,,,,,,,,,,,,,,,,,,,,,,,,,,,,,,,,,,,,,,,,,,,,,,,,,,,,,,,,,,,,,,,,,,,,,,,,,,,,,,,,,,,,,,,,,,,,,,,,,,,,,,,,,,,,,,,,,,,,,,,,,,,,,,,,,,,,,,,,,,,,,,,,,,,,,,,,,,,,,,,,,,,,,,,,,,,,,,,,,,,,,,,,,,,,,,RAG1,RAG1,,,Pop9,Pre-BII,,,,,,,,,,,,,,,,,,,,,,,,,,,,,,,,,,,,,,,,,,,,,,,,,,,,,,,,,,,,,,,,,,,,,,,,,,,,,,,,,,,,,,,,,,,,,,,,,,,,,,,,,,,,,,,,,,,,,,,,,,,,,,,,,,,,,,,,,,,,,,,,,,,,,,,,,,,,,,,,,,,,,,,,,,,,,,,,,,,,,,,,,,,,,,,,,,,,,,,,,,,,,,,,,,,,,,,,,,,,,,,,,,,,,,,,,,,,,,,,,,,,,,,,,,,,,,,,,,,,,,,,,,,,,,,,,,,,,,,,,,,,,,,,,,,,,,,,,,,,,,,,,,,,,,,,,,,,,,,,,,,,,,,,,,,,,,,,,,,,,,,,,,,,,,,,,,,,,,,,,,,,,,,,,,,,,,,,,,,,,,,,,,,,,,,,,,,,,,,,,,,,,,,,,,,,,,,,,,,,,,,,,,,,,,,,,,,,,,,,,,,,,,,,,,,,,,,,,,,,,,,,,,,,,,,,,,,,,,,,,,,,,,,,,,,,,,,,,,,,,,,,,,,,,,,,,,,,,,,,,,,,,,,,,,,,,,,,,,,,,,,,,,,,,,,,,,,,,,,,,,,,,,,,,,,,,,,,,,,,,,,,,,,,,,,,,,,,,,,,,,,,,,,,,,,,,,,,,,,,,,,,,,,,,,,,,,,,,,,,,,,,,,,,,,,,,,,,,,,,,,,,,,,,,,,,,,,,,,,,,,,,,,,,,,,,,,,,,,,,,,,,,,,,,,,,,,,,,,,,,,,,,,,,,,,,,,,,,,,,,,,,,,,,,,,,,,,,,,,,,,,,,,,,,,,,,,,,,,,,,,,,,,,,,,,,,,,,,,,,,,,,,,,,,,,,,,,,,,,,,,,,,,,,,,,,,,,,,,,,,,,,,,,,,,,,,,,,,,,,,,,,,,,,,,,,,,,,,,,,,,,,,,,,,,,,,,,,,,,,,,,,,,,,,,,,,,,,,,,,,,,,,,,,,,,,,,,,,,,,,,,,,,,,,,,,,,,,,,,,,,,,,,,,,,,,,,,,,,,,,,,,,,,,,,,,,,,,,,,,,,,,,,,,,,,,,,,,,,,,,,,,,,,,,,,,,,,,,,,,,,,,,,,,,,,,,,,,,,,,,,,,,,,,,,,,,,,,,,,,,,,,,,,,,,,,,,,,,,,,,,,,,,,,,,,,,,,,,,,,,,,,,,,,,,,,,,,,,,,,,,,,,,,,,,,,,,,,,,,,,,,,,,,,,,,,,,,,,,,,,,,,,,,,,,,,,,,,,,,,,,,,,,,,,,,,,,,,,,,,,,,,,,,,,,,,,,,,,,,,,,,,,,,,,,,,,,,,,,,,,,,,,,,,,,,,,,,,,,,,,,,,,,,,,,,,,,,,,,,,,,,,,,,,,,,,,,,,,,,,,,,,,,,,,,,,,,,,,,,,,,,,,,,,,,,,,,,,,,,,,,,,,,,,,,,,,,,,,,,,,,,,,,,,,,,,,,,,,,,,,,,,,,,,,,,,,,,,,,,,,,,,,,,,,,,,,,,,,,,,,,,,,,,,,,,,,,,,,,,,,,,,,,,,,,,,,,,,,,,,,,,,,,,,,,,,,,,,,,,,,,,,,,,,,,,,,,,,,,,,,,,,,,,,,,,,,,,,,,,,,,,,,,,,,,,,,,,,,,,,,,,,,,,,,,,,,,,,,,,,,,,,,,,,,,,,,,,,,,,,,,,,,,,,,,,,,,,,,,,,,,,,,,,,,,,,,,,,,,,,,,,,,,,,,,,,,,,,,,,,,,,,,,,,,,,,,,,,,,,,,,,,,,,,,,,,,,,,,,,,,,,,,,,,,,,,,,,,,,,,,,,,,,,,,,,,,,,,,,,,,,,,,,,,,,,,,,,,,,,,,,,,,,,,,,,,,,,,,,,,,,,,,,,,,,,,,,,,,,,,,,,,,,,,,,,,,,,,,,,,,,,,,,,,,,,,,,,TdT,TdT,,,Pop10,Immature BI,,,,,,,,,,,,,,,,,,,,,,,,,,,,,,,,,,,,,,,,,,,,,,,,,,,,,,,,,,,,,,,,,,,,,,,,,,,,,,,,,,,,,,,,,,,,,,,,,,,,,,,,,,,,,,,,,,,,,,,,,,,,,,,,,,,,,,,,,,,,,,,,,,,,,,,,,,,,,,,,,,,,,,,,,,,,,,,,,,,,,,,,,,,,,,,,,,,,,,,,,,,,,,,,,,,,,,,,,,,,,,,,,,,,,,,,,,,,,,,,,,,,,,,,,,,,,,,,,,,,,,,,,,,,,,,,,,,,,,,,,,,,,,,,,,,,,,,,,,,,,,,,,,,,,,,,,,,,,,,,,,,,,,,,,,,,,,,,,,,,,,,,,,,,,,,,,,,,,,,,,,,,,,,,,,,,,,,,,,,,,,,,,,,,,,,,,,,,,,,,,,,,,,,,,,,,,,,,,,,,,,,,,,,,,,,,,,,,,,,,,,,,,,,,,,,,,,,,,,,,,,,,,,,,,,,,,,,,,,,,,,,,,,,,,,,,,,,,,,,,,,,,,,,,,,,,,,,,,,,,,,,,,,,,,,,,,,,,,,,,,,,,,,,,,,,,,,,,,,,,,,,,,,,,,,,,,,,,,,,,,,,,,,,,,,,,,,,,,,,,,,,,,,,,,,,,,,,,,,,,,,,,,,,,,,,,,,,,,,,,,,,,,,,,,,,,,,,,,,,,,,,,,,,,,,,,,,,,,,,,,,,,,,,,,,,,,,,,,,,,,,,,,,,,,,,,,,,,,,,,,,,,,,,,,,,,,,,,,,,,,,,,,,,,,,,,,,,,,,,,,,,,,,,,,,,,,,,,,,,,,,,,,,,,,,,,,,,,,,,,,,,,,,,,,,,,,,,,,,,,,,,,,,,,,,,,,,,,,,,,,,,,,,,,,,,,,,,,,,,,,,,,,,,,,,,,,,,,,,,,,,,,,,,,,,,,,,,,,,,,,,,,,,,,,,,,,,,,,,,,,,,,,,,,,,,,,,,,,,,,,,,,,,,,,,,,,,,,,,,,,,,,,,,,,,,,,,,,,,,,,,,,,,,,,,,,,,,,,,,,,,,,,,,,,,,,,,,,,,,,,,,,,,,,,,,,,,,,,,,,,,,,,,,,,,,,,,,,,,,,,,,,,,,,,,,,,,,,,,,,,,,,,,,,,,,,,,,,,,,,,,,,,,,,,,,,,,,,,,,,,,,,,,,,,,,,,,,,,,,,,,,,,,,,,,,,,,,,,,,,,,,,,,,,,,,,,,,,,,,,,,,,,,,,,,,,,,,,,,,,,,,,,,,,,,,,,,,,,,,,,,,,,,,,,,,,,,,,,,,,,,,,,,,,,,,,,,,,,,,,,,,,,,,,,,,,,,,,,,,,,,,,,,,,,,,,,,,,,,,,,,,,,,,,,,,,,,,,,,,,,,,,,,,,,,,,,,,,,,,,,,,,,,,,,,,,,,,,,,,,,,,,,,,,,,,,,,,,,,,,,,,,,,,,,,,,,,,,,,,,,,,,,,,,,,,,,,,,,,,,,,,,,,,,,,,,,,,,,,,,,,,,,,,,,,,,,,,,,,,,,,,,,,,,,,,,,,,,,,,,,,,,,,,,,,,,,,,,,,,,,,,,,,,,,,,,,,,,,,,,,,,,,,,,,,,,,,,,,,,,,,,,,,,,,,,,,,,,,,,,,,,,,,,,,,,,,,,,,,,,,,,,,,,,,,,,,,,,,,,,,,,,,,,,,,,,,,,,,,,,,,,,,,,,,,,,,,,,,,,,,,,,,,,,,,,,,,,,,,,,,,,,,,,,,,,,,,,,,,,,,,,,,,,,,,,,,,,,,,,,,,,,,,,,,,,,,,,,,,,,,,,,,,,,,,,,,,,,,,,,,,,,,,,,,,,,,,,,,,,,,,,,,,,,,,,,,,,,,,,,,,,,,,,,,,,,,,,,,,,,,,,,,,,,,,,,,,,,,,,,,,,,,,,,,,,,,,,TSLPr,CRLF2,,,Pop11,Immature BII,,,,,,,,,,,,,,,,,,,,,,,,,,,,,,,,,,,,,,,,,,,,,,,,,,,,,,,,,,,,,,,,,,,,,,,,,,,,,,,,,,,,,,,,,,,,,,,,,,,,,,,,,,,,,,,,,,,,,,,,,,,,,,,,,,,,,,,,,,,,,,,,,,,,,,,,,,,,,,,,,,,,,,,,,,,,,,,,,,,,,,,,,,,,,,,,,,,,,,,,,,,,,,,,,,,,,,,,,,,,,,,,,,,,,,,,,,,,,,,,,,,,,,,,,,,,,,,,,,,,,,,,,,,,,,,,,,,,,,,,,,,,,,,,,,,,,,,,,,,,,,,,,,,,,,,,,,,,,,,,,,,,,,,,,,,,,,,,,,,,,,,,,,,,,,,,,,,,,,,,,,,,,,,,,,,,,,,,,,,,,,,,,,,,,,,,,,,,,,,,,,,,,,,,,,,,,,,,,,,,,,,,,,,,,,,,,,,,,,,,,,,,,,,,,,,,,,,,,,,,,,,,,,,,,,,,,,,,,,,,,,,,,,,,,,,,,,,,,,,,,,,,,,,,,,,,,,,,,,,,,,,,,,,,,,,,,,,,,,,,,,,,,,,,,,,,,,,,,,,,,,,,,,,,,,,,,,,,,,,,,,,,,,,,,,,,,,,,,,,,,,,,,,,,,,,,,,,,,,,,,,,,,,,,,,,,,,,,,,,,,,,,,,,,,,,,,,,,,,,,,,,,,,,,,,,,,,,,,,,,,,,,,,,,,,,,,,,,,,,,,,,,,,,,,,,,,,,,,,,,,,,,,,,,,,,,,,,,,,,,,,,,,,,,,,,,,,,,,,,,,,,,,,,,,,,,,,,,,,,,,,,,,,,,,,,,,,,,,,,,,,,,,,,,,,,,,,,,,,,,,,,,,,,,,,,,,,,,,,,,,,,,,,,,,,,,,,,,,,,,,,,,,,,,,,,,,,,,,,,,,,,,,,,,,,,,,,,,,,,,,,,,,,,,,,,,,,,,,,,,,,,,,,,,,,,,,,,,,,,,,,,,,,,,,,,,,,,,,,,,,,,,,,,,,,,,,,,,,,,,,,,,,,,,,,,,,,,,,,,,,,,,,,,,,,,,,,,,,,,,,,,,,,,,,,,,,,,,,,,,,,,,,,,,,,,,,,,,,,,,,,,,,,,,,,,,,,,,,,,,,,,,,,,,,,,,,,,,,,,,,,,,,,,,,,,,,,,,,,,,,,,,,,,,,,,,,,,,,,,,,,,,,,,,,,,,,,,,,,,,,,,,,,,,,,,,,,,,,,,,,,,,,,,,,,,,,,,,,,,,,,,,,,,,,,,,,,,,,,,,,,,,,,,,,,,,,,,,,,,,,,,,,,,,,,,,,,,,,,,,,,,,,,,,,,,,,,,,,,,,,,,,,,,,,,,,,,,,,,,,,,,,,,,,,,,,,,,,,,,,,,,,,,,,,,,,,,,,,,,,,,,,,,,,,,,,,,,,,,,,,,,,,,,,,,,,,,,,,,,,,,,,,,,,,,,,,,,,,,,,,,,,,,,,,,,,,,,,,,,,,,,,,,,,,,,,,,,,,,,,,,,,,,,,,,,,,,,,,,,,,,,,,,,,,,,,,,,,,,,,,,,,,,,,,,,,,,,,,,,,,,,,,,,,,,,,,,,,,,,,,,,,,,,,,,,,,,,,,,,,,,,,,,,,,,,,,,,,,,,,,,,,,,,,,,,,,,,,,,,,,,,,,,,,,,,,,,,,,,,,,,,,,,,,,,,,,,,,,,,,,,,,,,,,,,,,,,,,,,,,,,,,,,,,,,,,,,,,,,,,,,,,,,,,,,,,,,,,,,,,,,,,,,,,,,,,,,,,,,,,,,,,,,,,,,,,,,,,,,,,,,,,,,,,,,,,,,,,,,,,,,,,,,,,,,,,,,,,,,,,,,,,,,,,,,,,,,,,,,,,,,,,,,,,,,,,,,,,,,,,,,,,,,,,,,,,,,,,,,,,,,,,,,,,,,,,,,,pAKT,pAKT*,,,Pop12,Mature B,,,,,,,,,,,,,,,,,,,,,,,,,,,,,,,,,,,,,,,,,,,,,,,,,,,,,,,,,,,,,,,,,,,,,,,,,,,,,,,,,,,,,,,,,,,,,,,,,,,,,,,,,,,,,,,,,,,,,,,,,,,,,,,,,,,,,,,,,,,,,,,,,,,,,,,,,,,,,,,,,,,,,,,,,,,,,,,,,,,,,,,,,,,,,,,,,,,,,,,,,,,,,,,,,,,,,,,,,,,,,,,,,,,,,,,,,,,,,,,,,,,,,,,,,,,,,,,,,,,,,,,,,,,,,,,,,,,,,,,,,,,,,,,,,,,,,,,,,,,,,,,,,,,,,,,,,,,,,,,,,,,,,,,,,,,,,,,,,,,,,,,,,,,,,,,,,,,,,,,,,,,,,,,,,,,,,,,,,,,,,,,,,,,,,,,,,,,,,,,,,,,,,,,,,,,,,,,,,,,,,,,,,,,,,,,,,,,,,,,,,,,,,,,,,,,,,,,,,,,,,,,,,,,,,,,,,,,,,,,,,,,,,,,,,,,,,,,,,,,,,,,,,,,,,,,,,,,,,,,,,,,,,,,,,,,,,,,,,,,,,,,,,,,,,,,,,,,,,,,,,,,,,,,,,,,,,,,,,,,,,,,,,,,,,,,,,,,,,,,,,,,,,,,,,,,,,,,,,,,,,,,,,,,,,,,,,,,,,,,,,,,,,,,,,,,,,,,,,,,,,,,,,,,,,,,,,,,,,,,,,,,,,,,,,,,,,,,,,,,,,,,,,,,,,,,,,,,,,,,,,,,,,,,,,,,,,,,,,,,,,,,,,,,,,,,,,,,,,,,,,,,,,,,,,,,,,,,,,,,,,,,,,,,,,,,,,,,,,,,,,,,,,,,,,,,,,,,,,,,,,,,,,,,,,,,,,,,,,,,,,,,,,,,,,,,,,,,,,,,,,,,,,,,,,,,,,,,,,,,,,,,,,,,,,,,,,,,,,,,,,,,,,,,,,,,,,,,,,,,,,,,,,,,,,,,,,,,,,,,,,,,,,,,,,,,,,,,,,,,,,,,,,,,,,,,,,,,,,,,,,,,,,,,,,,,,,,,,,,,,,,,,,,,,,,,,,,,,,,,,,,,,,,,,,,,,,,,,,,,,,,,,,,,,,,,,,,,,,,,,,,,,,,,,,,,,,,,,,,,,,,,,,,,,,,,,,,,,,,,,,,,,,,,,,,,,,,,,,,,,,,,,,,,,,,,,,,,,,,,,,,,,,,,,,,,,,,,,,,,,,,,,,,,,,,,,,,,,,,,,,,,,,,,,,,,,,,,,,,,,,,,,,,,,,,,,,,,,,,,,,,,,,,,,,,,,,,,,,,,,,,,,,,,,,,,,,,,,,,,,,,,,,,,,,,,,,,,,,,,,,,,,,,,,,,,,,,,,,,,,,,,,,,,,,,,,,,,,,,,,,,,,,,,,,,,,,,,,,,,,,,,,,,,,,,,,,,,,,,,,,,,,,,,,,,,,,,,,,,,,,,,,,,,,,,,,,,,,,,,,,,,,,,,,,,,,,,,,,,,,,,,,,,,,,,,,,,,,,,,,,,,,,,,,,,,,,,,,,,,,,,,,,,,,,,,,,,,,,,,,,,,,,,,,,,,,,,,,,,,,,,,,,,,,,,,,,,,,,,,,,,,,,,,,,,,,,,,,,,,,,,,,,,,,,,,,,,,,,,,,,,,,,,,,,,,,,,,,,,,,,,,,,,,,,,,,,,,,,,,,,,,,,,,,,,,,,,,,,,,,,,,,,,,,,,,,,,,,,,,,,,,,,,,,,,,,,,,,,,,,,,,,,,,,,,,,,,,,,,,,,,,,,,,,,,,,,,,,,,,,,,,,,,,,,,,,,,,,,,,,,,,,,,,,,,,,,,,,,,,,,,,,,,,,,,,,,,,,,,,,,,,,,,,,,,,,,,,,,,,,,,,,,,,,,,,,,,,,,,,,,,,,,,,,,,,,,,,,,,,,,,,,,,,,,,,,,,,p4EBP1,p4EBP1*,,,Mixed1,Late Progenitors,,,,,,,,,,,,,,,,,,,,,,,,,,,,,,,,,,,,,,,,,,,,,,,,,,,,,,,,,,,,,,,,,,,,,,,,,,,,,,,,,,,,,,,,,,,,,,,,,,,,,,,,,,,,,,,,,,,,,,,,,,,,,,,,,,,,,,,,,,,,,,,,,,,,,,,,,,,,,,,,,,,,,,,,,,,,,,,,,,,,,,,,,,,,,,,,,,,,,,,,,,,,,,,,,,,,,,,,,,,,,,,,,,,,,,,,,,,,,,,,,,,,,,,,,,,,,,,,,,,,,,,,,,,,,,,,,,,,,,,,,,,,,,,,,,,,,,,,,,,,,,,,,,,,,,,,,,,,,,,,,,,,,,,,,,,,,,,,,,,,,,,,,,,,,,,,,,,,,,,,,,,,,,,,,,,,,,,,,,,,,,,,,,,,,,,,,,,,,,,,,,,,,,,,,,,,,,,,,,,,,,,,,,,,,,,,,,,,,,,,,,,,,,,,,,,,,,,,,,,,,,,,,,,,,,,,,,,,,,,,,,,,,,,,,,,,,,,,,,,,,,,,,,,,,,,,,,,,,,,,,,,,,,,,,,,,,,,,,,,,,,,,,,,,,,,,,,,,,,,,,,,,,,,,,,,,,,,,,,,,,,,,,,,,,,,,,,,,,,,,,,,,,,,,,,,,,,,,,,,,,,,,,,,,,,,,,,,,,,,,,,,,,,,,,,,,,,,,,,,,,,,,,,,,,,,,,,,,,,,,,,,,,,,,,,,,,,,,,,,,,,,,,,,,,,,,,,,,,,,,,,,,,,,,,,,,,,,,,,,,,,,,,,,,,,,,,,,,,,,,,,,,,,,,,,,,,,,,,,,,,,,,,,,,,,,,,,,,,,,,,,,,,,,,,,,,,,,,,,,,,,,,,,,,,,,,,,,,,,,,,,,,,,,,,,,,,,,,,,,,,,,,,,,,,,,,,,,,,,,,,,,,,,,,,,,,,,,,,,,,,,,,,,,,,,,,,,,,,,,,,,,,,,,,,,,,,,,,,,,,,,,,,,,,,,,,,,,,,,,,,,,,,,,,,,,,,,,,,,,,,,,,,,,,,,,,,,,,,,,,,,,,,,,,,,,,,,,,,,,,,,,,,,,,,,,,,,,,,,,,,,,,,,,,,,,,,,,,,,,,,,,,,,,,,,,,,,,,,,,,,,,,,,,,,,,,,,,,,,,,,,,,,,,,,,,,,,,,,,,,,,,,,,,,,,,,,,,,,,,,,,,,,,,,,,,,,,,,,,,,,,,,,,,,,,,,,,,,,,,,,,,,,,,,,,,,,,,,,,,,,,,,,,,,,,,,,,,,,,,,,,,,,,,,,,,,,,,,,,,,,,,,,,,,,,,,,,,,,,,,,,,,,,,,,,,,,,,,,,,,,,,,,,,,,,,,,,,,,,,,,,,,,,,,,,,,,,,,,,,,,,,,,,,,,,,,,,,,,,,,,,,,,,,,,,,,,,,,,,,,,,,,,,,,,,,,,,,,,,,,,,,,,,,,,,,,,,,,,,,,,,,,,,,,,,,,,,,,,,,,,,,,,,,,,,,,,,,,,,,,,,,,,,,,,,,,,,,,,,,,,,,,,,,,,,,,,,,,,,,,,,,,,,,,,,,,,,,,,,,,,,,,,,,,,,,,,,,,,,,,,,,,,,,,,,,,,,,,,,,,,,,,,,,,,,,,,,,,,,,,,,,,,,,,,,,,,,,,,,,,,,,,,,,,,,,,,,,,,,,,,,,,,,,,,,,,,,,,,,,,,,,,,,,,,,,,,,,,,,,,,,,,,,,,,,,,,,,,,,,,,,,,,,,,,,,,,,,,,,,,,,,,,,,,,,,,,,,,,,,,,,,,,,,,,,,,,,,,,,,,,,,,,,,,,,,,,,,,,,,,,,,,,,,,,,,,,,,,,,,,,,,,,,,,,,,,,,,,,,,,,,,,,,,,,,,,,,,,,,,,,,,,,,,,,,,,,,,,,,,,,,,,,,,,,,,,,,,pCreb,pCREB*,,,Mixed2,Early Progenitors,,,,,,,,,,,,,,,,,,,,,,,,,,,,,,,,,,,,,,,,,,,,,,,,,,,,,,,,,,,,,,,,,,,,,,,,,,,,,,,,,,,,,,,,,,,,,,,,,,,,,,,,,,,,,,,,,,,,,,,,,,,,,,,,,,,,,,,,,,,,,,,,,,,,,,,,,,,,,,,,,,,,,,,,,,,,,,,,,,,,,,,,,,,,,,,,,,,,,,,,,,,,,,,,,,,,,,,,,,,,,,,,,,,,,,,,,,,,,,,,,,,,,,,,,,,,,,,,,,,,,,,,,,,,,,,,,,,,,,,,,,,,,,,,,,,,,,,,,,,,,,,,,,,,,,,,,,,,,,,,,,,,,,,,,,,,,,,,,,,,,,,,,,,,,,,,,,,,,,,,,,,,,,,,,,,,,,,,,,,,,,,,,,,,,,,,,,,,,,,,,,,,,,,,,,,,,,,,,,,,,,,,,,,,,,,,,,,,,,,,,,,,,,,,,,,,,,,,,,,,,,,,,,,,,,,,,,,,,,,,,,,,,,,,,,,,,,,,,,,,,,,,,,,,,,,,,,,,,,,,,,,,,,,,,,,,,,,,,,,,,,,,,,,,,,,,,,,,,,,,,,,,,,,,,,,,,,,,,,,,,,,,,,,,,,,,,,,,,,,,,,,,,,,,,,,,,,,,,,,,,,,,,,,,,,,,,,,,,,,,,,,,,,,,,,,,,,,,,,,,,,,,,,,,,,,,,,,,,,,,,,,,,,,,,,,,,,,,,,,,,,,,,,,,,,,,,,,,,,,,,,,,,,,,,,,,,,,,,,,,,,,,,,,,,,,,,,,,,,,,,,,,,,,,,,,,,,,,,,,,,,,,,,,,,,,,,,,,,,,,,,,,,,,,,,,,,,,,,,,,,,,,,,,,,,,,,,,,,,,,,,,,,,,,,,,,,,,,,,,,,,,,,,,,,,,,,,,,,,,,,,,,,,,,,,,,,,,,,,,,,,,,,,,,,,,,,,,,,,,,,,,,,,,,,,,,,,,,,,,,,,,,,,,,,,,,,,,,,,,,,,,,,,,,,,,,,,,,,,,,,,,,,,,,,,,,,,,,,,,,,,,,,,,,,,,,,,,,,,,,,,,,,,,,,,,,,,,,,,,,,,,,,,,,,,,,,,,,,,,,,,,,,,,,,,,,,,,,,,,,,,,,,,,,,,,,,,,,,,,,,,,,,,,,,,,,,,,,,,,,,,,,,,,,,,,,,,,,,,,,,,,,,,,,,,,,,,,,,,,,,,,,,,,,,,,,,,,,,,,,,,,,,,,,,,,,,,,,,,,,,,,,,,,,,,,,,,,,,,,,,,,,,,,,,,,,,,,,,,,,,,,,,,,,,,,,,,,,,,,,,,,,,,,,,,,,,,,,,,,,,,,,,,,,,,,,,,,,,,,,,,,,,,,,,,,,,,,,,,,,,,,,,,,,,,,,,,,,,,,,,,,,,,,,,,,,,,,,,,,,,,,,,,,,,,,,,,,,,,,,,,,,,,,,,,,,,,,,,,,,,,,,,,,,,,,,,,,,,,,,,,,,,,,,,,,,,,,,,,,,,,,,,,,,,,,,,,,,,,,,,,,,,,,,,,,,,,,,,,,,,,,,,,,,,,,,,,,,,,,,,,,,,,,,,,,,,,,,,,,,,,,,,,,,,,,,,,,,,,,,,,,,,,,,,,,,,,,,,,,,,,,,,,,,,,,,,,,,,,,,,,,,,,,,,,,,,,,,,,,,,,,,,,,,,,,,,,,,,,,,,,,,,,,,,,,,,,,,,,,,,,,,,,,,,,,,,,,,,,,,,,,,,,,,,,,,,,,,,,,,,,,,,,,,,,,,,,,,,,,,,,,,,,,,,,,,,,,,,,,,,,,,,,,,,,,,,,,,,,,,,,,,,,,,,,,,,,,,,,,,,,,,,,,,,,,,,,,,,,,,,,,,,,,,,,,,,,,,,,,,,,,,,,,,,,,,,,,,,,,,,,,,,,,,,,,,,,,pErk,pERK1/2*,,,Mixed3,Mature Non-B,,,,,,,,,,,,,,,,,,,,,,,,,,,,,,,,,,,,,,,,,,,,,,,,,,,,,,,,,,,,,,,,,,,,,,,,,,,,,,,,,,,,,,,,,,,,,,,,,,,,,,,,,,,,,,,,,,,,,,,,,,,,,,,,,,,,,,,,,,,,,,,,,,,,,,,,,,,,,,,,,,,,,,,,,,,,,,,,,,,,,,,,,,,,,,,,,,,,,,,,,,,,,,,,,,,,,,,,,,,,,,,,,,,,,,,,,,,,,,,,,,,,,,,,,,,,,,,,,,,,,,,,,,,,,,,,,,,,,,,,,,,,,,,,,,,,,,,,,,,,,,,,,,,,,,,,,,,,,,,,,,,,,,,,,,,,,,,,,,,,,,,,,,,,,,,,,,,,,,,,,,,,,,,,,,,,,,,,,,,,,,,,,,,,,,,,,,,,,,,,,,,,,,,,,,,,,,,,,,,,,,,,,,,,,,,,,,,,,,,,,,,,,,,,,,,,,,,,,,,,,,,,,,,,,,,,,,,,,,,,,,,,,,,,,,,,,,,,,,,,,,,,,,,,,,,,,,,,,,,,,,,,,,,,,,,,,,,,,,,,,,,,,,,,,,,,,,,,,,,,,,,,,,,,,,,,,,,,,,,,,,,,,,,,,,,,,,,,,,,,,,,,,,,,,,,,,,,,,,,,,,,,,,,,,,,,,,,,,,,,,,,,,,,,,,,,,,,,,,,,,,,,,,,,,,,,,,,,,,,,,,,,,,,,,,,,,,,,,,,,,,,,,,,,,,,,,,,,,,,,,,,,,,,,,,,,,,,,,,,,,,,,,,,,,,,,,,,,,,,,,,,,,,,,,,,,,,,,,,,,,,,,,,,,,,,,,,,,,,,,,,,,,,,,,,,,,,,,,,,,,,,,,,,,,,,,,,,,,,,,,,,,,,,,,,,,,,,,,,,,,,,,,,,,,,,,,,,,,,,,,,,,,,,,,,,,,,,,,,,,,,,,,,,,,,,,,,,,,,,,,,,,,,,,,,,,,,,,,,,,,,,,,,,,,,,,,,,,,,,,,,,,,,,,,,,,,,,,,,,,,,,,,,,,,,,,,,,,,,,,,,,,,,,,,,,,,,,,,,,,,,,,,,,,,,,,,,,,,,,,,,,,,,,,,,,,,,,,,,,,,,,,,,,,,,,,,,,,,,,,,,,,,,,,,,,,,,,,,,,,,,,,,,,,,,,,,,,,,,,,,,,,,,,,,,,,,,,,,,,,,,,,,,,,,,,,,,,,,,,,,,,,,,,,,,,,,,,,,,,,,,,,,,,,,,,,,,,,,,,,,,,,,,,,,,,,,,,,,,,,,,,,,,,,,,,,,,,,,,,,,,,,,,,,,,,,,,,,,,,,,,,,,,,,,,,,,,,,,,,,,,,,,,,,,,,,,,,,,,,,,,,,,,,,,,,,,,,,,,,,,,,,,,,,,,,,,,,,,,,,,,,,,,,,,,,,,,,,,,,,,,,,,,,,,,,,,,,,,,,,,,,,,,,,,,,,,,,,,,,,,,,,,,,,,,,,,,,,,,,,,,,,,,,,,,,,,,,,,,,,,,,,,,,,,,,,,,,,,,,,,,,,,,,,,,,,,,,,,,,,,,,,,,,,,,,,,,,,,,,,,,,,,,,,,,,,,,,,,,,,,,,,,,,,,,,,,,,,,,,,,,,,,,,,,,,,,,,,,,,,,,,,,,,,,,,,,,,,,,,,,,,,,,,,,,,,,,,,,,,,,,,,,,,,,,,,,,,,,,,,,,,,,,,,,,,,,,,,,,,,,,,,,,,,,,,,,,,,,,,,,,,,,,,,,,,,,,,,,,,,,,,,,,,,,,,,,,,,,,,,,,,,,,,,,,,,,,,,,,,,,,,,,,,,,,,,,,,,,,,,,,,,,,,,,,,,,,,,,,,,,,,,,,,,,,,,,,,,,,,,,,,,,,,,,,,,,,,,,,,,,,,,,,,,,,,,,,,,,,,,,,,,,,,,,,,,,,,Ki67,Ki-67,,,Ungated,Combined,,,,,,,,,,,,,,,,,,,,,,,,,,,,,,,,,,,,,,,,,,,,,,,,,,,,,,,,,,,,,,,,,,,,,,,,,,,,,,,,,,,,,,,,,,,,,,,,,,,,,,,,,,,,,,,,,,,,,,,,,,,,,,,,,,,,,,,,,,,,,,,,,,,,,,,,,,,,,,,,,,,,,,,,,,,,,,,,,,,,,,,,,,,,,,,,,,,,,,,,,,,,,,,,,,,,,,,,,,,,,,,,,,,,,,,,,,,,,,,,,,,,,,,,,,,,,,,,,,,,,,,,,,,,,,,,,,,,,,,,,,,,,,,,,,,,,,,,,,,,,,,,,,,,,,,,,,,,,,,,,,,,,,,,,,,,,,,,,,,,,,,,,,,,,,,,,,,,,,,,,,,,,,,,,,,,,,,,,,,,,,,,,,,,,,,,,,,,,,,,,,,,,,,,,,,,,,,,,,,,,,,,,,,,,,,,,,,,,,,,,,,,,,,,,,,,,,,,,,,,,,,,,,,,,,,,,,,,,,,,,,,,,,,,,,,,,,,,,,,,,,,,,,,,,,,,,,,,,,,,,,,,,,,,,,,,,,,,,,,,,,,,,,,,,,,,,,,,,,,,,,,,,,,,,,,,,,,,,,,,,,,,,,,,,,,,,,,,,,,,,,,,,,,,,,,,,,,,,,,,,,,,,,,,,,,,,,,,,,,,,,,,,,,,,,,,,,,,,,,,,,,,,,,,,,,,,,,,,,,,,,,,,,,,,,,,,,,,,,,,,,,,,,,,,,,,,,,,,,,,,,,,,,,,,,,,,,,,,,,,,,,,,,,,,,,,,,,,,,,,,,,,,,,,,,,,,,,,,,,,,,,,,,,,,,,,,,,,,,,,,,,,,,,,,,,,,,,,,,,,,,,,,,,,,,,,,,,,,,,,,,,,,,,,,,,,,,,,,,,,,,,,,,,,,,,,,,,,,,,,,,,,,,,,,,,,,,,,,,,,,,,,,,,,,,,,,,,,,,,,,,,,,,,,,,,,,,,,,,,,,,,,,,,,,,,,,,,,,,,,,,,,,,,,,,,,,,,,,,,,,,,,,,,,,,,,,,,,,,,,,,,,,,,,,,,,,,,,,,,,,,,,,,,,,,,,,,,,,,,,,,,,,,,,,,,,,,,,,,,,,,,,,,,,,,,,,,,,,,,,,,,,,,,,,,,,,,,,,,,,,,,,,,,,,,,,,,,,,,,,,,,,,,,,,,,,,,,,,,,,,,,,,,,,,,,,,,,,,,,,,,,,,,,,,,,,,,,,,,,,,,,,,,,,,,,,,,,,,,,,,,,,,,,,,,,,,,,,,,,,,,,,,,,,,,,,,,,,,,,,,,,,,,,,,,,,,,,,,,,,,,,,,,,,,,,,,,,,,,,,,,,,,,,,,,,,,,,,,,,,,,,,,,,,,,,,,,,,,,,,,,,,,,,,,,,,,,,,,,,,,,,,,,,,,,,,,,,,,,,,,,,,,,,,,,,,,,,,,,,,,,,,,,,,,,,,,,,,,,,,,,,,,,,,,,,,,,,,,,,,,,,,,,,,,,,,,,,,,,,,,,,,,,,,,,,,,,,,,,,,,,,,,,,,,,,,,,,,,,,,,,,,,,,,,,,,,,,,,,,,,,,,,,,,,,,,,,,,,,,,,,,,,,,,,,,,,,,,,,,,,,,,,,,,,,,,,,,,,,,,,,,,,,,,,,,,,,,,,,,,,,,,,,,,,,,,,,,,,,,,,,,,,,,,,,,,,,,,,,,,,,,,,,,,,,,,,,,,,,,,,,,,,,,,,,,,,,,,,,,,,,,,,,,,,,,,,,,,,,,,,,,,,,,,,,,,,,,,,,,,,,,,,,,,,,,,,,,,,,,,,,,,,,,,,,,,,,,,,,,,,,,,,,,,,,,,,,,,,,,,,,,,,,,,,,,,,,,,,,,,,,,,,,,,,,,,,,,,,,,,,,,,,,,,,,,,,,,,,,,,,,,,,,,,,,,,,,,pIkaros,pIKAROS*,,,,,,,,,,,,,,,,,,,,,,,,,,,,,,,,,,,,,,,,,,,,,,,,,,,,,,,,,,,,,,,,,,,,,,,,,,,,,,,,,,,,,,,,,,,,,,,,,,,,,,,,,,,,,,,,,,,,,,,,,,,,,,,,,,,,,,,,,,,,,,,,,,,,,,,,,,,,,,,,,,,,,,,,,,,,,,,,,,,,,,,,,,,,,,,,,,,,,,,,,,,,,,,,,,,,,,,,,,,,,,,,,,,,,,,,,,,,,,,,,,,,,,,,,,,,,,,,,,,,,,,,,,,,,,,,,,,,,,,,,,,,,,,,,,,,,,,,,,,,,,,,,,,,,,,,,,,,,,,,,,,,,,,,,,,,,,,,,,,,,,,,,,,,,,,,,,,,,,,,,,,,,,,,,,,,,,,,,,,,,,,,,,,,,,,,,,,,,,,,,,,,,,,,,,,,,,,,,,,,,,,,,,,,,,,,,,,,,,,,,,,,,,,,,,,,,,,,,,,,,,,,,,,,,,,,,,,,,,,,,,,,,,,,,,,,,,,,,,,,,,,,,,,,,,,,,,,,,,,,,,,,,,,,,,,,,,,,,,,,,,,,,,,,,,,,,,,,,,,,,,,,,,,,,,,,,,,,,,,,,,,,,,,,,,,,,,,,,,,,,,,,,,,,,,,,,,,,,,,,,,,,,,,,,,,,,,,,,,,,,,,,,,,,,,,,,,,,,,,,,,,,,,,,,,,,,,,,,,,,,,,,,,,,,,,,,,,,,,,,,,,,,,,,,,,,,,,,,,,,,,,,,,,,,,,,,,,,,,,,,,,,,,,,,,,,,,,,,,,,,,,,,,,,,,,,,,,,,,,,,,,,,,,,,,,,,,,,,,,,,,,,,,,,,,,,,,,,,,,,,,,,,,,,,,,,,,,,,,,,,,,,,,,,,,,,,,,,,,,,,,,,,,,,,,,,,,,,,,,,,,,,,,,,,,,,,,,,,,,,,,,,,,,,,,,,,,,,,,,,,,,,,,,,,,,,,,,,,,,,,,,,,,,,,,,,,,,,,,,,,,,,,,,,,,,,,,,,,,,,,,,,,,,,,,,,,,,,,,,,,,,,,,,,,,,,,,,,,,,,,,,,,,,,,,,,,,,,,,,,,,,,,,,,,,,,,,,,,,,,,,,,,,,,,,,,,,,,,,,,,,,,,,,,,,,,,,,,,,,,,,,,,,,,,,,,,,,,,,,,,,,,,,,,,,,,,,,,,,,,,,,,,,,,,,,,,,,,,,,,,,,,,,,,,,,,,,,,,,,,,,,,,,,,,,,,,,,,,,,,,,,,,,,,,,,,,,,,,,,,,,,,,,,,,,,,,,,,,,,,,,,,,,,,,,,,,,,,,,,,,,,,,,,,,,,,,,,,,,,,,,,,,,,,,,,,,,,,,,,,,,,,,,,,,,,,,,,,,,,,,,,,,,,,,,,,,,,,,,,,,,,,,,,,,,,,,,,,,,,,,,,,,,,,,,,,,,,,,,,,,,,,,,,,,,,,,,,,,,,,,,,,,,,,,,,,,,,,,,,,,,,,,,,,,,,,,,,,,,,,,,,,,,,,,,,,,,,,,,,,,,,,,,,,,,,,,,,,,,,,,,,,,,,,,,,,,,,,,,,,,,,,,,,,,,,,,,,,,,,,,,,,,,,,,,,,,,,,,,,,,,,,,,,,,,,,,,,,,,,,,,,,,,,,,,,,,,,,,,,,,,,,,,,,,,,,,,,,,,,,,,,,,,,,,,,,,,,,,,,,,,,,,,,,,,,,,,,,,,,,,,,,,,,,,,,,,,,,,,,,,,,,,,,,,,,,,,,,,,,,,,,,,,,,,,,,,,,,,,,,,,,,,,,,,,,,,,,,,,,,,,,,,,,,,,,,,,,,,,,,,,,,,,,,,,,,,,,,,,,,,,,,,,,,,,,,,,,,,,,,,,,,,,,,,,,,,,,,,,,,,,,,,,,,,,,,,,,,,,,,,,,,,,,,,,,,,,,,,,,pPLCg1_2,pPLCg2*,,,,,,,,,,,,,,,,,,,,,,,,,,,,,,,,,,,,,,,,,,,,,,,,,,,,,,,,,,,,,,,,,,,,,,,,,,,,,,,,,,,,,,,,,,,,,,,,,,,,,,,,,,,,,,,,,,,,,,,,,,,,,,,,,,,,,,,,,,,,,,,,,,,,,,,,,,,,,,,,,,,,,,,,,,,,,,,,,,,,,,,,,,,,,,,,,,,,,,,,,,,,,,,,,,,,,,,,,,,,,,,,,,,,,,,,,,,,,,,,,,,,,,,,,,,,,,,,,,,,,,,,,,,,,,,,,,,,,,,,,,,,,,,,,,,,,,,,,,,,,,,,,,,,,,,,,,,,,,,,,,,,,,,,,,,,,,,,,,,,,,,,,,,,,,,,,,,,,,,,,,,,,,,,,,,,,,,,,,,,,,,,,,,,,,,,,,,,,,,,,,,,,,,,,,,,,,,,,,,,,,,,,,,,,,,,,,,,,,,,,,,,,,,,,,,,,,,,,,,,,,,,,,,,,,,,,,,,,,,,,,,,,,,,,,,,,,,,,,,,,,,,,,,,,,,,,,,,,,,,,,,,,,,,,,,,,,,,,,,,,,,,,,,,,,,,,,,,,,,,,,,,,,,,,,,,,,,,,,,,,,,,,,,,,,,,,,,,,,,,,,,,,,,,,,,,,,,,,,,,,,,,,,,,,,,,,,,,,,,,,,,,,,,,,,,,,,,,,,,,,,,,,,,,,,,,,,,,,,,,,,,,,,,,,,,,,,,,,,,,,,,,,,,,,,,,,,,,,,,,,,,,,,,,,,,,,,,,,,,,,,,,,,,,,,,,,,,,,,,,,,,,,,,,,,,,,,,,,,,,,,,,,,,,,,,,,,,,,,,,,,,,,,,,,,,,,,,,,,,,,,,,,,,,,,,,,,,,,,,,,,,,,,,,,,,,,,,,,,,,,,,,,,,,,,,,,,,,,,,,,,,,,,,,,,,,,,,,,,,,,,,,,,,,,,,,,,,,,,,,,,,,,,,,,,,,,,,,,,,,,,,,,,,,,,,,,,,,,,,,,,,,,,,,,,,,,,,,,,,,,,,,,,,,,,,,,,,,,,,,,,,,,,,,,,,,,,,,,,,,,,,,,,,,,,,,,,,,,,,,,,,,,,,,,,,,,,,,,,,,,,,,,,,,,,,,,,,,,,,,,,,,,,,,,,,,,,,,,,,,,,,,,,,,,,,,,,,,,,,,,,,,,,,,,,,,,,,,,,,,,,,,,,,,,,,,,,,,,,,,,,,,,,,,,,,,,,,,,,,,,,,,,,,,,,,,,,,,,,,,,,,,,,,,,,,,,,,,,,,,,,,,,,,,,,,,,,,,,,,,,,,,,,,,,,,,,,,,,,,,,,,,,,,,,,,,,,,,,,,,,,,,,,,,,,,,,,,,,,,,,,,,,,,,,,,,,,,,,,,,,,,,,,,,,,,,,,,,,,,,,,,,,,,,,,,,,,,,,,,,,,,,,,,,,,,,,,,,,,,,,,,,,,,,,,,,,,,,,,,,,,,,,,,,,,,,,,,,,,,,,,,,,,,,,,,,,,,,,,,,,,,,,,,,,,,,,,,,,,,,,,,,,,,,,,,,,,,,,,,,,,,,,,,,,,,,,,,,,,,,,,,,,,,,,,,,,,,,,,,,,,,,,,,,,,,,,,,,,,,,,,,,,,,,,,,,,,,,,,,,,,,,,,,,,,,,,,,,,,,,,,,,,,,,,,,,,,,,,,,,,,,,,,,,,,,,,,,,,,,,,,,,,,,,,,,,,,,,,,,,,,,,,,,,,,,,,,,,,,,,,,,,,,,,,,,,,,,,,,,,,,,,,,,,,,,,,,,,,,,,,,,,,,,,,,,,,,,,,,,,,,,,,,,,,,,,,,,,,,,,,,,,,,,,,,,,,,,,,,,,,,,,,,,,,,,,,,,,,,,,,,,,,,,,,,,,,,,,,,,,,,,,,,,,,,,,,,,,,,,,,,,,,,,,,,,,,,,,,,,pS6,prpS6*,,,,,,,,,,,,,,,,,,,,,,,,,,,,,,,,,,,,,,,,,,,,,,,,,,,,,,,,,,,,,,,,,,,,,,,,,,,,,,,,,,,,,,,,,,,,,,,,,,,,,,,,,,,,,,,,,,,,,,,,,,,,,,,,,,,,,,,,,,,,,,,,,,,,,,,,,,,,,,,,,,,,,,,,,,,,,,,,,,,,,,,,,,,,,,,,,,,,,,,,,,,,,,,,,,,,,,,,,,,,,,,,,,,,,,,,,,,,,,,,,,,,,,,,,,,,,,,,,,,,,,,,,,,,,,,,,,,,,,,,,,,,,,,,,,,,,,,,,,,,,,,,,,,,,,,,,,,,,,,,,,,,,,,,,,,,,,,,,,,,,,,,,,,,,,,,,,,,,,,,,,,,,,,,,,,,,,,,,,,,,,,,,,,,,,,,,,,,,,,,,,,,,,,,,,,,,,,,,,,,,,,,,,,,,,,,,,,,,,,,,,,,,,,,,,,,,,,,,,,,,,,,,,,,,,,,,,,,,,,,,,,,,,,,,,,,,,,,,,,,,,,,,,,,,,,,,,,,,,,,,,,,,,,,,,,,,,,,,,,,,,,,,,,,,,,,,,,,,,,,,,,,,,,,,,,,,,,,,,,,,,,,,,,,,,,,,,,,,,,,,,,,,,,,,,,,,,,,,,,,,,,,,,,,,,,,,,,,,,,,,,,,,,,,,,,,,,,,,,,,,,,,,,,,,,,,,,,,,,,,,,,,,,,,,,,,,,,,,,,,,,,,,,,,,,,,,,,,,,,,,,,,,,,,,,,,,,,,,,,,,,,,,,,,,,,,,,,,,,,,,,,,,,,,,,,,,,,,,,,,,,,,,,,,,,,,,,,,,,,,,,,,,,,,,,,,,,,,,,,,,,,,,,,,,,,,,,,,,,,,,,,,,,,,,,,,,,,,,,,,,,,,,,,,,,,,,,,,,,,,,,,,,,,,,,,,,,,,,,,,,,,,,,,,,,,,,,,,,,,,,,,,,,,,,,,,,,,,,,,,,,,,,,,,,,,,,,,,,,,,,,,,,,,,,,,,,,,,,,,,,,,,,,,,,,,,,,,,,,,,,,,,,,,,,,,,,,,,,,,,,,,,,,,,,,,,,,,,,,,,,,,,,,,,,,,,,,,,,,,,,,,,,,,,,,,,,,,,,,,,,,,,,,,,,,,,,,,,,,,,,,,,,,,,,,,,,,,,,,,,,,,,,,,,,,,,,,,,,,,,,,,,,,,,,,,,,,,,,,,,,,,,,,,,,,,,,,,,,,,,,,,,,,,,,,,,,,,,,,,,,,,,,,,,,,,,,,,,,,,,,,,,,,,,,,,,,,,,,,,,,,,,,,,,,,,,,,,,,,,,,,,,,,,,,,,,,,,,,,,,,,,,,,,,,,,,,,,,,,,,,,,,,,,,,,,,,,,,,,,,,,,,,,,,,,,,,,,,,,,,,,,,,,,,,,,,,,,,,,,,,,,,,,,,,,,,,,,,,,,,,,,,,,,,,,,,,,,,,,,,,,,,,,,,,,,,,,,,,,,,,,,,,,,,,,,,,,,,,,,,,,,,,,,,,,,,,,,,,,,,,,,,,,,,,,,,,,,,,,,,,,,,,,,,,,,,,,,,,,,,,,,,,,,,,,,,,,,,,,,,,,,,,,,,,,,,,,,,,,,,,,,,,,,,,,,,,,,,,,,,,,,,,,,,,,,,,,,,,,,,,,,,,,,,,,,,,,,,,,,,,,,,,,,,,,,,,,,,,,,,,,,,,,,,,,,,,,,,,,,,,,,,,,,,,,,,,,,,,,,,,,,,,,,,,,,,,,,,,,,,,,,,,,,,,,,,,,,,,,,,,,,,,,,,,,,,,,,,,,,,,,,,,,,,,,,,,,,,,,,,,,,,,,,,,,,,,,,,,,,,,,,,,,,,,,,,,,,,,,,,,,,,,,,,,,,,,,,,,,,,,,,,,,,,,,,,,,,,,,,,,,,,,,,,,,,,,,,,,,,pSTAT5,pSTAT5*,,,,,,,,,,,,,,,,,,,,,,,,,,,,,,,,,,,,,,,,,,,,,,,,,,,,,,,,,,,,,,,,,,,,,,,,,,,,,,,,,,,,,,,,,,,,,,,,,,,,,,,,,,,,,,,,,,,,,,,,,,,,,,,,,,,,,,,,,,,,,,,,,,,,,,,,,,,,,,,,,,,,,,,,,,,,,,,,,,,,,,,,,,,,,,,,,,,,,,,,,,,,,,,,,,,,,,,,,,,,,,,,,,,,,,,,,,,,,,,,,,,,,,,,,,,,,,,,,,,,,,,,,,,,,,,,,,,,,,,,,,,,,,,,,,,,,,,,,,,,,,,,,,,,,,,,,,,,,,,,,,,,,,,,,,,,,,,,,,,,,,,,,,,,,,,,,,,,,,,,,,,,,,,,,,,,,,,,,,,,,,,,,,,,,,,,,,,,,,,,,,,,,,,,,,,,,,,,,,,,,,,,,,,,,,,,,,,,,,,,,,,,,,,,,,,,,,,,,,,,,,,,,,,,,,,,,,,,,,,,,,,,,,,,,,,,,,,,,,,,,,,,,,,,,,,,,,,,,,,,,,,,,,,,,,,,,,,,,,,,,,,,,,,,,,,,,,,,,,,,,,,,,,,,,,,,,,,,,,,,,,,,,,,,,,,,,,,,,,,,,,,,,,,,,,,,,,,,,,,,,,,,,,,,,,,,,,,,,,,,,,,,,,,,,,,,,,,,,,,,,,,,,,,,,,,,,,,,,,,,,,,,,,,,,,,,,,,,,,,,,,,,,,,,,,,,,,,,,,,,,,,,,,,,,,,,,,,,,,,,,,,,,,,,,,,,,,,,,,,,,,,,,,,,,,,,,,,,,,,,,,,,,,,,,,,,,,,,,,,,,,,,,,,,,,,,,,,,,,,,,,,,,,,,,,,,,,,,,,,,,,,,,,,,,,,,,,,,,,,,,,,,,,,,,,,,,,,,,,,,,,,,,,,,,,,,,,,,,,,,,,,,,,,,,,,,,,,,,,,,,,,,,,,,,,,,,,,,,,,,,,,,,,,,,,,,,,,,,,,,,,,,,,,,,,,,,,,,,,,,,,,,,,,,,,,,,,,,,,,,,,,,,,,,,,,,,,,,,,,,,,,,,,,,,,,,,,,,,,,,,,,,,,,,,,,,,,,,,,,,,,,,,,,,,,,,,,,,,,,,,,,,,,,,,,,,,,,,,,,,,,,,,,,,,,,,,,,,,,,,,,,,,,,,,,,,,,,,,,,,,,,,,,,,,,,,,,,,,,,,,,,,,,,,,,,,,,,,,,,,,,,,,,,,,,,,,,,,,,,,,,,,,,,,,,,,,,,,,,,,,,,,,,,,,,,,,,,,,,,,,,,,,,,,,,,,,,,,,,,,,,,,,,,,,,,,,,,,,,,,,,,,,,,,,,,,,,,,,,,,,,,,,,,,,,,,,,,,,,,,,,,,,,,,,,,,,,,,,,,,,,,,,,,,,,,,,,,,,,,,,,,,,,,,,,,,,,,,,,,,,,,,,,,,,,,,,,,,,,,,,,,,,,,,,,,,,,,,,,,,,,,,,,,,,,,,,,,,,,,,,,,,,,,,,,,,,,,,,,,,,,,,,,,,,,,,,,,,,,,,,,,,,,,,,,,,,,,,,,,,,,,,,,,,,,,,,,,,,,,,,,,,,,,,,,,,,,,,,,,,,,,,,,,,,,,,,,,,,,,,,,,,,,,,,,,,,,,,,,,,,,,,,,,,,,,,,,,,,,,,,,,,,,,,,,,,,,,,,,,,,,,,,,,,,,,,,,,,,,,,,,,,,,,,,,,,,,,,,,,,,,,,,,,,,,,,,,,,,,,,,,,,,,,,,,,,,,,,,,,,,,,,,,,,,,,,,,,,,,,,,,,,,,,,,,,,,,,,,,,,,,,,,,,,,,,,,,,,,,,,,,,,,,,,,,,,,,,,,,,,,,,,,,,,,,,,,,,,,,,,,,,,,,,,,,,,,,,,,,,,,,,,,,,,,,,,,,,,,,,pSyk,pSYK*,,,,,,,,,,,,,,,,,,,,,,,,,,,,,,,,,,,,,,,,,,,,,,,,,,,,,,,,,,,,,,,,,,,,,,,,,,,,,,,,,,,,,,,,,,,,,,,,,,,,,,,,,,,,,,,,,,,,,,,,,,,,,,,,,,,,,,,,,,,,,,,,,,,,,,,,,,,,,,,,,,,,,,,,,,,,,,,,,,,,,,,,,,,,,,,,,,,,,,,,,,,,,,,,,,,,,,,,,,,,,,,,,,,,,,,,,,,,,,,,,,,,,,,,,,,,,,,,,,,,,,,,,,,,,,,,,,,,,,,,,,,,,,,,,,,,,,,,,,,,,,,,,,,,,,,,,,,,,,,,,,,,,,,,,,,,,,,,,,,,,,,,,,,,,,,,,,,,,,,,,,,,,,,,,,,,,,,,,,,,,,,,,,,,,,,,,,,,,,,,,,,,,,,,,,,,,,,,,,,,,,,,,,,,,,,,,,,,,,,,,,,,,,,,,,,,,,,,,,,,,,,,,,,,,,,,,,,,,,,,,,,,,,,,,,,,,,,,,,,,,,,,,,,,,,,,,,,,,,,,,,,,,,,,,,,,,,,,,,,,,,,,,,,,,,,,,,,,,,,,,,,,,,,,,,,,,,,,,,,,,,,,,,,,,,,,,,,,,,,,,,,,,,,,,,,,,,,,,,,,,,,,,,,,,,,,,,,,,,,,,,,,,,,,,,,,,,,,,,,,,,,,,,,,,,,,,,,,,,,,,,,,,,,,,,,,,,,,,,,,,,,,,,,,,,,,,,,,,,,,,,,,,,,,,,,,,,,,,,,,,,,,,,,,,,,,,,,,,,,,,,,,,,,,,,,,,,,,,,,,,,,,,,,,,,,,,,,,,,,,,,,,,,,,,,,,,,,,,,,,,,,,,,,,,,,,,,,,,,,,,,,,,,,,,,,,,,,,,,,,,,,,,,,,,,,,,,,,,,,,,,,,,,,,,,,,,,,,,,,,,,,,,,,,,,,,,,,,,,,,,,,,,,,,,,,,,,,,,,,,,,,,,,,,,,,,,,,,,,,,,,,,,,,,,,,,,,,,,,,,,,,,,,,,,,,,,,,,,,,,,,,,,,,,,,,,,,,,,,,,,,,,,,,,,,,,,,,,,,,,,,,,,,,,,,,,,,,,,,,,,,,,,,,,,,,,,,,,,,,,,,,,,,,,,,,,,,,,,,,,,,,,,,,,,,,,,,,,,,,,,,,,,,,,,,,,,,,,,,,,,,,,,,,,,,,,,,,,,,,,,,,,,,,,,,,,,,,,,,,,,,,,,,,,,,,,,,,,,,,,,,,,,,,,,,,,,,,,,,,,,,,,,,,,,,,,,,,,,,,,,,,,,,,,,,,,,,,,,,,,,,,,,,,,,,,,,,,,,,,,,,,,,,,,,,,,,,,,,,,,,,,,,,,,,,,,,,,,,,,,,,,,,,,,,,,,,,,,,,,,,,,,,,,,,,,,,,,,,,,,,,,,,,,,,,,,,,,,,,,,,,,,,,,,,,,,,,,,,,,,,,,,,,,,,,,,,,,,,,,,,,,,,,,,,,,,,,,,,,,,,,,,,,,,,,,,,,,,,,,,,,,,,,,,,,,,,,,,,,,,,,,,,,,,,,,,,,,,,,,,,,,,,,,,,,,,,,,,,,,,,,,,,,,,,,,,,,,,,,,,,,,,,,,,,,,,,,,,,,,,,,,,,,,,,,,,,,,,,,,,,,,,,,,,,,,,,,,,,,,,,,,,,,,,,,,,,,,,,,,,,,,,,,,,,,,,,,,,,,,,,,,,,,,,,,,,,,,,,,,,,,,,,,,,,,,,,,,,,,,,,,,,,,,,,,,,,,,,,,,,,,,,,,,,,,,,,,,,,,,,,,,,,,,,,,,,,,,,,,,,,,,,,,,,,,,,,,,,,,,,,,,,,,,,,,,,,,,,,,,,,,,,,,,,,,,,,,,,,,,,,,,,,,,,,,,,,,,,,,,,,,,,,,,,,,,,,,,,,,,"Mean arsinh-transformed expression is shown for all markers except ""Pop_P"".",,,,,,,,,,,,,,,,,,,,,,,,,,,,,,,,,,,,,,,,,,,,,,,,,,,,,,,,,,,,,,,,,,,,,,,,,,,,,,,,,,,,,,,,,,,,,,,,,,,,,,,,,,,,,,,,,,,,,,,,,,,,,,,,,,,,,,,,,,,,,,,,,,,,,,,,,,,,,,,,,,,,,,,,,,,,,,,,,,,,,,,,,,,,,,,,,,,,,,,,,,,,,,,,,,,,,,,,,,,,,,,,,,,,,,,,,,,,,,,,,,,,,,,,,,,,,,,,,,,,,,,,,,,,,,,,,,,,,,,,,,,,,,,,,,,,,,,,,,,,,,,,,,,,,,,,,,,,,,,,,,,,,,,,,,,,,,,,,,,,,,,,,,,,,,,,,,,,,,,,,,,,,,,,,,,,,,,,,,,,,,,,,,,,,,,,,,,,,,,,,,,,,,,,,,,,,,,,,,,,,,,,,,,,,,,,,,,,,,,,,,,,,,,,,,,,,,,,,,,,,,,,,,,,,,,,,,,,,,,,,,,,,,,,,,,,,,,,,,,,,,,,,,,,,,,,,,,,,,,,,,,,,,,,,,,,,,,,,,,,,,,,,,,,,,,,,,,,,,,,,,,,,,,,,,,,,,,,,,,,,,,,,,,,,,,,,,,,,,,,,,,,,,,,,,,,,,,,,,,,,,,,,,,,,,,,,,,,,,,,,,,,,,,,,,,,,,,,,,,,,,,,,,,,,,,,,,,,,,,,,,,,,,,,,,,,,,,,,,,,,,,,,,,,,,,,,,,,,,,,,,,,,,,,,,,,,,,,,,,,,,,,,,,,,,,,,,,,,,,,,,,,,,,,,,,,,,,,,,,,,,,,,,,,,,,,,,,,,,,,,,,,,,,,,,,,,,,,,,,,,,,,,,,,,,,,,,,,,,,,,,,,,,,,,,,,,,,,,,,,,,,,,,,,,,,,,,,,,,,,,,,,,,,,,,,,,,,,,,,,,,,,,,,,,,,,,,,,,,,,,,,,,,,,,,,,,,,,,,,,,,,,,,,,,,,,,,,,,,,,,,,,,,,,,,,,,,,,,,,,,,,,,,,,,,,,,,,,,,,,,,,,,,,,,,,,,,,,,,,,,,,,,,,,,,,,,,,,,,,,,,,,,,,,,,,,,,,,,,,,,,,,,,,,,,,,,,,,,,,,,,,,,,,,,,,,,,,,,,,,,,,,,,,,,,,,,,,,,,,,,,,,,,,,,,,,,,,,,,,,,,,,,,,,,,,,,,,,,,,,,,,,,,,,,,,,,,,,,,,,,,,,,,,,,,,,,,,,,,,,,,,,,,,,,,,,,,,,,,,,,,,,,,,,,,,,,,,,,,,,,,,,,,,,,,,,,,,,,,,,,,,,,,,,,,,,,,,,,,,,,,,,,,,,,,,,,,,,,,,,,,,,,,,,,,,,,,,,,,,,,,,,,,,,,,,,,,,,,,,,,,,,,,,,,,,,,,,,,,,,,,,,,,,,,,,,,,,,,,,,,,,,,,,,,,,,,,,,,,,,,,,,,,,,,,,,,,,,,,,,,,,,,,,,,,,,,,,,,,,,,,,,,,,,,,,,,,,,,,,,,,,,,,,,,,,,,,,,,,,,,,,,,,,,,,,,,,,,,,,,,,,,,,,,,,,,,,,,,,,,,,,,,,,,,,,,,,,,,,,,,,,,,,,,,,,,,,,,,,,,,,,,,,,,,,,,,,,,,,,,,,,,,,,,,,,,,,,,,,,,,,,,,,,,,,,,,,,,,,,,,,,,,,,,,,,,,,,,,,,,,,,,,,,,,,,,,,,,,,,,,,,,,,,,,,,,,,,,,,,,,,,,,,,,,,,,,,,,,,,,,,,,,,,,,,,,,,,,,,,,,,,,,,,,,,,,,,,,,,,,,,,,,,,,,,,,,,,,,,,,,,,,,,,,,,,,,,,,,,,,,,,,,,,,,,,,,,,,,,,,,,,,,,,,,,,,,,,,,,,,,,,,,,,,,,,,,,,,,,,,*Indicates phosphoyrlated markers that can respont to perturbation; remaining markers are phenotypic.,,,,,,,,,,,,,,,,,,,,,,,,,,,,,,,,,,,,,,,,,,,,,,,,,,,,,,,,,,,,,,,,,,,,,,,,,,,,,,,,,,,,,,,,,,,,,,,,,,,,,,,,,,,,,,,,,,,,,,,,,,,,,,,,,,,,,,,,,,,,,,,,,,,,,,,,,,,,,,,,,,,,,,,,,,,,,,,,,,,,,,,,,,,,,,,,,,,,,,,,,,,,,,,,,,,,,,,,,,,,,,,,,,,,,,,,,,,,,,,,,,,,,,,,,,,,,,,,,,,,,,,,,,,,,,,,,,,,,,,,,,,,,,,,,,,,,,,,,,,,,,,,,,,,,,,,,,,,,,,,,,,,,,,,,,,,,,,,,,,,,,,,,,,,,,,,,,,,,,,,,,,,,,,,,,,,,,,,,,,,,,,,,,,,,,,,,,,,,,,,,,,,,,,,,,,,,,,,,,,,,,,,,,,,,,,,,,,,,,,,,,,,,,,,,,,,,,,,,,,,,,,,,,,,,,,,,,,,,,,,,,,,,,,,,,,,,,,,,,,,,,,,,,,,,,,,,,,,,,,,,,,,,,,,,,,,,,,,,,,,,,,,,,,,,,,,,,,,,,,,,,,,,,,,,,,,,,,,,,,,,,,,,,,,,,,,,,,,,,,,,,,,,,,,,,,,,,,,,,,,,,,,,,,,,,,,,,,,,,,,,,,,,,,,,,,,,,,,,,,,,,,,,,,,,,,,,,,,,,,,,,,,,,,,,,,,,,,,,,,,,,,,,,,,,,,,,,,,,,,,,,,,,,,,,,,,,,,,,,,,,,,,,,,,,,,,,,,,,,,,,,,,,,,,,,,,,,,,,,,,,,,,,,,,,,,,,,,,,,,,,,,,,,,,,,,,,,,,,,,,,,,,,,,,,,,,,,,,,,,,,,,,,,,,,,,,,,,,,,,,,,,,,,,,,,,,,,,,,,,,,,,,,,,,,,,,,,,,,,,,,,,,,,,,,,,,,,,,,,,,,,,,,,,,,,,,,,,,,,,,,,,,,,,,,,,,,,,,,,,,,,,,,,,,,,,,,,,,,,,,,,,,,,,,,,,,,,,,,,,,,,,,,,,,,,,,,,,,,,,,,,,,,,,,,,,,,,,,,,,,,,,,,,,,,,,,,,,,,,,,,,,,,,,,,,,,,,,,,,,,,,,,,,,,,,,,,,,,,,,,,,,,,,,,,,,,,,,,,,,,,,,,,,,,,,,,,,,,,,,,,,,,,,,,,,,,,,,,,,,,,,,,,,,,,,,,,,,,,,,,,,,,,,,,,,,,,,,,,,,,,,,,,,,,,,,,,,,,,,,,,,,,,,,,,,,,,,,,,,,,,,,,,,,,,,,,,,,,,,,,,,,,,,,,,,,,,,,,,,,,,,,,,,,,,,,,,,,,,,,,,,,,,,,,,,,,,,,,,,,,,,,,,,,,,,,,,,,,,,,,,,,,,,,,,,,,,,,,,,,,,,,,,,,,,,,,,,,,,,,,,,,,,,,,,,,,,,,,,,,,,,,,,,,,,,,,,,,,,,,,,,,,,,,,,,,,,,,,,,,,,,,,,,,,,,,,,,,,,,,,,,,,,,,,,,,,,,,,,,,,,,,,,,,,,,,,,,,,,,,,,,,,,,,,,,,,,,,,,,,,,,,,,,,,,,,,,,,,,,,,,,,,,,,,,,,,,,,,,,,,,,,,,,,,,,,,,,,,,,,,,,,,,,,,,,,,,,,,,,,,,,,,,,,,,,,,,,,,,,,,,,,,,,,,,,,,,,,,,,,,,,,,,,,,,,,,,,,,,,,,,,,,,,,,,,,,,,,,,,,,,,,,,,,,,,,,,,,,,,,,,,,,,,,,,,,,,,,,,,,,,,,,,,,,,,,,,,,,,,,,,,,,,,,,,,,,,,,,,,,,,,,,,,,,,,,,,,,,,,,,,,,,,,,,,,,,,,,,,,,,,,,,,,,,,,,,,,,,,,,,,,,,,,,,,,,,,,,,,,,,,,,,,,,,,,,,,,,,,,,,,,,,,,,,,,,,,,,,,,,,,,,,,,,,,,,,,,,,,,,,,,,,,,,,,,,,,,,,,,,,,,,,,,,,,,,,,,,,,,,,,,,,,,,,,,,,,,,,,,,,,,,,,,,,,,,,,,,,,,,,,,,,,,,,,,,,,,,,,,,,,,,,,,,,,,,,,,,,,,,,,,,,,,,,,,,,,,,,,,,,,,,,,,,,,,,,,,,,,,,,,,,,,,,,,,,,,,,,,,,,,,,,,,,,,,,,,,,,,,,,,,,,,,,,,,,,,,,,,,,,,,,,,,,,,,,,,,,,,,,,,,,,,,,,,,,,,,,,,,,,,,,,,,,,,,,,,,,,,,,,,,,,,,,,,,,,,,,,,,,,,,,,,,,,,,,,,,,,,,,,,,,,,,,,,,,,,,,,,,,,,,,,,,,,,,,,,,,,,,,,,,,,,,,,,,,,,,,,,,,,,,,,,,,,,,,,,,,,,,,,,,,,,,,,,,,,,,,,,,,,,,,,,,,,,,,,,,,,,,,,,,,,,,,,,,,,,,,,,,,,,,,,,,,,,,,,,,,,,,,,,,,,,,,,,,,,,,,,,,,,,,,,,,,,,,,,,,,,,,,,,,,,,,,,,,,,,,,,,,,,,,,,,,,,,,,,,,,,,,,,,,,,,,,,,,,,,,,,,,,,,,,,,,,,,,,,,,,,,,,,,,,,,,,,,,,,,,,,,,,,,,,,,,,,,,,,,,,,,,,,,,,,,,,,,,,,,,,,,,,,,,,,,,,,,,,,,,,,,,,,,,,,,,,,,,,,,,,,,,,,,,,,,,,,,,,,,,,,,,,,,,,,,,,,,,,,,,,,,,,,,,,,,,,,,,,,,,,,,,,,,,,,,,,,,,,,,,,,,,,,,,,,,,,,,,,,,,,,,,,,,,,,,,,,,,,,,,,,,,,,,,,,,,,,,,,,,,,,,,,,,,,,,,,,,,,,,,,,,,,,,,,,,,,,,,,,,,,,,,,,,,,,,,,,,,,,,,,,,,,,,,,,,,,,,,,,,,,,,,,,,,,,,,,,,,,,,,,,,,,,,,,,,,,,,,,,,,,,,,,,,,,,,,,,,,,,,,,,,,,,,,,,,,,,,,,,,,,,,,,,,,,,,,,,,,,,,,,,,,,,,,,,,,,,,,,,,,,,,,,,,,,,,,,,,,,,,,,,,,,,,,,,,,,,,,,,,,,,,,,,,,,,,,,,,,,,,,,,,,,,,,,,,,,,,,,,,,,,,,,,,,,,,,,,,,,,,,,,,,,,,,,,,,,,,,,,,,,,,,,,,,,,,,,,,,,,,,,,,,,,,,,,,,,,,,,,,,,,,,,,,,,,,,,,,,,,,,,,,,,,,,,,,,,,,,,,,,,,,,,,,,,,,,,,,,,,,,,,,,,,,,,,,,,,,,,,,,,,,,,,,,,,,,,,,,,,,,,,,,,,,,,,,,,,,,,,,,,,,,,,,,,,,,,,,,,,,,,,,,,,,,,,,,,,,,,,,,,,,,,,,,,,,,,,,,,,,,,,,,,,,,,,,,,,,,,,,,,,,,,,,,,,,,,,,,,,,,,,,,,,,,,,,,,,,,,,,,,,,,,,,,,,,,,,,,,,,,,,,,,,,,,,,,,,,,,,,,,,,,,,,,,,,,,,,,,,,,,,,,,,,,,,,,,,,,,,,,,,,,,,,,,,,,,,,,,,,,,,,,,,,,,,,,,,,,,,,,,,,,,,,,,,,,,,,,,,,,,,,,,,,,,,,,,,,,,,,,,,,,,,,,,,,,,,,,,,,,,,,,,,,,,,,,,,,,,,,,,,,,,,,,,,,,,,,,,,,,,,,,,,,,,,,,,,,,,,,,,,,,,,,,,,,,,,,,,,,,,,,,,,,,,,,,,,,,,,,,,,,,,,,,,,,,,,,,,,,,,,,,,,,,,,,,,,,,,,,,,,,,,,,,,,,,,,,,,,,,,,,,,,Features Available to DDPR:,,,,,,,,,,,,,,,,,,,,,,,,,,,,,,,,,,,,,,,,,,,,,,,,,,,,,,,,,,,,,,,,,,,,,,,,,,,,,,,,,,,,,,,,,,,,,,,,,,,,,,,,,,,,,,,,,,,,,,,,,,,,,,,,,,,,,,,,,,,,,,,,,,,,,,,,,,,,,,,,,,,,,,,,,,,,,,,,,,,,,,,,,,,,,,,,,,,,,,,,,,,,,,,,,,,,,,,,,,,,,,,,,,,,,,,,,,,,,,,,,,,,,,,,,,,,,,,,,,,,,,,,,,,,,,,,,,,,,,,,,,,,,,,,,,,,,,,,,,,,,,,,,,,,,,,,,,,,,,,,,,,,,,,,,,,,,,,,,,,,,,,,,,,,,,,,,,,,,,,,,,,,,,,,,,,,,,,,,,,,,,,,,,,,,,,,,,,,,,,,,,,,,,,,,,,,,,,,,,,,,,,,,,,,,,,,,,,,,,,,,,,,,,,,,,,,,,,,,,,,,,,,,,,,,,,,,,,,,,,,,,,,,,,,,,,,,,,,,,,,,,,,,,,,,,,,,,,,,,,,,,,,,,,,,,,,,,,,,,,,,,,,,,,,,,,,,,,,,,,,,,,,,,,,,,,,,,,,,,,,,,,,,,,,,,,,,,,,,,,,,,,,,,,,,,,,,,,,,,,,,,,,,,,,,,,,,,,,,,,,,,,,,,,,,,,,,,,,,,,,,,,,,,,,,,,,,,,,,,,,,,,,,,,,,,,,,,,,,,,,,,,,,,,,,,,,,,,,,,,,,,,,,,,,,,,,,,,,,,,,,,,,,,,,,,,,,,,,,,,,,,,,,,,,,,,,,,,,,,,,,,,,,,,,,,,,,,,,,,,,,,,,,,,,,,,,,,,,,,,,,,,,,,,,,,,,,,,,,,,,,,,,,,,,,,,,,,,,,,,,,,,,,,,,,,,,,,,,,,,,,,,,,,,,,,,,,,,,,,,,,,,,,,,,,,,,,,,,,,,,,,,,,,,,,,,,,,,,,,,,,,,,,,,,,,,,,,,,,,,,,,,,,,,,,,,,,,,,,,,,,,,,,,,,,,,,,,,,,,,,,,,,,,,,,,,,,,,,,,,,,,,,,,,,,,,,,,,,,,,,,,,,,,,,,,,,,,,,,,,,,,,,,,,,,,,,,,,,,,,,,,,,,,,,,,,,,,,,,,,,,,,,,,,,,,,,,,,,,,,,,,,,,,,,,,,,,,,,,,,,,,,,,,,,,,,,,,,,,,,,,,,,,,,,,,,,,,,,,,,,,,,,,,,,,,,,,,,,,,,,,,,,,,,,,,,,,,,,,,,,,,,,,,,,,,,,,,,,,,,,,,,,,,,,,,,,,,,,,,,,,,,,,,,,,,,,,,,,,,,,,,,,,,,,,,,,,,,,,,,,,,,,,,,,,,,,,,,,,,,,,,,,,,,,,,,,,,,,,,,,,,,,,,,,,,,,,,,,,,,,,,,,,,,,,,,,,,,,,,,,,,,,,,,,,,,,,,,,,,,,,,,,,,,,,,,,,,,,,,,,,,,,,,,,,,,,,,,,,,,,,,,,,,,,,,,,,,,,,,,,,,,,,,,,,,,,,,,,,,,,,,,,,,,,,,,,,,,,,,,,,,,,,,,,,,,,,,,,,,,,,,,,,,,,,,,,,,,,,,,,,,,,,,,,,,,,,,,,,,,,,,,,,,,,,,,,,,,,,,,,,,,,,,,,,,,,,,,,,,,,,,,,,,,,,,,,,,,,,,,,,,,,,,,,,,,,,,,,,,,,,,,,,,,,,,,,,,,,,,,,,,,,,,,,,,,,,,,,,,,,,,,,,,,,,,,,,,,,,,,,,,,,,,,,,,,,,,,,,,,,,,,,,,,,,,,,,,,,,,,,,,,,,,,,,,,,,,,,,,,,,,,,,,,,,,,,,,,,,,,,,,,,,,,,,,,,,,,,,,,,,,,,,,,,,,,,,,,,,,,,,,,,,,,,,,,,,,,,,,,,"For each of 5 expanded populations (Pre-Pro-B, Pro-BI, Pro-BII, Pre-BI, Pre-BII, Early Progenitors),",,,,,,,,,,,,,,,,,,,,,,,,,,,,,,,,,,,,,,,,,,,,,,,,,,,,,,,,,,,,,,,,,,,,,,,,,,,,,,,,,,,,,,,,,,,,,,,,,,,,,,,,,,,,,,,,,,,,,,,,,,,,,,,,,,,,,,,,,,,,,,,,,,,,,,,,,,,,,,,,,,,,,,,,,,,,,,,,,,,,,,,,,,,,,,,,,,,,,,,,,,,,,,,,,,,,,,,,,,,,,,,,,,,,,,,,,,,,,,,,,,,,,,,,,,,,,,,,,,,,,,,,,,,,,,,,,,,,,,,,,,,,,,,,,,,,,,,,,,,,,,,,,,,,,,,,,,,,,,,,,,,,,,,,,,,,,,,,,,,,,,,,,,,,,,,,,,,,,,,,,,,,,,,,,,,,,,,,,,,,,,,,,,,,,,,,,,,,,,,,,,,,,,,,,,,,,,,,,,,,,,,,,,,,,,,,,,,,,,,,,,,,,,,,,,,,,,,,,,,,,,,,,,,,,,,,,,,,,,,,,,,,,,,,,,,,,,,,,,,,,,,,,,,,,,,,,,,,,,,,,,,,,,,,,,,,,,,,,,,,,,,,,,,,,,,,,,,,,,,,,,,,,,,,,,,,,,,,,,,,,,,,,,,,,,,,,,,,,,,,,,,,,,,,,,,,,,,,,,,,,,,,,,,,,,,,,,,,,,,,,,,,,,,,,,,,,,,,,,,,,,,,,,,,,,,,,,,,,,,,,,,,,,,,,,,,,,,,,,,,,,,,,,,,,,,,,,,,,,,,,,,,,,,,,,,,,,,,,,,,,,,,,,,,,,,,,,,,,,,,,,,,,,,,,,,,,,,,,,,,,,,,,,,,,,,,,,,,,,,,,,,,,,,,,,,,,,,,,,,,,,,,,,,,,,,,,,,,,,,,,,,,,,,,,,,,,,,,,,,,,,,,,,,,,,,,,,,,,,,,,,,,,,,,,,,,,,,,,,,,,,,,,,,,,,,,,,,,,,,,,,,,,,,,,,,,,,,,,,,,,,,,,,,,,,,,,,,,,,,,,,,,,,,,,,,,,,,,,,,,,,,,,,,,,,,,,,,,,,,,,,,,,,,,,,,,,,,,,,,,,,,,,,,,,,,,,,,,,,,,,,,,,,,,,,,,,,,,,,,,,,,,,,,,,,,,,,,,,,,,,,,,,,,,,,,,,,,,,,,,,,,,,,,,,,,,,,,,,,,,,,,,,,,,,,,,,,,,,,,,,,,,,,,,,,,,,,,,,,,,,,,,,,,,,,,,,,,,,,,,,,,,,,,,,,,,,,,,,,,,,,,,,,,,,,,,,,,,,,,,,,,,,,,,,,,,,,,,,,,,,,,,,,,,,,,,,,,,,,,,,,,,,,,,,,,,,,,,,,,,,,,,,,,,,,,,,,,,,,,,,,,,,,,,,,,,,,,,,,,,,,,,,,,,,,,,,,,,,,,,,,,,,,,,,,,,,,,,,,,,,,,,,,,,,,,,,,,,,,,,,,,,,,,,,,,,,,,,,,,,,,,,,,,,,,,,,,,,,,,,,,,,,,,,,,,,,,,,,,,,,,,,,,,,,,,,,,,,,,,,,,,,,,,,,,,,,,,,,,,,,,,,,,,,,,,,,,,,,,,,,,,,,,,,,,,,,,,,,,,,,,,,,,,,,,,,,,,,,,,,,,,,,,,,,,,,,,,,,,,,,,,,,,,,,,,,,,,,,,,,,,,,,,,,,,,,,,,,,,,,,,,,,,,,,,,,,,,,,,,,,,,,,,,,,,,,,,,,,,,,,,,,,,,,,,,,,,,,,,,,,,,,,,,,,,,,,,,,,,,,,,,,,,,,,,,,,,,,,,,,,,,,,,,,,,,,,,,,,,,,,,,,,,,,,,,,,,,,,,,,,,,,,,,,,,,,,,,,,,,,,,,,,,,,,,,,,,,,,,,,,,,,,,,,,,,,,,,,,,,,,,,,,,,,,,,,,,,,,,,,,,,,,,,,,,,,,,,,,,,,1,Percent of cells in population,,,,,,,,,,,,,,,,,,,,,,,,,,,,,,,,,,,,,,,,,,,,,,,,,,,,,,,,,,,,,,,,,,,,,,,,,,,,,,,,,,,,,,,,,,,,,,,,,,,,,,,,,,,,,,,,,,,,,,,,,,,,,,,,,,,,,,,,,,,,,,,,,,,,,,,,,,,,,,,,,,,,,,,,,,,,,,,,,,,,,,,,,,,,,,,,,,,,,,,,,,,,,,,,,,,,,,,,,,,,,,,,,,,,,,,,,,,,,,,,,,,,,,,,,,,,,,,,,,,,,,,,,,,,,,,,,,,,,,,,,,,,,,,,,,,,,,,,,,,,,,,,,,,,,,,,,,,,,,,,,,,,,,,,,,,,,,,,,,,,,,,,,,,,,,,,,,,,,,,,,,,,,,,,,,,,,,,,,,,,,,,,,,,,,,,,,,,,,,,,,,,,,,,,,,,,,,,,,,,,,,,,,,,,,,,,,,,,,,,,,,,,,,,,,,,,,,,,,,,,,,,,,,,,,,,,,,,,,,,,,,,,,,,,,,,,,,,,,,,,,,,,,,,,,,,,,,,,,,,,,,,,,,,,,,,,,,,,,,,,,,,,,,,,,,,,,,,,,,,,,,,,,,,,,,,,,,,,,,,,,,,,,,,,,,,,,,,,,,,,,,,,,,,,,,,,,,,,,,,,,,,,,,,,,,,,,,,,,,,,,,,,,,,,,,,,,,,,,,,,,,,,,,,,,,,,,,,,,,,,,,,,,,,,,,,,,,,,,,,,,,,,,,,,,,,,,,,,,,,,,,,,,,,,,,,,,,,,,,,,,,,,,,,,,,,,,,,,,,,,,,,,,,,,,,,,,,,,,,,,,,,,,,,,,,,,,,,,,,,,,,,,,,,,,,,,,,,,,,,,,,,,,,,,,,,,,,,,,,,,,,,,,,,,,,,,,,,,,,,,,,,,,,,,,,,,,,,,,,,,,,,,,,,,,,,,,,,,,,,,,,,,,,,,,,,,,,,,,,,,,,,,,,,,,,,,,,,,,,,,,,,,,,,,,,,,,,,,,,,,,,,,,,,,,,,,,,,,,,,,,,,,,,,,,,,,,,,,,,,,,,,,,,,,,,,,,,,,,,,,,,,,,,,,,,,,,,,,,,,,,,,,,,,,,,,,,,,,,,,,,,,,,,,,,,,,,,,,,,,,,,,,,,,,,,,,,,,,,,,,,,,,,,,,,,,,,,,,,,,,,,,,,,,,,,,,,,,,,,,,,,,,,,,,,,,,,,,,,,,,,,,,,,,,,,,,,,,,,,,,,,,,,,,,,,,,,,,,,,,,,,,,,,,,,,,,,,,,,,,,,,,,,,,,,,,,,,,,,,,,,,,,,,,,,,,,,,,,,,,,,,,,,,,,,,,,,,,,,,,,,,,,,,,,,,,,,,,,,,,,,,,,,,,,,,,,,,,,,,,,,,,,,,,,,,,,,,,,,,,,,,,,,,,,,,,,,,,,,,,,,,,,,,,,,,,,,,,,,,,,,,,,,,,,,,,,,,,,,,,,,,,,,,,,,,,,,,,,,,,,,,,,,,,,,,,,,,,,,,,,,,,,,,,,,,,,,,,,,,,,,,,,,,,,,,,,,,,,,,,,,,,,,,,,,,,,,,,,,,,,,,,,,,,,,,,,,,,,,,,,,,,,,,,,,,,,,,,,,,,,,,,,,,,,,,,,,,,,,,,,,,,,,,,,,,,,,,,,,,,,,,,,,,,,,,,,,,,,,,,,,,,,,,,,,,,,,,,,,,,,,,,,,,,,,,,,,,,,,,,,,,,,,,,,,,,,,,,,,,,,,,,,,,,,,,,,,,,,,,,,,,,,,,,,,,,,,,,,,,,,,,,,,,,,,,,,,,,,,,,,,,,,,,,,,,,,,,,,,,,,,,,,,,,,,,,,,,,,,,,,,,,,,,,,,,,,,,,,,,,,,,,,,,,,,,,,,,,,,,,,,,,,,,,,,,,,,,,,,,,,,,,,,,,,,,,,,,,,,,,2,Mean arsinh-transformed expression of 24 phenotypic markers,,,,,,,,,,,,,,,,,,,,,,,,,,,,,,,,,,,,,,,,,,,,,,,,,,,,,,,,,,,,,,,,,,,,,,,,,,,,,,,,,,,,,,,,,,,,,,,,,,,,,,,,,,,,,,,,,,,,,,,,,,,,,,,,,,,,,,,,,,,,,,,,,,,,,,,,,,,,,,,,,,,,,,,,,,,,,,,,,,,,,,,,,,,,,,,,,,,,,,,,,,,,,,,,,,,,,,,,,,,,,,,,,,,,,,,,,,,,,,,,,,,,,,,,,,,,,,,,,,,,,,,,,,,,,,,,,,,,,,,,,,,,,,,,,,,,,,,,,,,,,,,,,,,,,,,,,,,,,,,,,,,,,,,,,,,,,,,,,,,,,,,,,,,,,,,,,,,,,,,,,,,,,,,,,,,,,,,,,,,,,,,,,,,,,,,,,,,,,,,,,,,,,,,,,,,,,,,,,,,,,,,,,,,,,,,,,,,,,,,,,,,,,,,,,,,,,,,,,,,,,,,,,,,,,,,,,,,,,,,,,,,,,,,,,,,,,,,,,,,,,,,,,,,,,,,,,,,,,,,,,,,,,,,,,,,,,,,,,,,,,,,,,,,,,,,,,,,,,,,,,,,,,,,,,,,,,,,,,,,,,,,,,,,,,,,,,,,,,,,,,,,,,,,,,,,,,,,,,,,,,,,,,,,,,,,,,,,,,,,,,,,,,,,,,,,,,,,,,,,,,,,,,,,,,,,,,,,,,,,,,,,,,,,,,,,,,,,,,,,,,,,,,,,,,,,,,,,,,,,,,,,,,,,,,,,,,,,,,,,,,,,,,,,,,,,,,,,,,,,,,,,,,,,,,,,,,,,,,,,,,,,,,,,,,,,,,,,,,,,,,,,,,,,,,,,,,,,,,,,,,,,,,,,,,,,,,,,,,,,,,,,,,,,,,,,,,,,,,,,,,,,,,,,,,,,,,,,,,,,,,,,,,,,,,,,,,,,,,,,,,,,,,,,,,,,,,,,,,,,,,,,,,,,,,,,,,,,,,,,,,,,,,,,,,,,,,,,,,,,,,,,,,,,,,,,,,,,,,,,,,,,,,,,,,,,,,,,,,,,,,,,,,,,,,,,,,,,,,,,,,,,,,,,,,,,,,,,,,,,,,,,,,,,,,,,,,,,,,,,,,,,,,,,,,,,,,,,,,,,,,,,,,,,,,,,,,,,,,,,,,,,,,,,,,,,,,,,,,,,,,,,,,,,,,,,,,,,,,,,,,,,,,,,,,,,,,,,,,,,,,,,,,,,,,,,,,,,,,,,,,,,,,,,,,,,,,,,,,,,,,,,,,,,,,,,,,,,,,,,,,,,,,,,,,,,,,,,,,,,,,,,,,,,,,,,,,,,,,,,,,,,,,,,,,,,,,,,,,,,,,,,,,,,,,,,,,,,,,,,,,,,,,,,,,,,,,,,,,,,,,,,,,,,,,,,,,,,,,,,,,,,,,,,,,,,,,,,,,,,,,,,,,,,,,,,,,,,,,,,,,,,,,,,,,,,,,,,,,,,,,,,,,,,,,,,,,,,,,,,,,,,,,,,,,,,,,,,,,,,,,,,,,,,,,,,,,,,,,,,,,,,,,,,,,,,,,,,,,,,,,,,,,,,,,,,,,,,,,,,,,,,,,,,,,,,,,,,,,,,,,,,,,,,,,,,,,,,,,,,,,,,,,,,,,,,,,,,,,,,,,,,,,,,,,,,,,,,,,,,,,,,,,,,,,,,,,,,,,,,,,,,,,,,,,,,,,,,,,,,,,,,,,,,,,,,,,,,,,,,,,,,,,,,,,,,,,,,,,,,,,,,,,,,,,,,,,,,,,,,,,,,,,,,,,,,,,,,,,,,,,,,,,,,,,,,,,,,,,,,,,,,,,,,,,,,,,,,,,,,,,,,,,,,,,,,,,,,,,,,,,,,,,,,,,,,,,,,,,,,,,,,,,,,,,,,,,,,,,,,,,,,,,,,,,,,,,,,,,,,,,,,,,,,,,,,,,,,,,,,3,"For each of 9 phosphorylated proteins,",,,,,,,,,,,,,,,,,,,,,,,,,,,,,,,,,,,,,,,,,,,,,,,,,,,,,,,,,,,,,,,,,,,,,,,,,,,,,,,,,,,,,,,,,,,,,,,,,,,,,,,,,,,,,,,,,,,,,,,,,,,,,,,,,,,,,,,,,,,,,,,,,,,,,,,,,,,,,,,,,,,,,,,,,,,,,,,,,,,,,,,,,,,,,,,,,,,,,,,,,,,,,,,,,,,,,,,,,,,,,,,,,,,,,,,,,,,,,,,,,,,,,,,,,,,,,,,,,,,,,,,,,,,,,,,,,,,,,,,,,,,,,,,,,,,,,,,,,,,,,,,,,,,,,,,,,,,,,,,,,,,,,,,,,,,,,,,,,,,,,,,,,,,,,,,,,,,,,,,,,,,,,,,,,,,,,,,,,,,,,,,,,,,,,,,,,,,,,,,,,,,,,,,,,,,,,,,,,,,,,,,,,,,,,,,,,,,,,,,,,,,,,,,,,,,,,,,,,,,,,,,,,,,,,,,,,,,,,,,,,,,,,,,,,,,,,,,,,,,,,,,,,,,,,,,,,,,,,,,,,,,,,,,,,,,,,,,,,,,,,,,,,,,,,,,,,,,,,,,,,,,,,,,,,,,,,,,,,,,,,,,,,,,,,,,,,,,,,,,,,,,,,,,,,,,,,,,,,,,,,,,,,,,,,,,,,,,,,,,,,,,,,,,,,,,,,,,,,,,,,,,,,,,,,,,,,,,,,,,,,,,,,,,,,,,,,,,,,,,,,,,,,,,,,,,,,,,,,,,,,,,,,,,,,,,,,,,,,,,,,,,,,,,,,,,,,,,,,,,,,,,,,,,,,,,,,,,,,,,,,,,,,,,,,,,,,,,,,,,,,,,,,,,,,,,,,,,,,,,,,,,,,,,,,,,,,,,,,,,,,,,,,,,,,,,,,,,,,,,,,,,,,,,,,,,,,,,,,,,,,,,,,,,,,,,,,,,,,,,,,,,,,,,,,,,,,,,,,,,,,,,,,,,,,,,,,,,,,,,,,,,,,,,,,,,,,,,,,,,,,,,,,,,,,,,,,,,,,,,,,,,,,,,,,,,,,,,,,,,,,,,,,,,,,,,,,,,,,,,,,,,,,,,,,,,,,,,,,,,,,,,,,,,,,,,,,,,,,,,,,,,,,,,,,,,,,,,,,,,,,,,,,,,,,,,,,,,,,,,,,,,,,,,,,,,,,,,,,,,,,,,,,,,,,,,,,,,,,,,,,,,,,,,,,,,,,,,,,,,,,,,,,,,,,,,,,,,,,,,,,,,,,,,,,,,,,,,,,,,,,,,,,,,,,,,,,,,,,,,,,,,,,,,,,,,,,,,,,,,,,,,,,,,,,,,,,,,,,,,,,,,,,,,,,,,,,,,,,,,,,,,,,,,,,,,,,,,,,,,,,,,,,,,,,,,,,,,,,,,,,,,,,,,,,,,,,,,,,,,,,,,,,,,,,,,,,,,,,,,,,,,,,,,,,,,,,,,,,,,,,,,,,,,,,,,,,,,,,,,,,,,,,,,,,,,,,,,,,,,,,,,,,,,,,,,,,,,,,,,,,,,,,,,,,,,,,,,,,,,,,,,,,,,,,,,,,,,,,,,,,,,,,,,,,,,,,,,,,,,,,,,,,,,,,,,,,,,,,,,,,,,,,,,,,,,,,,,,,,,,,,,,,,,,,,,,,,,,,,,,,,,,,,,,,,,,,,,,,,,,,,,,,,,,,,,,,,,,,,,,,,,,,,,,,,,,,,,,,,,,,,,,,,,,,,,,,,,,,,,,,,,,,,,,,,,,,,,,,,,,,,,,,,,,,,,,,,,,,,,,,,,,,,,,,,,,,,,,,,,,,,,,,,,,,,,,,,,,,,,,,,,,,,,,,,,,,,,,,,,,,,,,,,,,,,,,,,,,,,,,,,,,,,,,,,,,,,,,,,,,,,,,,,,,,,,,,,,,,,,,,,,,,,,,,,,,,,,,,,,,,,,,,,,,,,,,,,,,,,,,"% positive cells in Basal condition and in response to 4 perturbations (Pervanadate, IL-7, BCR Crosslink, TSLP)",,,,,,,,,,,,,,,,,,,,,,,,,,,,,,,,,,,,,,,,,,,,,,,,,,,,,,,,,,,,,,,,,,,,,,,,,,,,,,,,,,,,,,,,,,,,,,,,,,,,,,,,,,,,,,,,,,,,,,,,,,,,,,,,,,,,,,,,,,,,,,,,,,,,,,,,,,,,,,,,,,,,,,,,,,,,,,,,,,,,,,,,,,,,,,,,,,,,,,,,,,,,,,,,,,,,,,,,,,,,,,,,,,,,,,,,,,,,,,,,,,,,,,,,,,,,,,,,,,,,,,,,,,,,,,,,,,,,,,,,,,,,,,,,,,,,,,,,,,,,,,,,,,,,,,,,,,,,,,,,,,,,,,,,,,,,,,,,,,,,,,,,,,,,,,,,,,,,,,,,,,,,,,,,,,,,,,,,,,,,,,,,,,,,,,,,,,,,,,,,,,,,,,,,,,,,,,,,,,,,,,,,,,,,,,,,,,,,,,,,,,,,,,,,,,,,,,,,,,,,,,,,,,,,,,,,,,,,,,,,,,,,,,,,,,,,,,,,,,,,,,,,,,,,,,,,,,,,,,,,,,,,,,,,,,,,,,,,,,,,,,,,,,,,,,,,,,,,,,,,,,,,,,,,,,,,,,,,,,,,,,,,,,,,,,,,,,,,,,,,,,,,,,,,,,,,,,,,,,,,,,,,,,,,,,,,,,,,,,,,,,,,,,,,,,,,,,,,,,,,,,,,,,,,,,,,,,,,,,,,,,,,,,,,,,,,,,,,,,,,,,,,,,,,,,,,,,,,,,,,,,,,,,,,,,,,,,,,,,,,,,,,,,,,,,,,,,,,,,,,,,,,,,,,,,,,,,,,,,,,,,,,,,,,,,,,,,,,,,,,,,,,,,,,,,,,,,,,,,,,,,,,,,,,,,,,,,,,,,,,,,,,,,,,,,,,,,,,,,,,,,,,,,,,,,,,,,,,,,,,,,,,,,,,,,,,,,,,,,,,,,,,,,,,,,,,,,,,,,,,,,,,,,,,,,,,,,,,,,,,,,,,,,,,,,,,,,,,,,,,,,,,,,,,,,,,,,,,,,,,,,,,,,,,,,,,,,,,,,,,,,,,,,,,,,,,,,,,,,,,,,,,,,,,,,,,,,,,,,,,,,,,,,,,,,,,,,,,,,,,,,,,,,,,,,,,,,,,,,,,,,,,,,,,,,,,,,,,,,,,,,,,,,,,,,,,,,,,,,,,,,,,,,,,,,,,,,,,,,,,,,,,,,,,,,,,,,,,,,,,,,,,,,,,,,,,,,,,,,,,,,,,,,,,,,,,,,,,,,,,,,,,,,,,,,,,,,,,,,,,,,,,,,,,,,,,,,,,,,,,,,,,,,,,,,,,,,,,,,,,,,,,,,,,,,,,,,,,,,,,,,,,,,,,,,,,,,,,,,,,,,,,,,,,,,,,,,,,,,,,,,,,,,,,,,,,,,,,,,,,,,,,,,,,,,,,,,,,,,,,,,,,,,,,,,,,,,,,,,,,,,,,,,,,,,,,,,,,,,,,,,,,,,,,,,,,,,,,,,,,,,,,,,,,,,,,,,,,,,,,,,,,,,,,,,,,,,,,,,,,,,,,,,,,,,,,,,,,,,,,,,,,,,,,,,,,,,,,,,,,,,,,,,,,,,,,,,,,,,,,,,,,,,,,,,,,,,,,,,,,,,,,,,,,,,,,,,,,,,,,,,,,,,,,,,,,,,,,,,,,,,,,,,,,,,,,,,,,,,,,,,,,,,,,,,,,,,,,,,,,,,,,,,,,,,,,,,,,,,,,,,,,,,,,,,,,,,,,,,,,,,,,,,,,,,,,,,,,,,,,,,,,,,,,,,,,,,,,,,,,,,,,,,,,,,,,,,,,,,,,,,,,,,,,,,,,,,,,,,,,,,,,,,,,,,,,,,,,,,,,,,,,,,,,,,,,,,,,,,,,,,,,,,,,,,,,,,,,,,,,,,,,,,,,,,,,,,,,,,,,,,,,,,,,,,,,,,,,,,,Plus 2 clinical features: age and white blood cell count at diagnosis (see Supplementary Table 1).,,,,,,,,,,,,,,,,,,,,,,,,,,,,,,,,,,,,,,,,,,,,,,,,,,,,,,,,,,,,,,,,,,,,,,,,,,,,,,,,,,,,,,,,,,,,,,,,,,,,,,,,,,,,,,,,,,,,,,,,,,,,,,,,,,,,,,,,,,,,,,,,,,,,,,,,,,,,,,,,,,,,,,,,,,,,,,,,,,,,,,,,,,,,,,,,,,,,,,,,,,,,,,,,,,,,,,,,,,,,,,,,,,,,,,,,,,,,,,,,,,,,,,,,,,,,,,,,,,,,,,,,,,,,,,,,,,,,,,,,,,,,,,,,,,,,,,,,,,,,,,,,,,,,,,,,,,,,,,,,,,,,,,,,,,,,,,,,,,,,,,,,,,,,,,,,,,,,,,,,,,,,,,,,,,,,,,,,,,,,,,,,,,,,,,,,,,,,,,,,,,,,,,,,,,,,,,,,,,,,,,,,,,,,,,,,,,,,,,,,,,,,,,,,,,,,,,,,,,,,,,,,,,,,,,,,,,,,,,,,,,,,,,,,,,,,,,,,,,,,,,,,,,,,,,,,,,,,,,,,,,,,,,,,,,,,,,,,,,,,,,,,,,,,,,,,,,,,,,,,,,,,,,,,,,,,,,,,,,,,,,,,,,,,,,,,,,,,,,,,,,,,,,,,,,,,,,,,,,,,,,,,,,,,,,,,,,,,,,,,,,,,,,,,,,,,,,,,,,,,,,,,,,,,,,,,,,,,,,,,,,,,,,,,,,,,,,,,,,,,,,,,,,,,,,,,,,,,,,,,,,,,,,,,,,,,,,,,,,,,,,,,,,,,,,,,,,,,,,,,,,,,,,,,,,,,,,,,,,,,,,,,,,,,,,,,,,,,,,,,,,,,,,,,,,,,,,,,,,,,,,,,,,,,,,,,,,,,,,,,,,,,,,,,,,,,,,,,,,,,,,,,,,,,,,,,,,,,,,,,,,,,,,,,,,,,,,,,,,,,,,,,,,,,,,,,,,,,,,,,,,,,,,,,,,,,,,,,,,,,,,,,,,,,,,,,,,,,,,,,,,,,,,,,,,,,,,,,,,,,,,,,,,,,,,,,,,,,,,,,,,,,,,,,,,,,,,,,,,,,,,,,,,,,,,,,,,,,,,,,,,,,,,,,,,,,,,,,,,,,,,,,,,,,,,,,,,,,,,,,,,,,,,,,,,,,,,,,,,,,,,,,,,,,,,,,,,,,,,,,,,,,,,,,,,,,,,,,,,,,,,,,,,,,,,,,,,,,,,,,,,,,,,,,,,,,,,,,,,,,,,,,,,,,,,,,,,,,,,,,,,,,,,,,,,,,,,,,,,,,,,,,,,,,,,,,,,,,,,,,,,,,,,,,,,,,,,,,,,,,,,,,,,,,,,,,,,,,,,,,,,,,,,,,,,,,,,,,,,,,,,,,,,,,,,,,,,,,,,,,,,,,,,,,,,,,,,,,,,,,,,,,,,,,,,,,,,,,,,,,,,,,,,,,,,,,,,,,,,,,,,,,,,,,,,,,,,,,,,,,,,,,,,,,,,,,,,,,,,,,,,,,,,,,,,,,,,,,,,,,,,,,,,,,,,,,,,,,,,,,,,,,,,,,,,,,,,,,,,,,,,,,,,,,,,,,,,,,,,,,,,,,,,,,,,,,,,,,,,,,,,,,,,,,,,,,,,,,,,,,,,,,,,,,,,,,,,,,,,,,,,,,,,,,,,,,,,,,,,,,,,,,,,,,,,,,,,,,,,,,,,,,,,,,,,,,,,,,,,,,,,,,,,,,,,,,,,,,,,,,,,,,,,,,,,,,,,,,,,,,,,,,,,,,,,,,,,,,,,,,,,,,,,,,,,,,,,,,,,,,,,,,,,,,,,,,,,,,,,,,,,,,,,,,,,,,,,,,,,,,,,,,,,,,,,,,,,,,,,,,,,,,,,,,,,,,,,,,,,,,,,,,,,,,,,,,,,,,,,,,,,,,,,,,,,,,,,,,,,,,,,,,,,,,,,,,,,,,,,,,Total: 5 x (1 + 24 + 9 x 5) + 2 = 352,,,,,,,,,,,,,,,,,,,,,,,,,,,,,,,,,,,,,,,,,,,,,,,,,,,,,,,,,,,,,,,,,,,,,,,,,,,,,,,,,,,,,,,,,,,,,,,,,,,,,,,,,,,,,,,,,,,,,,,,,,,,,,,,,,,,,,,,,,,,,,,,,,,,,,,,,,,,,,,,,,,,,,,,,,,,,,,,,,,,,,,,,,,,,,,,,,,,,,,,,,,,,,,,,,,,,,,,,,,,,,,,,,,,,,,,,,,,,,,,,,,,,,,,,,,,,,,,,,,,,,,,,,,,,,,,,,,,,,,,,,,,,,,,,,,,,,,,,,,,,,,,,,,,,,,,,,,,,,,,,,,,,,,,,,,,,,,,,,,,,,,,,,,,,,,,,,,,,,,,,,,,,,,,,,,,,,,,,,,,,,,,,,,,,,,,,,,,,,,,,,,,,,,,,,,,,,,,,,,,,,,,,,,,,,,,,,,,,,,,,,,,,,,,,,,,,,,,,,,,,,,,,,,,,,,,,,,,,,,,,,,,,,,,,,,,,,,,,,,,,,,,,,,,,,,,,,,,,,,,,,,,,,,,,,,,,,,,,,,,,,,,,,,,,,,,,,,,,,,,,,,,,,,,,,,,,,,,,,,,,,,,,,,,,,,,,,,,,,,,,,,,,,,,,,,,,,,,,,,,,,,,,,,,,,,,,,,,,,,,,,,,,,,,,,,,,,,,,,,,,,,,,,,,,,,,,,,,,,,,,,,,,,,,,,,,,,,,,,,,,,,,,,,,,,,,,,,,,,,,,,,,,,,,,,,,,,,,,,,,,,,,,,,,,,,,,,,,,,,,,,,,,,,,,,,,,,,,,,,,,,,,,,,,,,,,,,,,,,,,,,,,,,,,,,,,,,,,,,,,,,,,,,,,,,,,,,,,,,,,,,,,,,,,,,,,,,,,,,,,,,,,,,,,,,,,,,,,,,,,,,,,,,,,,,,,,,,,,,,,,,,,,,,,,,,,,,,,,,,,,,,,,,,,,,,,,,,,,,,,,,,,,,,,,,,,,,,,,,,,,,,,,,,,,,,,,,,,,,,,,,,,,,,,,,,,,,,,,,,,,,,,,,,,,,,,,,,,,,,,,,,,,,,,,,,,,,,,,,,,,,,,,,,,,,,,,,,,,,,,,,,,,,,,,,,,,,,,,,,,,,,,,,,,,,,,,,,,,,,,,,,,,,,,,,,,,,,,,,,,,,,,,,,,,,,,,,,,,,,,,,,,,,,,,,,,,,,,,,,,,,,,,,,,,,,,,,,,,,,,,,,,,,,,,,,,,,,,,,,,,,,,,,,,,,,,,,,,,,,,,,,,,,,,,,,,,,,,,,,,,,,,,,,,,,,,,,,,,,,,,,,,,,,,,,,,,,,,,,,,,,,,,,,,,,,,,,,,,,,,,,,,,,,,,,,,,,,,,,,,,,,,,,,,,,,,,,,,,,,,,,,,,,,,,,,,,,,,,,,,,,,,,,,,,,,,,,,,,,,,,,,,,,,,,,,,,,,,,,,,,,,,,,,,,,,,,,,,,,,,,,,,,,,,,,,,,,,,,,,,,,,,,,,,,,,,,,,,,,,,,,,,,,,,,,,,,,,,,,,,,,,,,,,,,,,,,,,,,,,,,,,,,,,,,,,,,,,,,,,,,,,,,,,,,,,,,,,,,,,,,,,,,,,,,,,,,,,,,,,,,,,,,,,,,,,,,,,,,,,,,,,,,,,,,,,,,,,,,,,,,,,,,,,,,,,,,,,,,,,,,,,,,,,,,,,,,,,,,,,,,,,,,,,,,,,,,,,,,,,,,,,,,,,,,,,,,,,,,,,,,,,,,,,,,,,,,,,,,,,,,,,,,,,,,,,,,,,,,,,,,,,,,,,,,,,,,,,,,,,,,,,,,,,,,,,,,,,,,,,,,,,,,,,,,,,,,,,,,,,,,,,,,,,,,,,,,,,,,,,,,,,,,,,,,,,,,,,,,,,,,,,,,,,,,,,,,,,,,,,,,,,,,,,,,,,,,,,,,,,,,,,,,,,,,,,,,,,,,,,,,,,,,,,,,,,,,,,,,,,,,,,,,,,,,,,,,,,,,,,,,,,,,,,,,,,,,,,,,,,,,,,,,,,,,,,,,,,,,,,,,,,,,,,,,,,,,,,,,,,,,,,,,,,,,,,,,,,,,,,,,,,,,,,,,,,,,,,,,,,,,,,,,,,,,,,,,,,,,,,,,,,,,,,,,,,,,,,,,,,,,,,,,,,,,,,,,,,,,,,,,,,,,,,,,,,,,,,,,,,,,,,,,,,,,,,,,,,,,,,,,,,,,,,,,,,,,,,,,,,,,,,,,,,,,,,,,,,,,,,,,,,,,,,,,,,,,,,,,,,,,,,,,,,,,,,,,,,,,,,,,,,,,,,,,,,,,,,,,,,,,,,,,,,,,,,,,,,,,,,,,,,,,,,,,,,,,,,,,,,,,,,,,,,,,,,,,,,,,,,,,,,,,,,,,,,,,,,,,,,,,,,,,,,,,,,,,,,,,,,,,,,,,,,,,,,,,,,,,,,,,,,,,,,,,,,,,,,,,,,,,,,,,,,,,,,,,,,,,,,,,,,,,,,,,,,,,,,,,,,,,,,,,,,,,,,,,,,,,,,,,,,,,,,,,,,,,,,,,,,,,,,,,,,,,,,,,,,,,,,,,,,,,,,,,,,,,,,,,,,,,,,,,,,,,,,,,,,,,,,,,,,,,,,,,,,,,,,,,,,,,,,,,,,,,,,,,,,,,,,,,,,,,,,,,,,,,,,,,,,,,,,,,,,,,,,,,,,,,,,,,,,,,,,,,,,,,,,,,,,,,,,,,,,,,,,,,,,,,,,,,,,,,,,,,,,,,,,,,,,,,,,,,,,,,,,,,,,,,,,,,,,,,,,,,,,,,,,,,,,,,,,,,,,,,,,,,,,,,,,,,,,,,,,,,,,,,,,,,,,,,,,,,,,,,,,,,,,,,,,,,,,,,,,,,,,,,,,,,,,,,,,,,,,,,,,,,,,,,,,,,,,,,,,,,,,,,,,,,,,,,,,,,,,,,,,,,,,,,,,,,,,,,,,,,,,,,,,,,,,,,,,,,,,,,,,,,,,,,,,,,,,,,,,,,,,,,,,,,,,,,,,,,,,,,,,,,,,,,,,,,,,,,,,,,,,,,,,,,,,,,,,,,,,,,,,,,,,,,,,,,,,,,,,,,,,,,,,,,,,,,,,,,,,,,,,,,,,,,,,,,,,,,,,,,,,,,,,,,,,,,,,,,,,,,,,,,,,,,,,,,,,,,,,,,,,,,,,,,,,,,,,,,,,,,,,,,,,,,,,,,,,,,,,,,,,,,,,,,,,,,,,,,,,,,,,,,,,,,,,,,,,,,,,,,,,,,,,,,,,,,,,,,,,,,,,,,,,,,,,,,,,,,,,,,,,,,,,,,,,,,,,,,,,,,,,,,,,,,,,,,,,,,,,,,,,,,,,,,,,,,,,,,,,,,,,,,,,,,,,,,,,,,,,,,,,,,,,,,,,,,,,,,,,,,,,,,,,,,,,,,,,,,,,,,,,,,,,,,,,,,,,,,,,,,,,,,,,,,,,,,,,,,,,,,,,,,,,,,,,,,,,,,,,,,,,,,,,,,,,,,,,,,,,,,,,,,,,,,,,,,,,,,,,,,,,,,,,,,,,,,,,,,,,,,,,,,,,,,,,,,,,,,,,,,,,,,,,,,,,,,,,,,,,,,,,,,,,,,,,,,,,,,,,,,,,,,,,,,,,,,,,,,,,,,,,,,,,,,,,,,,,,,,,,,,,,,,,,,,,,,,,,,,,,,,,,,,,,,,,,,,,,,,,,,,,,,,,,,,,,,,,,,,,,,,,,,,,,,,,,,,,,,,,,,,,,,,,,,,,,,,,,,,,,,,,,,,,,,,,,,,,,,,,,,,,,,,,,,,,,,,,,,,,,,,,,,,,,,,,,,,,,,,,,,,,,,,,,,,,,,,,,,,,,,,,,,,,,,,,,Row Name Legend:,,,,,,,,,,,,,,,,,,,,,,,,,,,,,,,,,,,,,,,,,,,,,,,,,,,,,,,,,,,,,,,,,,,,,,,,,,,,,,,,,,,,,,,,,,,,,,,,,,,,,,,,,,,,,,,,,,,,,,,,,,,,,,,,,,,,,,,,,,,,,,,,,,,,,,,,,,,,,,,,,,,,,,,,,,,,,,,,,,,,,,,,,,,,,,,,,,,,,,,,,,,,,,,,,,,,,,,,,,,,,,,,,,,,,,,,,,,,,,,,,,,,,,,,,,,,,,,,,,,,,,,,,,,,,,,,,,,,,,,,,,,,,,,,,,,,,,,,,,,,,,,,,,,,,,,,,,,,,,,,,,,,,,,,,,,,,,,,,,,,,,,,,,,,,,,,,,,,,,,,,,,,,,,,,,,,,,,,,,,,,,,,,,,,,,,,,,,,,,,,,,,,,,,,,,,,,,,,,,,,,,,,,,,,,,,,,,,,,,,,,,,,,,,,,,,,,,,,,,,,,,,,,,,,,,,,,,,,,,,,,,,,,,,,,,,,,,,,,,,,,,,,,,,,,,,,,,,,,,,,,,,,,,,,,,,,,,,,,,,,,,,,,,,,,,,,,,,,,,,,,,,,,,,,,,,,,,,,,,,,,,,,,,,,,,,,,,,,,,,,,,,,,,,,,,,,,,,,,,,,,,,,,,,,,,,,,,,,,,,,,,,,,,,,,,,,,,,,,,,,,,,,,,,,,,,,,,,,,,,,,,,,,,,,,,,,,,,,,,,,,,,,,,,,,,,,,,,,,,,,,,,,,,,,,,,,,,,,,,,,,,,,,,,,,,,,,,,,,,,,,,,,,,,,,,,,,,,,,,,,,,,,,,,,,,,,,,,,,,,,,,,,,,,,,,,,,,,,,,,,,,,,,,,,,,,,,,,,,,,,,,,,,,,,,,,,,,,,,,,,,,,,,,,,,,,,,,,,,,,,,,,,,,,,,,,,,,,,,,,,,,,,,,,,,,,,,,,,,,,,,,,,,,,,,,,,,,,,,,,,,,,,,,,,,,,,,,,,,,,,,,,,,,,,,,,,,,,,,,,,,,,,,,,,,,,,,,,,,,,,,,,,,,,,,,,,,,,,,,,,,,,,,,,,,,,,,,,,,,,,,,,,,,,,,,,,,,,,,,,,,,,,,,,,,,,,,,,,,,,,,,,,,,,,,,,,,,,,,,,,,,,,,,,,,,,,,,,,,,,,,,,,,,,,,,,,,,,,,,,,,,,,,,,,,,,,,,,,,,,,,,,,,,,,,,,,,,,,,,,,,,,,,,,,,,,,,,,,,,,,,,,,,,,,,,,,,,,,,,,,,,,,,,,,,,,,,,,,,,,,,,,,,,,,,,,,,,,,,,,,,,,,,,,,,,,,,,,,,,,,,,,,,,,,,,,,,,,,,,,,,,,,,,,,,,,,,,,,,,,,,,,,,,,,,,,,,,,,,,,,,,,,,,,,,,,,,,,,,,,,,,,,,,,,,,,,,,,,,,,,,,,,,,,,,,,,,,,,,,,,,,,,,,,,,,,,,,,,,,,,,,,,,,,,,,,,,,,,,,,,,,,,,,,,,,,,,,,,,,,,,,,,,,,,,,,,,,,,,,,,,,,,,,,,,,,,,,,,,,,,,,,,,,,,,,,,,,,,,,,,,,,,,,,,,,,,,,,,,,,,,,,,,,,,,,,,,,,,,,,,,,,,,,,,,,,,,,,,,,,,,,,,,,,,,,,,,,,,,,,,,,,,,,,,,,,,,,,,,,,,,,,,,,,,,,,,,,,,,,,,,,,,,,,,,,,,,,,,,,,,,,,,,,,,,,,,,,,,,,,,,,,,,,,,,,,,,,,,,,,,,,,,,,,,,,,,,,,,,,,,,,,,,,,,,,,,,,,,,,,,,,,,,,,,,,,,,,,,,,,,,,,,,,,,,,,,,,,,,,,,,,,,,,,,,,,,,,,,,,,,,,,,,,,,,,,,,,,,,,,,,,,,,,,,,,,,,,,,,,,,Healthy 1-5: Bone marrow from healthy adult donors (see Methods).,,,,,,,,,,,,,,,,,,,,,,,,,,,,,,,,,,,,,,,,,,,,,,,,,,,,,,,,,,,,,,,,,,,,,,,,,,,,,,,,,,,,,,,,,,,,,,,,,,,,,,,,,,,,,,,,,,,,,,,,,,,,,,,,,,,,,,,,,,,,,,,,,,,,,,,,,,,,,,,,,,,,,,,,,,,,,,,,,,,,,,,,,,,,,,,,,,,,,,,,,,,,,,,,,,,,,,,,,,,,,,,,,,,,,,,,,,,,,,,,,,,,,,,,,,,,,,,,,,,,,,,,,,,,,,,,,,,,,,,,,,,,,,,,,,,,,,,,,,,,,,,,,,,,,,,,,,,,,,,,,,,,,,,,,,,,,,,,,,,,,,,,,,,,,,,,,,,,,,,,,,,,,,,,,,,,,,,,,,,,,,,,,,,,,,,,,,,,,,,,,,,,,,,,,,,,,,,,,,,,,,,,,,,,,,,,,,,,,,,,,,,,,,,,,,,,,,,,,,,,,,,,,,,,,,,,,,,,,,,,,,,,,,,,,,,,,,,,,,,,,,,,,,,,,,,,,,,,,,,,,,,,,,,,,,,,,,,,,,,,,,,,,,,,,,,,,,,,,,,,,,,,,,,,,,,,,,,,,,,,,,,,,,,,,,,,,,,,,,,,,,,,,,,,,,,,,,,,,,,,,,,,,,,,,,,,,,,,,,,,,,,,,,,,,,,,,,,,,,,,,,,,,,,,,,,,,,,,,,,,,,,,,,,,,,,,,,,,,,,,,,,,,,,,,,,,,,,,,,,,,,,,,,,,,,,,,,,,,,,,,,,,,,,,,,,,,,,,,,,,,,,,,,,,,,,,,,,,,,,,,,,,,,,,,,,,,,,,,,,,,,,,,,,,,,,,,,,,,,,,,,,,,,,,,,,,,,,,,,,,,,,,,,,,,,,,,,,,,,,,,,,,,,,,,,,,,,,,,,,,,,,,,,,,,,,,,,,,,,,,,,,,,,,,,,,,,,,,,,,,,,,,,,,,,,,,,,,,,,,,,,,,,,,,,,,,,,,,,,,,,,,,,,,,,,,,,,,,,,,,,,,,,,,,,,,,,,,,,,,,,,,,,,,,,,,,,,,,,,,,,,,,,,,,,,,,,,,,,,,,,,,,,,,,,,,,,,,,,,,,,,,,,,,,,,,,,,,,,,,,,,,,,,,,,,,,,,,,,,,,,,,,,,,,,,,,,,,,,,,,,,,,,,,,,,,,,,,,,,,,,,,,,,,,,,,,,,,,,,,,,,,,,,,,,,,,,,,,,,,,,,,,,,,,,,,,,,,,,,,,,,,,,,,,,,,,,,,,,,,,,,,,,,,,,,,,,,,,,,,,,,,,,,,,,,,,,,,,,,,,,,,,,,,,,,,,,,,,,,,,,,,,,,,,,,,,,,,,,,,,,,,,,,,,,,,,,,,,,,,,,,,,,,,,,,,,,,,,,,,,,,,,,,,,,,,,,,,,,,,,,,,,,,,,,,,,,,,,,,,,,,,,,,,,,,,,,,,,,,,,,,,,,,,,,,,,,,,,,,,,,,,,,,,,,,,,,,,,,,,,,,,,,,,,,,,,,,,,,,,,,,,,,,,,,,,,,,,,,,,,,,,,,,,,,,,,,,,,,,,,,,,,,,,,,,,,,,,,,,,,,,,,,,,,,,,,,,,,,,,,,,,,,,,,,,,,,,,,,,,,,,,,,,,,,,,,,,,,,,,,,,,,,,,,,,,,,,,,,,,,,,,,,,,,,,,,,,,,,,,,,,,,,,,,,,,,,,,,,,,,,,,,,,,,,,,,,,,,,,,,,,,,,,,,,,,,,,,,,,,,,,,,,,,,,,,,,,,,,,,,,,,,,,,,,,,,,,,,,,,,,,,,,,,,,,,,,,,,,,,,,,,,,,,,,,,,,,,,,,,,,,,,,,,,,,,,,,,,,,,,,,,,,,,,,,,,,,,,,,,,,,,,,,,,,,,,,,,,,,,,,,,,,,,,,,,,,,,,,,,,"UPN 1-98: Unless indicated, diagnostic bone marrow biopsies from BCP-ALL patients (see Supplementary Table 1).",,,,,,,,,,,,,,,,,,,,,,,,,,,,,,,,,,,,,,,,,,,,,,,,,,,,,,,,,,,,,,,,,,,,,,,,,,,,,,,,,,,,,,,,,,,,,,,,,,,,,,,,,,,,,,,,,,,,,,,,,,,,,,,,,,,,,,,,,,,,,,,,,,,,,,,,,,,,,,,,,,,,,,,,,,,,,,,,,,,,,,,,,,,,,,,,,,,,,,,,,,,,,,,,,,,,,,,,,,,,,,,,,,,,,,,,,,,,,,,,,,,,,,,,,,,,,,,,,,,,,,,,,,,,,,,,,,,,,,,,,,,,,,,,,,,,,,,,,,,,,,,,,,,,,,,,,,,,,,,,,,,,,,,,,,,,,,,,,,,,,,,,,,,,,,,,,,,,,,,,,,,,,,,,,,,,,,,,,,,,,,,,,,,,,,,,,,,,,,,,,,,,,,,,,,,,,,,,,,,,,,,,,,,,,,,,,,,,,,,,,,,,,,,,,,,,,,,,,,,,,,,,,,,,,,,,,,,,,,,,,,,,,,,,,,,,,,,,,,,,,,,,,,,,,,,,,,,,,,,,,,,,,,,,,,,,,,,,,,,,,,,,,,,,,,,,,,,,,,,,,,,,,,,,,,,,,,,,,,,,,,,,,,,,,,,,,,,,,,,,,,,,,,,,,,,,,,,,,,,,,,,,,,,,,,,,,,,,,,,,,,,,,,,,,,,,,,,,,,,,,,,,,,,,,,,,,,,,,,,,,,,,,,,,,,,,,,,,,,,,,,,,,,,,,,,,,,,,,,,,,,,,,,,,,,,,,,,,,,,,,,,,,,,,,,,,,,,,,,,,,,,,,,,,,,,,,,,,,,,,,,,,,,,,,,,,,,,,,,,,,,,,,,,,,,,,,,,,,,,,,,,,,,,,,,,,,,,,,,,,,,,,,,,,,,,,,,,,,,,,,,,,,,,,,,,,,,,,,,,,,,,,,,,,,,,,,,,,,,,,,,,,,,,,,,,,,,,,,,,,,,,,,,,,,,,,,,,,,,,,,,,,,,,,,,,,,,,,,,,,,,,,,,,,,,,,,,,,,,,,,,,,,,,,,,,,,,,,,,,,,,,,,,,,,,,,,,,,,,,,,,,,,,,,,,,,,,,,,,,,,,,,,,,,,,,,,,,,,,,,,,,,,,,,,,,,,,,,,,,,,,,,,,,,,,,,,,,,,,,,,,,,,,,,,,,,,,,,,,,,,,,,,,,,,,,,,,,,,,,,,,,,,,,,,,,,,,,,,,,,,,,,,,,,,,,,,,,,,,,,,,,,,,,,,,,,,,,,,,,,,,,,,,,,,,,,,,,,,,,,,,,,,,,,,,,,,,,,,,,,,,,,,,,,,,,,,,,,,,,,,,,,,,,,,,,,,,,,,,,,,,,,,,,,,,,,,,,,,,,,,,,,,,,,,,,,,,,,,,,,,,,,,,,,,,,,,,,,,,,,,,,,,,,,,,,,,,,,,,,,,,,,,,,,,,,,,,,,,,,,,,,,,,,,,,,,,,,,,,,,,,,,,,,,,,,,,,,,,,,,,,,,,,,,,,,,,,,,,,,,,,,,,,,,,,,,,,,,,,,,,,,,,,,,,,,,,,,,,,,,,,,,,,,,,,,,,,,,,,,,,,,,,,,,,,,,,,,,,,,,,,,,,,,,,,,,,,,,,,,,,,,,,,,,,,,,,,,,,,,,,,,,,,,,,,,,,,,,,,,,,,,,,,,,,,,,,,,,,,,,,,,,,,,,,,,,,,,,,,,,,,,,,,,,,,,,,,,,,,,,,,,,,,,,,,,,,,,,,,,,,,,,,,,,,,,,,,,,,,,,,,,,,,,,,,,,,,,,,,,,,,,,,,,,,,,,,,,,,,,,,,,,,,,,,,,,,,,,,,,,,,,,,,,,,,,,,,,,,,,,,,,,,,,,,,,,,,,,,,,,,,,,,,,,,,,,,,,,,,,,,,,,,,,,,,,,,,,,,,,,,,,,,,,,,,,,,,,,,,,, ,"""-Rx"" indicates a matched bone marrow biopsy obtained at relapse.",,,,,,,,,,,,,,,,,,,,,,,,,,,,,,,,,,,,,,,,,,,,,,,,,,,,,,,,,,,,,,,,,,,,,,,,,,,,,,,,,,,,,,,,,,,,,,,,,,,,,,,,,,,,,,,,,,,,,,,,,,,,,,,,,,,,,,,,,,,,,,,,,,,,,,,,,,,,,,,,,,,,,,,,,,,,,,,,,,,,,,,,,,,,,,,,,,,,,,,,,,,,,,,,,,,,,,,,,,,,,,,,,,,,,,,,,,,,,,,,,,,,,,,,,,,,,,,,,,,,,,,,,,,,,,,,,,,,,,,,,,,,,,,,,,,,,,,,,,,,,,,,,,,,,,,,,,,,,,,,,,,,,,,,,,,,,,,,,,,,,,,,,,,,,,,,,,,,,,,,,,,,,,,,,,,,,,,,,,,,,,,,,,,,,,,,,,,,,,,,,,,,,,,,,,,,,,,,,,,,,,,,,,,,,,,,,,,,,,,,,,,,,,,,,,,,,,,,,,,,,,,,,,,,,,,,,,,,,,,,,,,,,,,,,,,,,,,,,,,,,,,,,,,,,,,,,,,,,,,,,,,,,,,,,,,,,,,,,,,,,,,,,,,,,,,,,,,,,,,,,,,,,,,,,,,,,,,,,,,,,,,,,,,,,,,,,,,,,,,,,,,,,,,,,,,,,,,,,,,,,,,,,,,,,,,,,,,,,,,,,,,,,,,,,,,,,,,,,,,,,,,,,,,,,,,,,,,,,,,,,,,,,,,,,,,,,,,,,,,,,,,,,,,,,,,,,,,,,,,,,,,,,,,,,,,,,,,,,,,,,,,,,,,,,,,,,,,,,,,,,,,,,,,,,,,,,,,,,,,,,,,,,,,,,,,,,,,,,,,,,,,,,,,,,,,,,,,,,,,,,,,,,,,,,,,,,,,,,,,,,,,,,,,,,,,,,,,,,,,,,,,,,,,,,,,,,,,,,,,,,,,,,,,,,,,,,,,,,,,,,,,,,,,,,,,,,,,,,,,,,,,,,,,,,,,,,,,,,,,,,,,,,,,,,,,,,,,,,,,,,,,,,,,,,,,,,,,,,,,,,,,,,,,,,,,,,,,,,,,,,,,,,,,,,,,,,,,,,,,,,,,,,,,,,,,,,,,,,,,,,,,,,,,,,,,,,,,,,,,,,,,,,,,,,,,,,,,,,,,,,,,,,,,,,,,,,,,,,,,,,,,,,,,,,,,,,,,,,,,,,,,,,,,,,,,,,,,,,,,,,,,,,,,,,,,,,,,,,,,,,,,,,,,,,,,,,,,,,,,,,,,,,,,,,,,,,,,,,,,,,,,,,,,,,,,,,,,,,,,,,,,,,,,,,,,,,,,,,,,,,,,,,,,,,,,,,,,,,,,,,,,,,,,,,,,,,,,,,,,,,,,,,,,,,,,,,,,,,,,,,,,,,,,,,,,,,,,,,,,,,,,,,,,,,,,,,,,,,,,,,,,,,,,,,,,,,,,,,,,,,,,,,,,,,,,,,,,,,,,,,,,,,,,,,,,,,,,,,,,,,,,,,,,,,,,,,,,,,,,,,,,,,,,,,,,,,,,,,,,,,,,,,,,,,,,,,,,,,,,,,,,,,,,,,,,,,,,,,,,,,,,,,,,,,,,,,,,,,,,,,,,,,,,,,,,,,,,,,,,,,,,,,,,,,,,,,,,,,,,,,,,,,,,,,,,,,,,,,,,,,,,,,,,,,,,,,,,,,,,,,,,,,,,,,,,,,,,,,,,,,,,,,,,,,,,,,,,,,,,,,,,,,,,,,,,,,,,,,,,,,,,,,,,,,,,,,,,,,,,,,,,,,,,,,,,,,,,,,,,,,,,,,,,,,,,,,,,,,,,,,,,,,,,,,,,,,,,,,,,,,,,,,,,,,,,,,,,,,,,,,,,,,,,,,,,,,,,,,,,,,,,,,,,,,,,,,,,,,,,,,,,,,,,,,,,,,,,,,,,,,,,,,,,,,,,,,,,,,,,,,,,,,,,,,,,,,,,,,,,,"""-PB"" indicates a peripheral blood sample.",,,,,,,,,,,,,,,,,,,,,,,,,,,,,,,,,,,,,,,,,,,,,,,,,,,,,,,,,,,,,,,,,,,,,,,,,,,,,,,,,,,,,,,,,,,,,,,,,,,,,,,,,,,,,,,,,,,,,,,,,,,,,,,,,,,,,,,,,,,,,,,,,,,,,,,,,,,,,,,,,,,,,,,,,,,,,,,,,,,,,,,,,,,,,,,,,,,,,,,,,,,,,,,,,,,,,,,,,,,,,,,,,,,,,,,,,,,,,,,,,,,,,,,,,,,,,,,,,,,,,,,,,,,,,,,,,,,,,,,,,,,,,,,,,,,,,,,,,,,,,,,,,,,,,,,,,,,,,,,,,,,,,,,,,,,,,,,,,,,,,,,,,,,,,,,,,,,,,,,,,,,,,,,,,,,,,,,,,,,,,,,,,,,,,,,,,,,,,,,,,,,,,,,,,,,,,,,,,,,,,,,,,,,,,,,,,,,,,,,,,,,,,,,,,,,,,,,,,,,,,,,,,,,,,,,,,,,,,,,,,,,,,,,,,,,,,,,,,,,,,,,,,,,,,,,,,,,,,,,,,,,,,,,,,,,,,,,,,,,,,,,,,,,,,,,,,,,,,,,,,,,,,,,,,,,,,,,,,,,,,,,,,,,,,,,,,,,,,,,,,,,,,,,,,,,,,,,,,,,,,,,,,,,,,,,,,,,,,,,,,,,,,,,,,,,,,,,,,,,,,,,,,,,,,,,,,,,,,,,,,,,,,,,,,,,,,,,,,,,,,,,,,,,,,,,,,,,,,,,,,,,,,,,,,,,,,,,,,,,,,,,,,,,,,,,,,,,,,,,,,,,,,,,,,,,,,,,,,,,,,,,,,,,,,,,,,,,,,,,,,,,,,,,,,,,,,,,,,,,,,,,,,,,,,,,,,,,,,,,,,,,,,,,,,,,,,,,,,,,,,,,,,,,,,,,,,,,,,,,,,,,,,,,,,,,,,,,,,,,,,,,,,,,,,,,,,,,,,,,,,,,,,,,,,,,,,,,,,,,,,,,,,,,,,,,,,,,,,,,,,,,,,,,,,,,,,,,,,,,,,,,,,,,,,,,,,,,,,,,,,,,,,,,,,,,,,,,,,,,,,,,,,,,,,,,,,,,,,,,,,,,,,,,,,,,,,,,,,,,,,,,,,,,,,,,,,,,,,,,,,,,,,,,,,,,,,,,,,,,,,,,,,,,,,,,,,,,,,,,,,,,,,,,,,,,,,,,,,,,,,,,,,,,,,,,,,,,,,,,,,,,,,,,,,,,,,,,,,,,,,,,,,,,,,,,,,,,,,,,,,,,,,,,,,,,,,,,,,,,,,,,,,,,,,,,,,,,,,,,,,,,,,,,,,,,,,,,,,,,,,,,,,,,,,,,,,,,,,,,,,,,,,,,,,,,,,,,,,,,,,,,,,,,,,,,,,,,,,,,,,,,,,,,,,,,,,,,,,,,,,,,,,,,,,,,,,,,,,,,,,,,,,,,,,,,,,,,,,,,,,,,,,,,,,,,,,,,,,,,,,,,,,,,,,,,,,,,,,,,,,,,,,,,,,,,,,,,,,,,,,,,,,,,,,,,,,,,,,,,,,,,,,,,,,,,,,,,,,,,,,,,,,,,,,,,,,,,,,,,,,,,,,,,,,,,,,,,,,,,,,,,,,,,,,,,,,,,,,,,,,,,,,,,,,,,,,,,,,,,,,,,,,,,,,,,,,,,,,,,,,,,,,,,,,,,,,,,,,,,,,,,,,,,,,,,,,,,,,,,,,,,,,,,,,,,,,,,,,,,,,,,,,,,,,,,,,,,,,,,,,,,,,,,,,,,,,,,,,,,,,,,,,,,,,,,,,,,,,,,,,,,,,,,,,,,,,,,,,,,,,,,,,,,,,,,,,,,,,,,,,,,,,,,,,,,,,,,,,,,,,,,,,,,,,,,,,,,,,,,,,,,,,,,,,,,,,,,,,,,,,,,,,,,,,,,,,,,,,,,,,,,,,,,,,,,,,,,,,,,